hBFA1:21C-R1,hBFA1:21C-R2,hBFA1:37C-R1,hBFA1:37C-R2,hBFA1:48Hr-R1,hBFA1:48Hr-R2,hBFA1:FLC4-R2,hBFA1:GlyEtOH-R1,hBFA1:GlyEtOH-R2,hBFA1:SC-R1,hBFA1:SC-R2,hBFA1:YPD-R1,hBFA1:YPD-R2,hBFA1:pH3.8-R1,hBFA1:pH3.8-R2,hBFA1:pH7.3-R1,hBFA1:pH7.3-R2
0.8083352197331926,0.8415510718715421,0.5678609801863499,0.6854563686998276,0.44313575176847575,0.4761561788225125,-0.36212430080306435,0.5254195487541056,0.5784957545073599,0.6491899949286846,0.5965075406140242,0.6968407102024508,0.6814569692142176,0.5346817203078059,0.6043407791944168,0.4237487973186019,0.43070321453983434
-0.042726140467880515,-0.06966627368248035,-0.1663294210958812,-0.1012825807711119,-0.06470559340487948,-0.02808817294087902,-0.4892282538669163,-0.42212742784992363,-0.34858816732496994,-0.10410545392831483,-0.12746863372739656,-0.13709086074818963,-0.13194013210401861,-0.17477493712995137,-0.1327612390250117,-0.08461445259503679,-0.06100677004569011
-0.09286044467821293,-0.13354668495799898,0.1599912411861475,0.13314596512119448,0.30810771093940026,0.3436717391493531,-0.1428884801581991,0.8905969918304267,0.9576004746006179,0.416430387687684,0.5296980287072539,0.5113805069339121,0.4973587266893034,0.4399033530401481,0.3563068187307478,0.06832353982212983,0.13068317851663097
0.07952136658678545,0.0977236510969879,-0.33495032130811425,-0.3395227854682302,0.03861551900245144,-0.022061446821000072,0.2642021785465918,-0.3545972213757016,-0.2883941286784231,-0.010123447041615106,0.015970942342811715,-0.013472591509059129,0.038417177359851805,0.10520989592007786,0.013162137851129836,-0.0587795010604773,-0.07635936856262308
0.6886184497838503,0.7320428863855917,0.291184701770096,0.7783761224526036,0.05397510976117366,0.35079208714306737,-0.35809226120694626,0.3146478426640099,0.34023923854797544,0.8078059515648831,0.5813440442581548,0.6882637696994837,0.6799098633339964,0.1700656458648757,0.560656554932736,0.4089452917744745,0.41844038224136676
0.47354738225091647,0.4822547164081902,0.22497190966723798,0.31092975977848547,0.32445326012666453,0.37846232457612833,0.501123835159079,0.6769135791028317,0.7025808935766433,0.3544070406292245,0.40695008733287635,0.41026256742032907,0.3930439858786582,0.273853779006067,0.33353660675976116,-0.15791129120452352,-0.1389227150719789
-0.03101595169575777,-0.13755576295792174,-0.8445348556378369,0.6795719685654373,-1.122692217716482,-0.015741865520224885,-0.28234370901479455,-0.13964758147699424,-0.23235197552484824,0.9894019572616829,0.3368589155710531,0.4821418239993477,0.40161564477251915,-1.4483492007422842,-0.11267284142271723,-0.23101723191613982,-0.17520839718384937
-0.03177353327116391,-0.034494208922431165,-0.04684917908404077,-0.04998161678384011,-0.0306473624295312,-0.00025017767826161574,0.0920002806353245,-0.39117181982199334,-0.3241122373727419,-0.12184374000184738,-0.09036409828802203,-0.10607963520643006,-0.09249017244055072,-0.06216813874859132,-0.12293183806737946,-0.33100981790216605,-0.3417764449276928
-0.02685031212961973,-0.011278103741693205,-0.06917598599075372,-0.05595143563658504,-0.09172460526629181,-0.07233582123082566,-0.4066774074722795,-0.4288209318222747,-0.34899496557653725,-0.08721444807366195,-0.06876922050309021,-0.07752416674765168,-0.07018636913216401,-0.08268517331037444,-0.0645208418129589,-0.05330863736717722,-0.051459871695188245
-0.08167892062879929,-0.08547301276718049,-0.15732278289201362,-0.08143886953856325,-0.12268172627680925,-0.05120290083090272,0.15611112776505026,-0.40546446012552834,-0.395179039094643,-0.088093697651555,-0.12329954023470983,-0.09252294755473482,-0.10398310283770214,-0.21476115242101157,-0.15207003321744805,-0.42511076356803035,-0.43546509283314655
0.001978531485598291,-0.05037191258352612,-0.35022020965043665,0.5315752819196597,-0.5648540924828493,0.13945926551635174,-0.2706233234177341,0.08968572114306014,0.11675913578427222,0.7091377697527067,0.3592199151106785,0.4726978014613059,0.4160410260882888,-0.7900268172589368,-0.017077392773475912,-0.1817860223640684,-0.14445094675909378
0.8121316726732053,0.8735209542737159,0.6350179417037168,0.5423283621784036,0.5810100860074751,0.4992146049116911,-0.3776149870890906,0.5226358920741877,0.6398454117007765,0.5265874571198694,0.5901841921266582,0.6766768870617559,0.6768320432743637,0.7283497388743085,0.6286985540696515,0.42962220874003954,0.431070177464568
-0.2179481608958941,-0.2470263301529928,0.04157829588543601,0.14676500992801134,0.16741899750461275,0.2630660940631806,-0.12500278343503674,0.7265593057302573,0.7194707957967358,0.519608839962267,0.5366205661716297,0.4836392735537269,0.47073782650467866,0.2962307971307579,0.3733342571315823,0.05657215169703882,0.10875115786115909
-0.022356852736479332,-0.006306436822199199,-0.017540907767446563,-0.012483086908883579,-0.09196731252593594,-0.04787213987221521,0.14458466113899804,-0.4039114275670883,-0.3428887972857479,-0.09758814420017974,-0.09353586571355638,-0.09969916296306747,-0.06897066450738544,-0.04921998392590571,-0.09518249525781525,-0.1942388241499873,-0.2057589156632595
-0.17022562345258813,-0.25132155595714767,-1.0795920050454888,-1.3266243072851478,0.5571000000584694,0.3220451543090707,-0.09422696498962567,0.9894780231809305,1.0244887239011213,-0.03512773348500635,0.2134652660879673,0.20281110753805742,0.2078480938038858,0.6292547547486701,0.14545138413713662,-0.3297227231335255,-0.2569769516634292
-0.04512903934640887,-0.09439341072999424,-0.5877547253004359,-0.5415415068212514,0.13775965349765312,0.14416618571134185,-0.3370099651785189,0.5277508882168683,0.5341869225613536,0.15343300595458986,0.1999196497157013,0.22504444690696826,0.22826307791488865,0.15432416791847173,0.07209757948994969,-0.1968583871519353,-0.1516977882933983
-0.019185313067848295,-0.02969923831731143,-0.08887259769481491,-0.055246166669267946,-0.0899769599586973,-0.02252632580487671,0.11824777638347278,-0.37235785709736247,-0.32932121454717195,-0.09540154945416666,-0.09687109790918993,-0.09299884449904629,-0.08354068207697928,-0.10699338234999616,-0.10118122915831869,-0.25022371701916385,-0.25995872521865904
-0.03432772698045581,-0.04717619100560653,-0.08366713064713416,-0.05687396529540375,-0.05441740046607137,-0.006020512682891775,0.10966952441581279,-0.40850396424469243,-0.3748747562391081,-0.11322680280849462,-0.10084269888297338,-0.11849197349006525,-0.11077044115520808,-0.10188501212884504,-0.11536639872380357,-0.3311521983549214,-0.3327928252113583
-0.10113988479714016,-0.08520555457485593,-0.11978408849941781,-0.13164011000511075,-0.06494181416254573,-0.017036299865433514,0.12035576028182063,-0.5017715172294681,-0.49318764859974557,-0.19038963529064004,-0.161562735363674,-0.18968120087341256,-0.18172739315586695,-0.12923000382466426,-0.17342808663889386,-0.6048977990419993,-0.6148670728580801
0.04869769449401243,0.03454961405300254,0.07352135368893976,0.18197187723534378,0.19564770263208087,0.22493088486680132,0.29842152104833525,0.5258416331180955,0.5648368275531218,0.19491763226971934,0.2359474909509705,0.307438844221244,0.29771885353765554,0.12722792732095872,0.2313907425244878,-0.15029145270241248,-0.14158815706147543
-0.0444467921683599,-0.06031334278014983,-0.11761191542823554,-0.07044233739980348,-0.08194945840785367,-0.021956319663294237,0.18656931292001552,-0.376052936262504,-0.39639655362583803,-0.05661283721766429,-0.08272428189623053,-0.0858836733519331,-0.10262755954686065,-0.1676268646291972,-0.12924335492376404,-0.3602058944037716,-0.3362678068183783
-0.03375993799941749,-0.05828033887277826,-0.13197129202831434,-0.11642060917648246,-0.027810558432905908,0.015215119782619801,0.10543068630906172,-0.4101535567369212,-0.37166154012539354,-0.12441337618362733,-0.10949484022603392,-0.12989076591829496,-0.12964102576718914,-0.1285873168895143,-0.17606412802590363,-0.4843210519632921,-0.4780637874004528
-0.10810043561053066,0.002132433480281902,-0.5474282620038344,-0.5320960757215347,-0.05020369096629429,-0.39352877247120494,0.12851785378360864,-0.5438817948050788,-0.4140010476265637,-0.07605977996539315,-0.04088543402142429,-0.012448850859750544,0.03702350473843067,0.10952410081047807,0.102854166964245,-0.09325218083956092,-0.09471736354204098
0.011876897098027278,-0.028261683312572165,-0.08228841122332771,-0.003935898899530166,-0.009651658681652922,0.04205072595035309,0.15437005446117436,-0.10230876627049947,-0.0766879028396024,0.020792800691013216,0.0078643107668519,-0.0335899610777266,-0.030297132422242815,-0.07019666454461877,-0.04737911880921593,-0.5038340453029688,-0.4895429352414012
-0.042654295672404835,-0.04217343394949931,0.15738704023107397,0.25911890706056945,0.11103997090441273,0.18157319088109758,0.45542664684390116,0.19556923172941987,0.19389492130086974,0.27999504694517496,0.22638631548160873,0.1940977681624608,0.16992606655438652,0.1295000296739564,0.24094509405979422,-0.26347389495121204,-0.25279895228185123
-0.03882849388202269,-0.09750540369826821,-0.6096982610478916,-0.61535794592314,0.17966734346096128,0.14353751795999287,-0.37325182385918887,0.5565414510209252,0.5437627102254061,0.14931965022265442,0.1929507956748769,0.22003995393679449,0.21766138991546427,0.16016233281822378,0.07707923111762546,-0.21441244092749343,-0.15905408434762316
-0.005991527153720964,-0.021206950478763073,-0.05783086724115749,-0.030344492653068045,-0.05654300430710768,-0.027242206870480474,0.1095236197969745,-0.4024340338098642,-0.337257430108612,-0.09065529994028364,-0.07670059045499407,-0.08760064325920697,-0.0784779821452,-0.07159593438678373,-0.06858706618908077,-0.2196675587478378,-0.21527786870496382
-0.034028325287016714,-0.09776552475093363,-0.5340133291529126,-0.6277342578315087,0.20419107570936168,0.16933795991752265,-0.3235653217847568,0.5767504311106949,0.5755309616030042,0.13989480889262174,0.19051508404269255,0.22221177471312453,0.21698191393459595,0.17970293228027628,0.08942660209778845,-0.20528653564684382,-0.14981247045152213
-0.04045538663954759,-0.09617913513037563,-0.5322734421909244,-0.5909550446513493,0.1812801812134075,0.13338400828734936,-0.2654858361683242,0.5851929717783194,0.5626049664820943,0.15663962073863077,0.20992646242668633,0.22548331635762364,0.22249623586248096,0.19299097867849072,0.13808343406552534,-0.21342598110969585,-0.16108358757190866
-0.007372781146289751,-0.021243753030030683,-0.10812660724011214,-0.1231065827343226,-0.022457540699940916,-0.00868825243172484,0.1430891977370082,-0.3609980764608829,-0.31351608269965064,-0.15682699412828946,-0.10955078438161087,-0.10568220851084986,-0.07816738346844464,-0.057627492300576094,-0.11882058811544377,-0.45938865077354735,-0.46646299973366895
-0.05445549098663392,-0.07814548015806194,-0.1709654880795546,-0.16053087343382136,-0.012798431455197193,0.041724790936625816,0.12943118734134854,-0.4362600427697463,-0.3747454698965251,-0.1255385074034755,-0.14353672973247814,-0.11941996005564816,-0.11996315584313315,-0.1690609354768361,-0.1855713105642137,-0.8328150120594379,-0.8334260715846322
-0.04412038367580567,-0.03240703912934817,-0.04950290107145161,-0.027616029811935786,-0.0864638649516997,-0.01850159156519641,0.07861541967283076,-0.39936456058532804,-0.33382380709476905,-0.12293520685976776,-0.08969201930513278,-0.11206721868594169,-0.10112132091423458,-0.07997780349617557,-0.12178824684239292,-0.30171086309303474,-0.31563989549286664
-0.020206433262913392,-0.06334856196896049,-0.5620646016338772,-0.5630889958488976,0.1672661239484389,0.14297842879794506,-0.40590475703813417,0.5412075497833359,0.5555191255010661,0.14798414328766993,0.21051435019565237,0.22874117020780002,0.23708124408219391,0.19743953019045904,0.11185985477729947,-0.18385312944923513,-0.13792917057009535
0.03500171678990578,0.05437348336042704,-0.019177514437382418,-0.049338313973224426,-0.021100489479981225,0.017227791293638006,0.19453124196666777,-0.41468796479252856,-0.3807981645604491,-0.10433385162991524,-0.07307172163194305,-1.4895583210652539,-0.7546929629328775,0.005782502941253322,-0.06171211497833394,-0.10301895077674608,-0.10541037413824526
0.7726773449333537,0.8683755173185266,0.6720772322157857,0.6878401242318948,0.4342362143837402,0.4300722064745934,-0.5195079357926078,0.4030414758038015,0.5684201363901771,0.515193148265617,0.5831728419804298,0.7213417074979923,0.7067886844479696,0.6692346761338795,0.6108369239540782,0.4844098209511971,0.45910096336951856
-0.0442567662064343,-0.10419468338171153,-0.5663817912797505,-0.5877535246515825,0.14350742122104596,0.1276201220308581,-0.3014245123249493,0.5462638975440259,0.5380931634768974,0.12863911432982,0.18472112685540176,0.22382979155273844,0.21165676416703727,0.18003350754911018,0.07875392862630434,-0.2113401163470993,-0.18454645805930686
0.45906913101733887,0.5146719860701521,0.3430097011575495,0.2927614697193605,0.4144424032415063,0.3970042644232392,0.5186180270033653,0.7376964222062926,0.7533595190412571,0.3102617861851154,0.39043381207654,0.40184464736826836,0.40340546711342284,0.36634076830070167,0.338680678738099,-0.14634692671274882,-0.10394048096709328
-0.020890982969607234,-0.02604955547756797,-0.04357985021567668,-0.034776093780941736,-0.05103564581370265,-0.02394860262318306,0.13279067277075643,-0.33939234745793023,-0.30529774203338633,-0.10519662667922562,-0.07767848333360976,-0.1199677585115088,-0.06739845274257061,-0.06975642062586336,-0.08435082139038612,-0.26485736368447954,-0.27189047388865467
-0.21003705612999637,-0.21111700078153237,0.07894362966336844,0.08288459498682872,0.18105133723500108,0.2478520405395133,-0.15626184754355318,0.7273521682478945,0.7130034234246577,0.41987017038229124,0.45888470895843125,0.4299980193046722,0.4306306477360163,0.35081458185575526,0.400702836975032,0.06945685989140686,0.12390530292774274
0.019097130343443017,0.017179526772545424,-0.006807649128312627,-0.018092447380686952,-0.012012028717501774,0.0007465145975343645,0.21633581808086574,-0.3532780445109892,-0.3233715351221289,-0.050184297345001,-0.012349447384972985,-0.03940463403759524,-0.04654168976892001,-0.0026920595402312843,-0.030610256878179167,-0.027877477839002473,-0.04420176697627927
-0.32481651530733474,-0.35710725168987373,-0.05498093741672432,-0.07091351687973772,-0.1119808663500498,-0.10267311456497448,0.1150266885471769,-0.4067595670322118,-0.3386755016592707,-0.15951123992106156,-0.16587711192890514,-0.12087194674922352,-0.11472732683933537,-0.1496486230063123,-0.19045803818358586,-0.05772577796964034,-0.06530920674238275
-0.030115526250889653,-0.019333034392272352,-0.09988040353378486,-0.0314088101289609,-0.0658882776662316,-0.014653379845304926,0.06434809549745732,-0.5201789387347504,-0.43603874087236716,-0.1009162285767854,-0.09956233035461415,-0.11526894269678951,-0.11177959911669638,-0.1692827276148142,-0.14905929124978018,-0.3108675081611731,-0.32554111365390426
-0.030067401956035893,-0.04585536945460767,-0.10114055909667238,-0.05241323131117781,-0.061034673167659266,-0.0021912938788310196,0.11674286744688611,-0.41731857753498575,-0.3127950235535681,-0.08996006392054437,-0.08722358692272453,-0.10509180825461224,-0.08182312369624048,-0.11729112765328065,-0.1096578558245517,-0.2615482217962564,-0.26748839122236684
-0.21848366283481246,-0.3423445322448442,-1.817275604946369,-1.2711724884371771,-1.0189030522564695,-0.11279486871970548,-0.3256734653239278,0.4607266749655842,0.467149562681149,0.07539108824317692,0.016948116111761787,0.20796654224271713,0.1910470100167244,-0.08459055444784074,0.041472900863354055,-0.5098270511573889,-0.4183644548527127
0.02953389147167438,-0.0019965173850515707,-0.0008545649658813151,0.3635839678982886,-0.12908044884448186,0.1752340551881492,-0.2840607085509224,0.40558602101911817,0.42812852964317294,0.4224303556783121,0.33628594245374444,0.4158920933967434,0.38007481705697604,-0.20492171257709085,0.04241500113857873,-0.13372909368643837,-0.09536716882019089
-0.057390902364863244,-0.059230089530268884,0.4832630548401726,0.10136876042790252,0.510426906759771,0.3122537606654891,-0.2943777993211639,0.5821592149343587,0.6545095381692103,-0.07249402802386327,0.11884029445667701,0.1867833305158436,0.1932860169871347,0.4574557155503858,0.05462078843396167,-0.08670028246556631,-0.07175985338698303
-0.03331538535387575,-0.1239767879090061,-0.05860249393175249,0.41273124239078635,-0.2663669612072624,0.05534787743911233,-0.34885491145166264,0.22912337921645967,0.2190577164079152,0.47066420142127846,0.30868009586887724,0.2531922321191201,0.24653446413166294,-0.25597401175450757,0.12742282016635836,0.04192875732244477,0.08927091454542051
-0.03736063542771777,-0.0491727227937171,0.3309833077381647,0.2995358351468617,0.20469796806104046,0.1710791448926935,-0.13046742329225722,0.05074989216037708,0.162853526062555,0.23690134786227662,0.28847564960576083,0.20100118793198263,0.17927152094646104,0.32092440683586687,0.29675678960015645,0.22990672896403172,0.2279190779415131
-0.04069923960672102,-0.04962865553930728,-0.07048545811008129,-0.06482428164327525,-0.06231614817997502,-0.02412431113005792,0.05628835416838085,-0.43731597978519277,-0.38978966579687385,-0.15103249079249753,-0.11731163826318546,-0.11880867907261301,-0.10673391915190122,-0.08908542255349075,-0.1262820316560795,-0.3803931351065651,-0.38505965894916927
-0.19475180165733705,-0.2731892994658532,0.05248636275157033,0.1367928631771828,0.018172309725652182,0.05313504516394863,-0.38147343877280676,0.5528375502818986,0.6044596738377477,0.12292614811297967,0.09746275340589983,0.34577978588025154,0.33785238103574117,0.03652409127690035,0.026263112431614336,0.0358757136808891,0.07948792683107636
-0.04808782505082326,-0.09810378650537677,-0.6870907116648445,-0.5357889986965532,0.020931260424182797,0.13119958008221275,-0.33585000847334556,0.46123297439827154,0.4496784977139666,0.19499120583081664,0.18857211969290577,0.22805987799009253,0.22195924780612658,0.0054573469805280946,0.07272708763506053,-0.20159344584947422,-0.16344834409613554
0.0014057387048730672,-0.006802336170179934,-0.06128887981407536,-0.03576425413144525,-0.04858708029203331,-0.010692481895817148,0.11604149025830376,-0.3771973375819213,-0.32257410669635334,-0.09026596960938361,-0.07016126420132623,-0.08698283439269687,-0.07641717901769458,-0.07690417083001509,-0.10312453484110606,-0.2438468747108878,-0.25316593383399705
0.3694270029339569,0.3990545524347126,0.5348265046165108,0.5196989206617207,0.4421288461392271,0.41669623622375546,-0.272905662215881,0.43656605830118334,0.5282808771388613,0.46654712623135614,0.44875802480111265,0.5547823533773469,0.5512737034971398,0.5443992994844618,0.5126189667519176,0.42204444199769303,0.43806052192892053
-0.2310832776228211,-0.20607844517139362,0.011187280229013588,0.11950515953762983,-0.1095907725191663,-0.0030430448494271267,0.14752519133804765,0.39734554082108403,0.43295115956132485,0.11215182813445426,0.1023306450289478,0.16486968831049045,0.13556403291174238,0.013646670796241114,0.1288636648558039,0.02917810313760462,0.024490700959167812
0.013485112436072897,-0.02571343318301924,-0.13797891906956425,0.18085845946978063,-0.18158995493107233,0.08601844927008956,-0.24896908095279716,0.3614822629788284,0.33355326274278896,0.296224679992847,0.16400995940382646,0.3204918853231886,0.2947575874174063,-0.31816993665096677,-0.06344365759726898,-0.2419218921742558,-0.23735142409267276
-0.024873983835419486,-0.08163957462203995,-0.6067023858087668,-0.5625603464720115,0.011479763051051086,0.11894512749912631,-0.2926121444887498,0.48077159043237633,0.48304183920472304,0.19360432419587253,0.2244318266237267,0.2309477897515427,0.214150273468772,0.07292471635250407,0.10680736100505087,-0.1889035132589487,-0.15378070642372804
0.08619878307001722,0.05267597606139068,0.06547493636471723,0.06456452243792471,-0.020312022201660847,-0.01105010449970483,0.0018724769496126364,-0.44124027733842025,-0.35881387124914405,-0.018410949785680204,-0.00138832247256858,-0.15184863403760804,-0.12119604462601347,0.09459911161935065,0.07002571351174021,-0.4574162154534925,-0.46122444054677325
-0.012322310568151133,-0.06258824314156082,-0.6240966427542739,-0.45139105931226786,0.04329530040979495,0.0771388301202138,-0.2942307838876099,0.4826722047503924,0.4455290483110762,0.18459732788169667,0.16674854632223043,0.19562909627388522,0.17605795381677933,0.0097014818816802,0.0958943385180967,-0.19963098202885737,-0.18670104486739952
-0.036433301653799294,-0.12259193721880753,-0.7039639572314023,-0.5515099772922936,-0.0018271580125709239,0.11690094240851143,-0.2920569851838939,0.4796224831524074,0.4618558737665827,0.21714181784014203,0.20240243505353825,0.2134081894652302,0.21094651082134078,2.0998356880903252e-05,0.06587635454801617,-0.22264805274048025,-0.17703954104250386
-0.04306315654340447,-0.12374427091465613,-1.1365194211968213,-1.1665636969530642,0.013583562325358718,0.05490578258540774,-0.3738196392382911,0.4696808266222247,0.44848321852906486,0.16344287299407045,0.1874875783894825,0.20164832274102099,0.1984025481435308,0.06940320669096349,0.08911675385633518,-0.16627461153390552,-0.10264936131311093
0.026556271380146133,-0.0004497850646896292,-0.016152693374283444,-0.06156237210930663,0.04969310783699792,-0.0049476437135199955,-0.4176064743737884,-0.30620453611837173,-0.2700295028211906,-0.07828484268389424,-0.019088459869775778,-0.06364414714868644,-0.04572862278248905,0.05552030055573768,-0.06376647656267748,-0.01637371661687373,-0.027848151682708735
0.010782380604530597,-0.009089989576936932,-0.20768451683123923,-0.17239510959028467,0.0009931473106480888,0.01308924685097629,0.10882012001641597,-0.35514480392277875,-0.31550444714764714,-0.11001077884304988,-0.10527015538457433,-0.12025001729896527,-0.13013285567710747,-0.13924982317930726,-0.14633933232574003,-0.3249943195663952,-0.3203260115737671
-0.06902291860708361,-0.05171252702011895,-0.061599853913836024,-0.11028256041137084,-0.05252971171071504,-0.031459416875771876,0.11327151844650664,-0.3578155579927887,-0.3461970040678903,-0.1569162440487734,-0.1208933447398896,-0.1424286501942547,-0.132363058352101,-0.10731590737316848,-0.1502639337560866,-0.32477315674778434,-0.32456884878379755
-0.026292508431552848,-0.05006688445222228,-0.1558298475138226,-0.03577353857072152,-0.0924902980341336,-0.019493913785916563,0.09907415783813273,-0.4877679594855956,-0.36040603571384844,-0.046505325576454745,-0.09238320328568211,-0.08586809333015505,-0.09062467223354702,-0.2097787114327577,-0.1613067298091321,-0.29562246731070346,-0.2910225502693532
-3.209334051160592e-05,-0.0001256411496922841,-0.14681714427160458,-0.10984292410684213,-0.022509004020604576,0.016285258347240678,0.1546576004561681,-0.4572913472120452,-0.44194538769297254,-0.12069728349558488,-0.12146445773704817,-0.10617627531714918,-0.10575637076262144,-0.1536239338013611,-0.13800045105994535,-0.5617846734078981,-0.5516076565071096
-0.08969211163584793,-0.12547045665459225,-0.12023490006628472,-0.06931125615593428,-0.0912089933762593,-0.05508582853939123,0.17569944916607738,-0.5857814612135811,-0.43146171594010124,-0.02465525748834647,-0.06204694453596102,-0.07729464575975038,-0.05646696287425029,-0.1769908616073698,-0.12380745654500104,-0.04855850771548305,-0.057457812228546096
0.053248865970639554,-0.005430540415804095,0.10720070778660756,0.18653230576719362,0.09007696054270939,0.15369332655108872,-0.29787043340838765,0.5048104640693415,0.5343307696506067,0.2076247635225277,0.21709548607385412,0.34561239959547174,0.31117123592768386,0.00808540239883537,0.024886135429215882,-0.21679493723273713,-0.19053973143441064
-0.2107159202660828,-0.2368890011714555,0.496399817005308,0.5485033882271658,-0.11782695526532408,0.005426635904189935,-0.0003297650954154352,0.8773926649378373,0.9081564899138845,0.3636137249241893,0.4340531570748351,0.44493367837593156,0.4110773319901203,0.33740511113312965,0.28766051558340155,-0.06526051216696721,0.04768763523694867
-0.04591055954359768,-0.1077693020928086,-0.6314742007223695,-0.6845722323725946,0.11081787267748837,0.15148312138390216,-0.32429756382799363,0.55053199597446,0.5338087882744004,0.1710978868337241,0.21786809089692263,0.23097185706404555,0.21266294034180538,0.12792373655654912,0.09678292103761667,-0.20876456305828361,-0.15808894464090523
-0.08255901290182431,-0.08885941016688721,-0.5692874228947545,-0.5481732523283731,0.13826540691377742,0.09638472136795576,-0.3685949796773823,0.5409083297497357,0.5102179181695161,0.16871187905942014,0.18469896330935648,0.22965343882778635,0.22912888351787164,0.11639850614287085,0.15443069952033775,-0.20482346401001858,-0.15798362774842126
-0.017738318876055616,-0.04509487826645852,0.34521687402969864,0.2713438057821056,0.20379111174161463,0.10933163882704136,0.0704315644501161,0.23563896930966466,0.300315769984754,0.2806514148664126,0.3051581651957785,0.19876823047371087,0.1729950196947641,0.37661783757452694,0.3134917589773004,0.23000518804428458,0.2224693744014687
-0.021280796190161818,-0.023054758161625902,-0.1260753817135545,-0.1382763460234573,-0.04433352543549002,0.004234394623158476,0.10781600309850693,-0.4956431025781245,-0.5493580516866515,-0.16202317568071983,-0.14896305241206523,-0.15296846125246005,-0.11706953320034069,-0.09510340128552076,-0.14210812815035748,-0.5652194124899627,-0.5703773276551196
0.0007765651942099947,0.0013673440459995286,-0.08278752354928273,-0.09370003988567314,-0.007839607397974215,-0.013513221612541747,-0.2967667110393545,-0.3146752757515319,-0.24520742533921214,-0.0700008918604891,-0.02590214683511563,-0.055222086009890765,-0.05758281499194066,-0.01610655272540912,-0.08438830749047967,-0.06193472673301365,-0.06371939551054327
0.21406440698968546,0.22216656505297802,0.020617359645522335,-0.003194187854959082,0.0543444203416724,0.04270931146027839,0.22856202565169184,0.15703130968363152,0.17126644269340818,0.1005135919069715,0.0707211115601037,0.037966831185736516,0.03726960143532948,0.03339818850005905,0.01507176320045694,0.2607705060384,0.26349046882810284
-0.36891398054100005,-0.3941744547231466,-0.17119376481839196,-0.11158722558200958,0.010193997726302001,0.11661476861296899,-0.4547912854823464,0.2651392188254331,0.2862619450668777,-0.08925927478046583,0.01698627778774807,-0.021628153369524433,-0.023125569710034453,-0.07968872264793059,-0.18129549375841733,-0.41398348722741857,-0.3215957926992947
0.010533815379315747,0.00756598388548344,-0.05383649696747419,-0.05495449096726972,-0.026037848805885652,0.008242089200858846,0.1152222380885305,-0.4541736491366197,-0.32143353469161307,-0.10701475262556859,-0.09924727205868157,-0.10616341239482907,-0.09016015814466483,-0.04324739336509938,-0.0789373318126121,-0.2619792796296107,-0.26671644141651357
-0.008713207273705515,-0.047481383988141855,-0.13708252579228433,-0.09203245257359996,-0.06518472195935054,-0.003040615319445233,0.14515303387682163,-0.4589835148990992,-0.3796051136427499,-0.09338729256644519,-0.13297598579595682,-0.10658105137373287,-0.10080506876535156,-0.1879289969220163,-0.1668884616087176,-0.4119492588068748,-0.4202168706745492
0.04307836311320347,-0.002965057883624476,0.3258953713412319,0.36483785850174766,0.13980817988565183,0.12422951146436702,-0.16068134502793952,0.03325045060172004,0.12559223904762962,0.28959229857574004,0.31406290384804714,0.22694268086880445,0.19977195645622964,0.28611552311001975,0.2716930099051723,0.21134240625991774,0.19982335507895682
-0.050527563732221455,-0.043790183728823075,-0.03765518794772232,-0.09993960092786704,-0.012944058603042777,-0.027736867464478912,0.16082912782853573,-0.33121837634065115,-0.43752966009114713,-0.11434446482889525,-0.14164436199909308,-0.10794070190923802,-0.09691952701036131,-0.1503943349998178,-0.1384639207509809,-0.4245844138510491,-0.4406178059434016
-0.04867790261280323,-0.11419763063307076,-0.6450252810668697,-0.6047271162865737,0.07590759045408998,0.09685202937101538,-0.24182932426341286,0.5355200205001486,0.509885082548748,0.16981434189680442,0.19202898964655596,0.2271196934482508,0.23522908125964104,0.10879239808635066,0.09321442928379288,-0.18765760655067815,-0.14529605730315487
0.013944793014405819,0.003912669580646203,-0.07446323697043512,-0.04647428443380559,-0.01873471485462046,-0.00258829837744131,0.12924855199738033,-0.3292266598003076,-0.30427883555351176,-0.02250940172681951,-0.019423381591819427,-0.06363803574973388,-0.0603193286324066,-0.04824145167395892,-0.041053482068374704,-0.02242169397422786,-0.03208430999691852
0.0046487938587495385,0.009262510523097078,0.30105367707238095,0.3535328868743592,0.05776192664733553,0.08739940406325514,-0.13843119724479333,0.055397596626439165,0.10994116547960447,0.2921831079141395,0.30465545808584843,0.2172612265138235,0.2016196970479741,0.23542853244363782,0.30389297142491756,0.19529115810539296,0.18584141399839693
-0.053624060055751765,-0.045336337837934136,-0.09761010258026374,-0.08247716978112014,-0.05924413352051202,0.015891568587830487,0.10659684468001583,-0.4317555011410339,-0.37755187043924926,-0.1317027750999533,-0.11816085114734926,-0.1438491485501912,-0.13226630996312905,-0.118087690465924,-0.1533753172967022,-0.4432752574511222,-0.42717981569793995
0.24544029053987632,0.24628340557321715,0.00590604987947852,0.009506116085082247,0.060183250011082774,0.06737818786068905,0.1839798245417293,0.14215891819543305,0.18684558395178627,0.07609192016493288,0.09325427358768519,0.039664428421327266,0.06807003133425743,0.05333132305409077,0.01093328943554789,0.2644442251389173,0.2748305988034237
-0.04963495863213088,-0.040649298827812534,-0.07244144199149526,-0.05385567189932642,-0.043656860190436936,-0.03190493023284547,0.021058456518791402,-0.5256630790157736,-0.38983728154250374,-0.15166845544872368,-0.11182912301740552,-0.10357526252180287,-0.09523822241862179,-0.1485917236656489,-0.14138365888498886,-0.39667600202244796,-0.35448895878124986
0.012943349235750341,0.004192869798630973,0.25803827321802547,0.3330803876370233,0.10285139952781976,0.14249152286394057,-0.2323935466816806,-0.05891125789643906,0.04035568561205656,0.29519287268781563,0.2889312329070536,0.1839934528868539,0.1667448193132106,0.20928497468119472,0.2660723917178667,0.20579679568901668,0.22656475558553094
-0.035273439465571044,-0.036643333764850815,0.3683763192232754,0.34339146069174514,0.09220484600987149,0.08019605215225704,-0.16465726382666704,-0.006569577381495909,0.13142168196062864,0.20577031662137973,0.2815111876495929,0.1968744353530319,0.18412432807960286,0.3619780322650523,0.23467292951746885,0.25373190916569605,0.2349001695644557
-0.016440325429239712,-0.04589680242253913,0.32845839324922976,0.3662920593805197,0.13398839547354346,0.15698689051727363,-0.1676549255760661,0.03704556961812054,0.11596448615511723,0.3066189384052669,0.3326851212883775,0.22869166372002972,0.18499063675710603,0.27368766097232844,0.31215146477022526,0.21132759525283937,0.22774641957548292
0.02772182137838568,-0.007517427060053665,-0.044789363369142014,-0.05114470249412117,-0.033672798686157385,-0.02761814828058547,-0.470192368818384,0.07266835789330897,0.15162178447170582,-0.026455863434895907,-0.030010853796829322,0.036852586144681544,0.05813006282820266,-0.020472276341072085,-0.11990052144668599,-0.06637374921746278,-0.059939154172818906
-0.1056309389471063,-0.0700204771358571,-0.504669147615001,-0.5092211151258701,0.10704798879932463,0.11393686738999421,-0.3221784514600117,0.4983566751187415,0.4599809065807516,0.15798303144002857,0.15853299879874844,0.23440252015957624,0.2536397317650088,0.06166981740167332,0.10449583778609346,-0.1987758820869534,-0.13206783731969107
-0.3886443694724799,-0.3853264091862404,-0.18835499014851306,-0.21418264926424974,-0.12121151748285333,-0.0919605367022425,0.10744591002909697,-0.029838322427764425,0.026750664751177388,-0.11876458673549922,-0.1205381473762679,0.005363535338167187,-0.0002625835809463644,-0.08649118785919797,-0.08769231817091643,-0.058848410926473665,-0.06776737954917668
0.20324648367117004,0.21403386097735877,0.14805894805579284,0.14064835624617578,0.09085358591373185,0.11019383109575479,-0.09197548481079745,-0.0021603428942116093,0.02970664978824421,0.07766144704745939,0.09413994413044058,0.08949917437502043,0.10348231060656937,0.09912582604071792,0.04603822998364219,-0.028129695919058166,-0.011544327575226505
0.035294171510470235,0.016721256922074802,-0.06913577239476767,-0.05909647094615276,0.012602096503217882,0.01829796419987274,-0.49197632628717847,-0.25065829000417844,-0.23021984064107062,-0.010753044715796798,-0.035619537333633745,-0.04265161802251918,-0.045658039920820494,-0.08666347755985647,-0.06869887030394994,-0.03593867624622795,-0.019666938834694
0.06704049568850921,0.057558342133012426,0.021042406226643898,0.11420533984937435,0.0254870898502124,0.08342515651610408,-0.3573720817771936,0.21602798422998812,0.21878128730108257,0.1430032370371845,0.06092055773055344,0.2516079880381554,0.22159408259143,0.01082275031134529,0.09557857554495401,0.09816212492759527,0.11125815077461625
0.07527907571341402,0.06157234917393472,0.11492103259232184,0.08786045230005975,0.07405767078694458,0.04106514924614431,-0.4270197185255186,-0.3015789962087263,-0.2580586885989977,-0.014506869088961935,0.021590399122230482,0.026952245399913963,0.03778899477857267,0.06981132250674656,0.001995195213190978,-0.027389611926713707,-0.03730139719210003
0.017096394213208996,-0.001188303040721068,-0.02126116082630516,-0.04693274511053493,0.04505399665813544,0.014671608535405768,-0.4231091364942584,-0.30662120172732454,-0.23414267452844117,-0.03159456384807984,-0.029172875192778048,-0.058173971079260346,-0.063156953345361,-0.022969114455396282,-0.043296611147236964,-0.030224010544840408,-0.03062559535316836
0.018180649315553837,-0.08439675024845124,0.29602806059181586,0.3152365137160339,0.10237596818054048,0.11106091831482323,-0.11228889833607311,0.056604362110143594,0.07568273392065562,0.28250754038972015,0.30000359503191226,0.21969759811972675,0.16296532123055796,0.2532993568179588,0.26978743168101704,0.18697237501740777,0.1813483122211647
0.008479943736930664,-0.011604432799048402,-0.09103306566156077,-0.06505269400042284,-0.021858319852242746,0.027805264908786372,0.14693098080364364,-0.34782397684221905,-0.283326123561328,-0.05010562869708956,-0.06913951251829464,-0.10337960679299495,-0.09304237468273552,-0.11252882676619083,-0.1147244404932327,-0.23441313285050924,-0.2537173125181041
-0.006166166581408168,0.007669043947390427,-0.03423165610206527,-0.020895014753040682,-0.09267485185206288,-0.04253353315119228,0.15991395848494389,-0.34458262815688995,-0.2767638845848776,-0.08901999207783236,-0.0861133084781957,-0.0897065591326019,-0.06428037453794665,-0.11913079270740974,-0.1196050912838499,-0.0008471145787949195,-0.0066980324074437545
-0.22475235590625875,-0.33644979690314664,-1.2941252556671274,-1.2941542069759489,-0.7349837683904199,-0.1104530769677296,-0.2930760941814231,0.5993117177798445,0.6261030006090116,0.0712549267351326,0.07272048652950683,0.251403319164757,0.2656474466106258,0.10961936793651887,0.17211027179368674,-0.49520993194490026,-0.4181263896876969
-0.04223274667197502,-0.03157379554586859,-0.05627581314629369,-0.04541525163154032,-0.0646707912887099,-0.020807302048862265,0.05900873335457342,-0.48803097271475815,-0.3054966077952841,-0.13688155684573955,-0.09888097963776944,-0.10981044147113736,-0.09949532592021962,-0.05817229242392481,-0.13237126704555513,-0.3524726897226614,-0.3581195062881678
-0.06673013111376963,-0.09747856443400321,-1.4795607534383968,-1.4064080418384737,-0.027121715029361504,0.07391587603608367,-0.20563661563939617,0.6017206271901923,0.6085709298379138,0.1478624793011846,0.17554215032078532,0.24610721561102702,0.25352459344741396,0.08577613440641582,0.07137747247248966,-0.36547320325222,-0.29267045610591946
0.2565703191982,0.28362338022534245,0.2817003859370321,0.2899784443808653,-0.09147084700620557,-0.05886803820532001,0.02044612416204414,-0.061101294622402026,-0.049564923552226386,0.05596405244855159,0.07741249819906738,0.31110976521510086,0.3120198825761728,0.08878781123094633,0.10197387478900692,-0.837663817814644,-0.7392185163474096
0.026394357526434792,0.010041087105686814,-0.05813622722453663,-0.03935278054820971,0.0022920334932884905,-0.00888113702729001,-0.5570148827891467,-0.37788861375783894,-0.3024517387192527,-0.03848520767802358,-0.02998528833553879,-0.04667360558246615,-0.05811657934370888,-0.0379152342889758,-0.05371275693414228,-0.019501332240434887,-0.010092506581680042
-0.054186654933731794,-0.0969973910352047,-0.6398912917898183,-0.5822288447086467,0.09797518720679432,0.13106804734118083,-0.4148799365756505,0.4926494471530195,0.5044710332041593,0.1885140496769075,0.21081911109720738,0.22153958419489597,0.2012662040046794,0.11858237231493052,0.09967718354453958,-0.2246690898891957,-0.14759801240088585
0.0234265090914994,0.006136466317529532,-0.07629953902820816,-0.047630667793870596,0.019476673874127964,-0.008633790969533995,-0.3972059042311887,-0.38831588761317926,-0.281010211535306,-0.017263887700557517,-0.0500084457875799,-0.05721728137882888,-0.07103412432423867,-0.06406407263794402,-0.0773214448287168,-0.03709085885044939,-0.03479075577199215
0.03730810591631228,0.03473967584650867,-0.004370639592670081,-0.08284998916398473,0.042342998939513696,0.017427318422158628,-0.43882321092350485,-0.34609142466417303,-0.3045997453212926,-0.03705942767831565,-0.018314197970579864,-0.04291868949476726,-0.06575125678216463,-0.0217042712971589,-0.07581073864418529,-0.04082156746449094,-0.008194374218160697
-0.1420243418739653,-0.16452971672762695,-0.055129006811108015,-0.060980692844938414,-0.16893716360517982,-0.07434057368391003,0.060178204784945094,-0.5387264988490781,-0.39040878805265006,-0.17075781003586418,-0.16228814230346453,-0.12351004363682812,-0.1018975674220426,-0.19173579687433207,-0.22843534933255105,-0.07871057122555601,-0.08965009129967354
-0.049552819010612655,-0.07694873243163829,0.29226180459294143,0.3609749529202529,0.09173285768493769,0.1384207970634219,-0.1210156502128641,0.011238866880653833,0.09778435785428845,0.29506002432585327,0.28475153864365543,0.2069933125717578,0.19854797706482294,0.23512650418408532,0.27503867843680957,0.1980536170649337,0.17998841856762157
-0.09490973706510224,-0.1956135029109237,-1.4202508521902717,-1.4090905696227745,-0.5725890722861284,-0.21049705606883187,-0.349047567768138,0.5913373710346844,0.6007114867982849,0.08270963285272423,0.10632255340340223,0.19274226603240088,0.22106362491419632,0.10029400827360106,0.12950906571876278,-0.452403444741338,-0.3403589976484501
-0.030533302272769715,-0.05022238410929299,-0.10952418247811292,-0.07812706842887152,-0.047983257732211536,0.009162013657048097,0.14934587829121618,-0.5343121710337245,-0.44689267724721077,-0.1345861642632396,-0.13547344009983509,-0.14410623520487476,-0.14500577020720645,-0.19909606762947138,-0.1691575773407871,-0.6001781757004894,-0.636322285900817
-0.05040064782480088,-0.0760445742492569,-0.5600654543111873,-0.5406502235019837,0.14474312811546067,0.18135863704205588,-0.3613104740895144,0.5385472859544829,0.5415531406453378,0.16526480323859855,0.22296966627545617,0.22058077304423626,0.22321877371683996,0.16959739635162058,0.1424604863345429,-0.1825930743655087,-0.14884845645749342
0.027468216955816756,0.014508024750688011,-0.05612170292856372,-0.08979320591247408,0.07360816481799226,0.044889967849755144,-0.47211398383128494,-0.3583967101476714,-0.2670634595707784,-0.015559332728877225,-0.007947979052203534,-0.05171657111191256,-0.017468063759309115,-0.040517020301175814,-0.06133837384359506,-0.04531744366261147,-0.04704664527390179
-0.01915496973684216,-0.06707991301724689,0.2611411304811138,0.35266893793159865,0.10191855999003883,0.12238943337735045,-0.1901030279734441,0.000745900757141433,0.09879349434928104,0.29873786178746037,0.2910214992331789,0.1909440903959711,0.17850075650454272,0.22196473383591545,0.2656534106374426,0.16689675132197754,0.17874896742652108
-0.18156751254769615,-0.253795256636912,-1.4157071031788078,-1.3574180625592138,-0.37099664979100694,-0.15298277141853028,-0.40725605404523224,0.5264692368831123,0.5316721665279525,0.06537195360677624,0.11909078716996342,0.2289644414371928,0.2199276581666608,0.11790628004679574,0.14548094816175106,-0.4204873583605597,-0.3268056310997762
-0.21432547284904857,-0.1382579531500275,-0.0721487962108834,0.012519773127289495,-0.09053167430548523,0.00772282104492764,0.15884233467930403,0.09775275227553833,0.1389200242686519,0.03405989416179818,0.08593034667344643,0.00940142876222741,0.04246759004274191,0.00015585430559705214,0.11553777442934278,-0.4071134153108001,-0.3962435305141674
0.012605354231538397,0.0060909207889340705,-0.08099988659241104,-0.0734145332175727,-0.0240445625931725,-0.0007354834628299984,-0.47122835564724463,-0.4115159798953244,-0.276171048664052,-0.038256323198670665,-0.04388689184215208,-0.06540019781894471,-0.049039387704562884,-0.04811552343887088,-0.06223789383105788,-0.058303878729054584,-0.04185204080440548
0.0202321625628516,0.017994240391036975,-0.045707169163871735,-0.0722306445981488,0.005582873932719032,0.006492785683412894,-0.44488821037931153,-0.3562288847698484,-0.31195649935873987,-0.0733902397935088,-0.033790603591956535,-0.04647501748133216,-0.04538532373680598,-0.028165685396779036,-0.07199296571628144,-0.04078794340874358,-0.028470968571877264
0.020389027671735692,0.0005992902998585998,-0.057416186159633,-0.06656147057636343,-0.005543409316968072,-0.019373346087774173,-0.4988758726951535,-0.3508470957613289,-0.31750762961512763,-0.07945143797014305,-0.030999609733331837,-0.0624006208696152,-0.06354804741511459,-0.04359552878003937,-0.056282633040532215,-0.001603857697535587,-0.03205083890541775
-0.0075450333488587045,-0.0010125094814647786,0.11432496122511406,0.16491732255174857,0.030567739210968396,0.12997748561503697,-0.0004515668532896304,0.15427508932765865,0.2086337726480372,0.262098112792464,0.27725067078587,0.22013908659573433,0.2235482592151087,0.256420944943599,0.24204235429348614,0.33057249825052415,0.30488264940419957
0.017215234750498454,-0.015315991089700429,-0.06596628742382232,-0.06302272397511562,0.025153792680594683,-0.008320507734480018,-0.4029770603662035,-0.27162539205368036,-0.23646439509072517,-0.010621611656319033,-0.0543079690005518,-0.04500630139797655,-0.056040734121375224,-0.04348360464161874,-0.08095520179864504,-0.06469713297905519,-0.058324040689265215
0.0292933351414662,0.020617902503979747,-0.08608995228743788,-0.06278654527538483,0.022083397012455524,0.027829353644833965,-0.4641525752915058,-0.39811084971984156,-0.2816157263338697,-0.03973678837854596,-0.026294659115481497,-0.04077203752099009,-0.055434592448557383,-0.058306915303578816,-0.06446044495477417,-0.03104965157034688,-0.018385389995998303
-0.07740576177306394,-0.18154470065316197,0.38961821130947555,0.4631075702492592,0.19773657048987017,0.2812973365894693,-0.3250169663479662,0.4115985066872952,0.42652389213574604,0.45829243584144513,0.4534959468482498,0.3617207110915647,0.3295168704313476,0.27378185666167276,0.3307108553199731,0.2162925730978017,0.2146789755410577
0.03961737491965033,0.0014439822851617379,-0.053901291748613786,-0.06883965873649178,0.024270775959216184,0.015195125462148138,-0.4145909715403804,-0.2978044892343516,-0.2548099754290005,0.008463464481242283,0.006021338556486658,-0.04174009958904703,-0.03107178425173468,-0.06116022505676628,-0.05493956840049949,-0.03969534802679923,-0.028647268040212
0.02244794267424546,0.009903217133888071,-0.26893129547826733,-0.32211766448165696,0.05521104987447397,-0.02008470866501727,-0.30773958515950406,-0.3729223577142442,-0.3185344647660085,-0.009336068103458623,-0.027882602849036393,-0.08582231001068226,-0.07138648094336457,0.01883183908772997,-0.03131354494785389,-0.017054019894292782,-0.018259045902072744
-0.05328089518073314,-0.10770454712650523,-0.6334036932730003,-0.5296150286422,0.048770196715498544,0.11564785433601098,-0.31732424490403244,0.5163884625186765,0.4950423328672454,0.1791393617378292,0.1690338102675856,0.22488476033302177,0.24236224097041048,0.07788565721559347,0.10274241780620243,-0.20999545245201395,-0.16964588303458744
0.030591634086475455,-0.005244083559059133,-0.05092264729293987,-0.058496977103315105,0.03622928774383361,0.043119730091993755,-0.4435268468987051,-0.29875689837381975,-0.2028390337112662,-0.003206374225536709,-0.02779461433087867,-0.053430347500245744,-0.04993830700146617,-0.05471447126343707,-0.08795716347095067,-0.02342118517542499,-0.052659087945183106
0.030489253975474195,0.008939578902930607,-0.06948352814774524,-0.08169656072140523,-0.0014703063007255705,0.012358247274908786,-0.4393994348643972,-0.39078678856264243,-0.29734582254282393,-0.038760026861649775,-0.03134737683833555,-0.07274979475193533,-0.05684281319569927,-0.03432792028044219,-0.07753728262636173,-0.007974232532551832,-0.02357254758841381
0.075815765736133,0.10740178825160426,0.06247468925374848,0.023238397376494423,0.3803227695909682,0.34671772103699783,0.6375590292975964,-0.1358276510200384,-0.13131967702152816,0.06277366810767757,0.07340064863329171,0.07902838315921219,0.09353636114590026,0.14846663807279362,0.16698581384087724,-0.07372377092751498,-0.10932162516492043
-0.0298376124511121,-0.022962986072290397,-0.17803041699350627,-0.14014384683872144,-0.07249070467058485,0.03265508213490904,0.04945134531275262,-0.4533077119169659,-0.3217430257738216,-0.13937052560180546,-0.13709785318945195,-0.13449739791626208,-0.1250662209486414,-0.15715400336619834,-0.16381509092677493,-0.4617390358866074,-0.47194878681577723
-0.0368458977976127,-0.013356851351996418,-0.011793513454624652,-0.02836927382560326,-0.03700926089461454,0.0011974800406314775,0.05907758684458614,-0.4400894494184779,-0.3609728633746049,-0.13864347127490234,-0.11575475822649876,-0.09785824167583874,-0.07023388114464575,-0.08295806622269347,-0.11615767456908241,-0.2181803685311377,-0.23917742284047558
0.028790743614506554,-0.005389255231396525,-0.06132713716473317,-0.07849411599014154,0.004652795838561108,0.0007034093043457621,-0.42423238532981905,-0.33999287108714354,-0.3443197971186894,-0.03302900965522357,-0.04972096723938476,-0.060260223176941616,-0.06378473739595371,-0.04681218560669254,-0.08299768619424178,-0.056097805525977734,-0.043135981492736813
0.034652594726324995,-0.0025031348596416996,-0.03101609602299933,-0.062423915334607595,0.036918535582661005,0.013946990836255337,-0.3440146636925859,-0.2604781091483225,-0.28121111525935105,-0.02622713950765499,-0.011108572499036207,-0.04703446224608846,-0.06067310183523438,-0.05862908240795821,-0.09811432987892495,-0.05005007374417228,-0.03581491773199985
0.027322711813555386,0.008066334213738521,-0.04247350831273098,-0.0910613002520514,0.03140090546789951,0.031554862997581014,-0.44622997150483146,-0.33951864746700167,-0.2977107768569068,-0.022349015454453763,-0.035204217925057825,-0.052026669833950503,-0.01944075506434149,-0.03348245584042789,-0.08443255662290863,-0.02760297734218616,-0.04679578805038416
0.015855617470465853,-0.008163395897159692,-0.06608102027303916,-0.09530118886190833,-0.011992374321670747,-0.02018106261741509,-0.40776125933266677,-0.32462646783458116,-0.3889569613035408,-0.03751185612828589,-0.01950220827933745,-0.06748967723790467,-0.06455172505545975,-0.06876078016358257,-0.08726477646202666,-0.0505102337843027,-0.049837417298323076
0.03227653166530662,0.01579576676211984,-0.06827564175803816,-0.05044722853986387,0.026432566202358957,0.021924607272175628,-0.47339173080396824,-0.3394319551488104,-0.27896815063993075,-0.008621135641955225,-0.02596270218632262,-0.05208291874186675,-0.03343929031907405,-0.03248345986231648,-0.04474845962201172,-0.041786721712526606,-0.014534496582677546
-0.049006715855531166,-0.07851793680291354,-0.7068948399757872,-0.5252733723651529,0.10707546095582259,0.16172871030902647,-0.38425547592365106,0.5147424893356878,0.5061724047585321,0.1516497008214542,0.22015571748396234,0.20436575162812126,0.2145593867793743,0.09835168400677163,0.08905808744886305,-0.20295396067558238,-0.12163187171953813
-0.10096077278799796,-0.19553007307791848,-1.3880417679588812,-1.1689849913018382,-0.7709095050388107,-0.22036352513508153,-0.37995539271976436,0.576756824959636,0.611583066924192,-0.00015298798439922846,0.015520964133689632,0.19779589524938482,0.22436934408776965,0.06258977437593104,0.09288569406382736,-0.41631868534898775,-0.32424458309914994
-0.01143717784473297,-0.05320048189548052,0.3428684473190436,0.3546000255188131,0.14627947330087906,0.15635413294849812,-0.10179713567898463,0.05239075823100459,0.1068601079815776,0.27290115441886703,0.30625858645769893,0.22696900128659805,0.199298727528816,0.3004499437895041,0.30471487222849275,0.23166545783545506,0.2361598830148477
-0.06006771042222145,-0.026286237221603365,0.010825165931653544,-0.050737708484504485,-0.0009550123023195895,-0.03413796512486572,0.15727528503295765,-0.4045860383764159,-0.349504504066189,-0.08264454606414436,-0.12133913632982203,-0.07567002607108778,-0.08920131716100797,-0.0946911810283898,-0.04933616922263744,-0.20306064029130994,-0.21005338758071046
-9.807937868348153e-05,-0.021598673133057248,-0.11588500960062494,-0.10567593945453556,-0.017176052582086893,-0.028961251921196838,-0.494664242373118,-0.392277031941451,-0.3772151410789192,-0.06851768570930403,-0.0475910097679256,-0.10844553566248258,-0.09938541139658752,-0.06444250821335555,-0.07168616263530003,-0.04832812833310787,-0.05875445538955291
0.029191387883608182,0.025256765911303804,-0.06618336219375097,-0.05560789309093145,0.048595354308689255,0.04383811400163842,-0.4336577524477919,-0.39967766563046186,-0.34280890193244146,-0.030400193204528414,-0.021648937983983225,-0.04267196679888072,-0.04938132344416883,-0.03665407800661488,-0.05999371825660323,-0.017316898727203548,-0.025498885960904973
0.06408714862220025,0.018394763831311372,-0.08435169956418301,-0.09150134726774035,0.037209070436723404,0.03065537736425657,-0.2713249442015423,-0.2612246082352111,-0.19425725111800451,-0.02940605878966719,-0.043205281701159594,-0.014348171187664243,-0.0693994133247385,-0.059119446979720484,-0.0742174880024105,-0.05466992470392249,-0.05033033642316777
0.012741188966911704,-0.003061280458984417,-0.14630694474518657,-0.11235504467101268,-0.058348044152452164,-0.03443802566693844,0.10531717311499718,-0.4722295139836596,-0.3647579735543966,-0.12308622385001823,-0.09944011179428569,-0.09527289992162805,-0.0810366367106211,-0.07120223119284887,-0.12250818196882568,-0.06624118034684404,-0.05944773226758935
0.813269960947992,0.8561732748962815,0.626468205386436,0.6507673450862983,0.45510328234120023,0.46610830605130754,-0.273983947250115,0.5687681471825723,0.6306221661368263,0.6126335500826089,0.5910316196119278,0.6794374736641341,0.6658237399704667,0.6657611613641484,0.5909316770104596,0.4344504742328451,0.4504878726201767
-0.0005922964059310999,-0.05649423971622933,0.25550115880562596,0.31832859425804866,0.07922542647524566,0.11313474744986929,-0.08260106069745313,0.07877123836660864,0.14184533163520627,0.3282753132941802,0.3338092138489057,0.2318894246112292,0.23332355769851196,0.22867122773146634,0.2735416663198013,0.19662383345934922,0.1908762715769329
0.04475735162473505,0.012331175598615816,-0.04957167537259369,-0.048531935898498815,-0.01206274476728671,-0.004025457689565101,-0.42736334989567876,-0.3008828489347429,-0.3281849484374039,-0.07468172210346373,-0.02020012173472311,-0.04252251394038431,-0.036843438924517295,0.007653601165538796,-0.06018724403089827,-0.032086852637694195,-0.03598470730264886
0.007298975371388623,-0.008254372069943347,-0.045884658484630185,-0.06981869207345077,0.017916597906791537,0.014497874733336325,-0.3620168314255223,-0.394883716381777,-0.2953089964782327,-0.02841524587878421,-0.01720877739964085,-0.057103597955169054,-0.05540304637873155,-0.03407208111661169,-0.0896741151895568,-0.06193698640757553,-0.0474412201228599
0.10714416305532183,0.10622260627039296,-0.009645576097842484,-0.018609750121445303,0.07381801931563124,0.05282762580349144,0.18562333037904605,-0.15943968734808822,-0.09853288940637707,0.015043360509462644,0.033705856920122505,-0.040743749055824285,-0.03394340243894974,0.060178996370798786,0.02835269498399695,-0.05844307149642263,-0.05469624282740428
0.018661362106582122,0.015457720202904581,-0.05643337837229788,-0.07780140465956543,0.012216137022361918,0.010454806685193534,-0.37330764924259047,-0.36435209758069137,-0.33854174944998183,-0.010389915984928992,-0.042946115135140316,-0.03628925056254947,-0.061080877553327716,-0.05885603886793107,-0.06548433155442032,-0.05432578339595743,-0.021581138769887417
-0.014186597266924613,-0.06224414628138256,-0.6494772833698081,-0.5722764340557122,0.0743237082993276,0.11682679100886492,-0.38178213351831464,0.5285030753331827,0.5296341197503417,0.15671335539823342,0.21209495256577873,0.2406498224265185,0.21261128454903766,0.1429929287201562,0.08640414096476168,-0.16973791747836087,-0.15652714815045277
-0.06622004896094902,-0.09708781504770597,-0.6583063245055979,-0.5732789202202234,0.06282405451625361,0.10608698535480858,-0.23667458328554145,0.48288342017357355,0.4748785739789087,0.15698503004503844,0.17531565736699528,0.21818467366884878,0.21275514107699328,0.07887063604221964,0.08123613206616058,-0.20132724699468485,-0.15762671671897494
0.02651172585451616,-0.009394967371718264,-0.07767927094544111,-0.09856812543281264,-0.019866611250219015,-0.037486267539662686,-0.3351363251780528,-0.3432303516332826,-0.3011579338118337,-0.029304964278480065,-0.044407588394995416,-0.07055708861781154,-0.06546275753722768,-0.07421988525789709,-0.05861739080197556,-0.054133867023143455,-0.04198203954361215
-0.12914404955622102,-0.23304179383297757,-1.4603438244493463,-1.473180538518412,-0.20951939040110776,-0.07025398805965583,-0.4741487901086682,0.6040410410333628,0.6299652847133302,0.13290027979949132,0.1563149985470612,0.21354131031105275,0.22331962793362647,0.13805188255705386,0.10563457933707558,-0.45305319148381895,-0.2710655638754848
-0.2209018356634179,-0.3130443037560166,-1.4764373138244204,-1.3429688261070547,-1.372565268891309,-0.1636123076859573,-0.3481033695033867,0.5495021945003923,0.5412241358414935,0.029491999272899073,0.035127638110539934,0.19635455588288334,0.18730988181460306,0.008315156616802075,0.06434548486862712,-0.5468940753967053,-0.43287612383940804
-0.010098661013816557,0.010112734650212892,-0.0529419274856589,-0.06274378291938308,-0.03139901279668576,-0.03537151270128666,-0.36425305896356,-0.3096585383812976,-0.25268793670851925,-0.02333714344975658,-0.024909546096887208,-0.049566691040328424,-0.06022149316714627,-0.0660358287238554,-0.06474810635031839,-0.06773194882577167,-0.08689694972954849
-0.002858372774501459,-0.04957347498700796,-0.0247519202195765,-0.021458261953697086,0.03750618520849139,0.0033251251466164256,-0.4097090073530309,-0.30677953014249887,-0.3002766943271371,-0.036721951909205866,-0.02601156986582841,-0.04634931208062411,-0.07999589273710159,-0.0314713776598674,-0.04359372163326384,-0.051224478150061564,-0.04878819125866988
-0.23406784734599825,-0.29529707414383294,-1.3082670063494954,-1.2387806943963091,-0.7575073572241655,-0.13451924051582437,-0.21662585302505932,0.5485324800485929,0.5619874321901623,0.016049671894352892,0.020314211255160756,0.21771663413869194,0.18893199727658222,0.030383539111555356,0.0903692402967785,-0.4916497729691969,-0.42729156598946616
0.01799766479713971,-0.011533755729009647,-0.1182929710985905,-0.11117324628233285,-0.012384680446210147,-0.025697364704107578,-0.5621983227942089,-0.5102197794285839,-0.40679905713818343,-0.06336745140182269,-0.04093568183206008,-0.09689130692641551,-0.09362628381542902,-0.04330841343368619,-0.09397726227636571,-0.026670966195370203,-0.02966865280148496
0.02533700197222049,-0.006144199097228434,-0.05767484369961533,-0.05255549203714511,0.006646807585855033,0.01444700905730161,-0.3792703354461865,-0.33658157632782093,-0.3642098587914958,-0.041081568883703415,-0.021745276502926698,-0.062033482090969705,-0.060584938051368,-0.04074305915313167,-0.08629385243777979,-0.019927011890620454,-0.030835678016061303
-0.023148595858314615,-0.02001256629703836,0.21354511319931382,0.29323219218846236,0.11631272358623626,0.11756571761835773,-0.24720364184385513,0.007118234060791451,0.04687315464893902,0.26366758309887545,0.27413699892353244,0.1897648446509156,0.17214884677185602,0.2500126461479934,0.2688518692170761,0.2083796098181924,0.21438817955568992
0.015219054474477061,-0.005114729949304321,-0.03377961736829051,-0.05489483380047655,0.021044040567527414,0.032588836640409,-0.33012284294958366,-0.31009538741949627,-0.2701522084334511,-0.021293479111506423,-0.033266002450241215,-0.06747481232465598,-0.02886432402200378,-0.0435709631089481,-0.0653508570592945,-0.043774704140961504,-0.04119243562100758
0.003264901241162705,-0.011162242969256601,-0.04663172761766993,-0.09028475606889305,-0.03830426483477444,-0.04043560299996111,-0.3465581819780287,-0.3460845392171365,-0.3118831983121201,-0.056419832125880504,-0.03928005943549146,-0.06658666264150148,-0.06483967546307992,-0.04015074540009734,-0.08829852862450031,-0.022333269427219006,-0.04605347181532641
-0.021521118264127503,-0.08887273153202609,-0.7379145687684743,-0.5254080602303043,0.1126023465088977,0.11946839662092246,-0.4747444201353715,0.522987420383765,0.5295908064113005,0.16757080215146106,0.18348369386443214,0.21525302960606474,0.2205755896514701,0.12216133804931764,0.05671875292242146,-0.19004649650261465,-0.15665247375028454
0.018241755193301984,0.002211245933993806,-0.08256789479416385,-0.06415789074269007,0.05194572130897935,0.02572594079597561,-0.4537924484216523,-0.2853214239150216,-0.23560283853234043,-0.0040369067609705486,-0.018418397733988394,-0.05679209031972667,-0.061016965996723245,-0.06060048637996079,-0.0743756387271709,-0.04494422536617808,-0.07334862834147368
0.04883953327537852,0.003875442487751243,-0.06698645074441667,-0.049964518025940576,0.0012763899844803386,-0.01221760061518379,-0.37830907676562975,-0.3495765495761116,-0.3183344673104958,-0.04669254459140547,-0.02249908971518996,-0.05584743667996784,-0.07677398462224438,-0.0005799961475890442,-0.07254034526794158,-0.0076982057289369165,-0.02174459433554782
0.02492725880065283,0.021143119485024276,-0.04527957320697951,-0.055909954724545435,0.010218362326819413,0.012601325258499494,-0.4512659639492874,0.001964522114660432,0.0653350067001485,-0.05396990900427198,0.003194266468553903,-0.04526861644678134,-0.03941275446843035,-0.013832428852277357,-0.08366899824417184,-0.02494154844209027,-0.03021081617455329
-0.00048324405025237385,-0.030953156699437934,-0.08675887210510384,-0.0840744244441703,0.032039402581813724,0.014732644336173273,-0.4498868416337244,-0.9053238423236545,-0.8292779476147708,-0.04512579677058279,-0.04156491472678118,-0.04592621149255027,-0.03537149666603799,-0.02718019390860056,-0.07589281552292919,-0.10800653777749245,-0.1047015431391882
-0.006509046319185725,-0.009615947346399173,0.35080483764661713,0.385354347565449,0.0950003453796527,0.09548341688254994,-0.14214443542413766,0.05183099615280625,0.181248157757744,0.29444680012807445,0.3382213914796248,0.23671501384055535,0.2152119410619297,0.32305705669222534,0.3588441430707634,0.22244782029640245,0.22552785672277867
0.013776511180404303,-0.022605056221982816,-0.05780974416152092,-0.07937380657631812,0.014337861124990336,-0.013339503498456473,-0.37569332283403406,-0.33206841281460214,-0.2700150592182717,-0.03684640758090742,-0.05838177758375448,-0.08306865923895713,-0.08538839759040907,-0.043998936548350666,-0.07359770425595012,-0.058611225125402976,-0.045771277869340765
0.021354373233190137,0.006282106098656939,-0.06816881203279944,-0.08788312601376695,0.028252560815956115,0.003969795934605738,-0.45932079228572453,-0.39235876907376105,-0.24337497695989527,-0.057263996616624305,-0.021714600454952215,-0.059731587892982115,-0.04180910497183163,-0.053652127526770524,-0.0813766024927526,-0.022015507666365862,-0.04273511380852284
0.02583409887853956,0.00020557788685933483,-0.06284436617192315,-0.05041698734751243,0.03665591167681753,0.0012662267009816905,-0.389871210043954,-0.32590715576449,-0.2950220988206921,-0.029213308309509918,-0.01836760328434588,-0.02657494133377845,-0.047323310679918275,-0.0466443049778251,-0.06705050618888261,-0.027665323828091004,-0.021709412037034845
0.07531125325836861,0.04348906931238901,-0.0639074698593372,-0.0657398653658375,0.017545056815718548,0.021772921560673085,-0.45028969611791514,-0.2187111487800415,-0.19613210318598773,-0.012230926476436643,-0.0026757426308880432,-0.03252389517314572,-0.049523019571863454,-0.03587682893201454,-0.034840320089837014,-0.008242512792802296,0.010637041904304199
0.03425395929192595,0.012487947717940744,-0.026186243972886013,-0.009348868447971923,0.0034459951813318465,0.03499888274377803,-0.35385165849993333,-0.09551463209014531,-0.05408791302995287,-0.014157011228732815,0.0470039760967756,0.04259351514868126,0.044697776051704774,0.07930708273983579,0.003771245868542675,-0.0597582646526976,-0.04828587721013808
-0.005742984872118382,-0.03023336633330726,0.3463365381589054,0.36239251083166746,0.08141622327671053,0.12879247736585847,-0.10043355521527238,0.04887892389204168,0.1595142759515696,0.2615700209373865,0.2910995752608505,0.21549993134992015,0.19561314277360659,0.32241389811960874,0.26290358407159936,0.2365331147349164,0.21533487150472935
-0.018381280398495792,-0.10139452870542545,-0.6912212845452994,-0.56626919716652,0.10653238200517261,0.11126198936348676,-0.2927008222683993,0.5202593820517791,0.5103061571835218,0.18427683588620392,0.21999574358000032,0.23517517446858177,0.22230345719014513,0.07978779432285947,0.0899475025996773,-0.21275416799762165,-0.13567884121048288
0.014531898524666558,0.003017512244139591,-0.0578827066701675,-0.06904442116406496,0.005485259026632898,0.011224837392879777,-0.4572861342656452,-0.3767743535798305,-0.26373202499041193,-0.044520797417752334,-0.010443485157831667,-0.060740794471267866,-0.06670744105784772,-0.03362841943122343,-0.07229786628677715,-0.03206248889273769,-0.031512738328312334
0.043939871432155976,0.004977237897403665,-0.058585035923629035,-0.06833182889782187,0.031789403690865775,0.02140857450255432,-0.3358314765168494,-0.24518615330642848,-0.3206713479863531,-0.0014267171237003877,0.00972282485885781,-0.04375028568719727,-0.03747156947283158,-0.05672364745212677,-0.021308601634619378,-0.036754352162352254,-0.03720606027898172
0.05064111778378714,-0.013431727464640275,0.07499550592739097,0.09444057545069721,0.08911053764082418,0.11777372590380882,-0.5200578022007147,-0.05994471766534367,-0.05306040329779519,0.0732671872101811,0.06955039989193179,0.027687354840186026,0.07514758239906474,0.06043247175879644,0.02089604029357144,-0.04291749927109411,-0.017656733682766518
-0.003009841037162721,0.01613630696925572,-0.06873293040280963,-0.06361882712833006,-0.00039865030679352587,-0.013403436065086956,-0.40731810730830886,-0.29132378962142425,-0.30329004831852485,-0.016563186381316656,-0.025374526168287153,-0.025608479496623364,-0.050762190565090154,-0.0621985838611547,-0.06498648722348978,-0.0509836159774837,-0.04773198504077205
0.02969216285557438,-0.0035398113948818324,-0.07363669705990111,-0.026365888425904732,0.006863645127141333,0.005290240350398712,-0.3362874672076623,-0.47275441773510296,-0.35289924111153415,-0.03287466195511267,-0.018170753291344915,-0.026516610495716908,-0.031095939617180005,-0.02851778310193152,-0.06663691630616587,-0.025335969497485383,-0.003833742498269047
0.04134907399222829,-0.0010958722860753437,-0.030400943315042044,-0.04580629563602203,-0.00813763324255019,-0.03729008013540565,-0.41821718433681065,-0.35506118606417036,-0.285821696961574,-0.033348074031534336,-0.023745834815295224,-0.07194452248826742,-0.038843082329057955,-0.04859741581116055,-0.04135533915633331,-0.04682978075122029,-0.05231711236733462
-0.0024657926543316983,-0.031227802924715345,-0.06925166712196766,-0.06055952443953042,0.00839583199994065,0.006387067108239616,-0.4366098497793253,-0.3871734737829901,-0.3110350743937457,-0.03454074089454725,-0.039310779041251354,-0.05892637214476332,-0.05144107820231392,-0.040356313825882735,-0.07130185801549374,-0.06371976130444683,-0.0723334788770482
0.0390598781280525,0.011165426767470534,-0.2620255423349022,-0.3114455896133545,0.028184386665079077,-0.0027618630145341857,-0.27606884039405616,-0.34945693438734193,-0.25885359196993313,-0.04345674798735362,-0.05871773546218548,-0.0830805333883133,-0.060020647037076026,-0.013033417145846072,-0.03887465050822644,0.0018570279728656151,-0.009433634205407364
-0.042018681914684816,-0.05385823490779402,-0.14560568769948454,-0.17849603058768868,0.007238935205572756,0.0011671778095738209,-0.2616700586343833,-0.3653397399269506,-0.19806052388367595,-0.049588761480734045,-0.04291751439233967,-0.04332166895844861,-0.05402784256206446,-0.029455998189984695,-0.056666725036945975,0.03599152342713818,0.05195364256728752
-0.033455778850555645,-0.07149200902503591,0.24261387878218435,0.26810487661989546,0.03486540692001927,0.07169569711326021,-0.2256610338487622,-0.021226587094862567,0.08134775167975256,0.23774901254343195,0.28725229048100503,0.1698580046760328,0.17705852174995307,0.23349693904991925,0.2655448393479897,0.19633647105900578,0.20050607971713286
0.0074498136867555175,-0.0034895526959153066,-0.06924625702404738,-0.04921763576749712,-0.0122137087464549,-0.02951598527764389,-0.454870601816199,-0.277246633807744,-0.29329526291681507,-0.043027359920600174,-0.030334917806823875,-0.02635298489945032,-0.08883258441384118,-0.01805502542662744,-0.047154566096572245,-0.03490286349668525,-0.038921471358534646
0.023782332680936248,-0.00864980805877413,-0.04951894061357443,-0.06963795944228852,0.017196794738300967,0.02355454186898816,-0.40592829797509905,-0.3339419188633896,-0.2476012620115259,0.00610188093218893,-0.021665614276111342,-0.04129117765506391,-0.04936295453836348,-0.05547490969762523,-0.076718391816964,-0.05393896208715084,-0.032454436187426015
0.030037892736206995,-0.006377564378530768,-0.05873107212828651,-0.05427231009090669,0.04209914998281266,0.019259173523617182,-0.34401420256809667,-0.3066270324098394,-0.19940389250414695,-0.0077784255783122855,-0.032715123418139494,-0.028749712207400396,-0.05334947104650186,-0.05331759880270415,-0.07613886539378018,-0.05772483632229466,-0.07472477352295179
-0.003610085459687865,-0.07931788226724569,-0.059074993458387313,-0.05874043128740945,0.16422302719539528,0.18110459534122936,-0.374089530056238,0.44500278632585705,0.45963769531519033,0.15759588369583524,0.17549501026466915,0.12076699084348562,0.12677975344598244,0.17502563942682953,0.13713088004422036,-0.06547352090917176,-0.012495991142204807
0.023030627899102245,-0.035978284583543,-0.08185757465911876,-0.0478899063778569,0.021894976259394346,0.02052939651334495,-0.33799859339462,-0.3726205242293546,-0.2600354985895891,-0.047728600897724634,-0.04277622777723281,-0.0499414325059975,-0.05846884892090189,-0.05023380417005917,-0.08353678875266535,-0.04883992738278267,-0.04441707290743067
0.0022180930414279296,0.002106001266564712,-0.04219977087061597,-0.042794209777913116,0.0034393659095277966,-0.015335899375025632,-0.4098881326658346,-0.3722181892859636,-0.3441920095721691,-0.004028231784204727,-0.04198583642174223,-0.023866414003409078,-0.05118577732363667,-0.055079612930043986,-0.07634773292777478,-0.04508632776205046,-0.023294112588853378
0.021566606217317676,0.012669992841684824,-0.012536410703670153,0.001518258416434927,0.00508998427052237,8.130239663099052e-05,-0.41326300608132915,-0.34144909922986055,-0.2515501065627636,-0.04463688315365829,-0.032201337539767255,-0.021673649596461137,-0.028899437748810517,-0.012476979831511295,-0.06665735218050162,-0.01563795823098514,0.00160254062666033
0.06239338131272484,0.07917400699391536,-0.01785803464380299,-0.012821575658166726,0.09950519262512435,0.06863979762333687,0.16786414802781813,-0.31832571103917195,-0.29664546284330395,0.02261516484145734,-0.000189791298181793,-0.009040100399120463,0.0012950431395450743,0.016588636377884942,0.01719724734042823,-0.03638522542728565,-0.039830956209245066
0.03335696434287524,0.006926994754153792,-0.05598418287686365,-0.056158526991834254,-0.0025991313953280964,0.009723024809863784,-0.3608234282354821,-0.29383418073183964,-0.24875656211543473,-0.025184539422580508,-0.019588775332468,-0.0440640194115527,-0.0321042870100092,-0.03200098961265089,-0.04548587328238627,-0.044796383479844666,-0.053435207261550474
0.022749306056770002,0.006535981248443294,-0.06488012210870105,-0.053201735758978484,0.013700899440554177,0.01690416220090509,0.1388368612551128,-0.3295009893896367,-0.26972995505531483,-0.03532901872332693,-0.05250246708228472,-0.08841709425873476,-0.07878235902570574,-0.05924434218560115,-0.03563944124209164,-0.11526070368292923,-0.10793500007285681
-0.2071200648826797,-0.338186070874443,-1.3972249325425001,-1.41467299482158,-1.1142734770729625,-0.2423080685261885,-0.2860329138312262,0.5021905227259436,0.5301281810230658,-0.006639588010229255,0.021054037481608952,0.20523862774335563,0.20377458408666405,0.026500400669619527,0.07052030506304692,-0.5465553239264495,-0.39618787201698974
0.02054514007024753,0.022554875220403867,-0.06210600100013994,-0.03657165468044547,0.014605041548531528,0.015388508975473655,-0.4213171972557863,-0.1907359734809375,-0.19920566470689985,-0.008069038441439462,-0.034238711716218895,-0.02210968108334171,-0.04441678018009625,-0.038641600098755315,-0.07823593836121089,-0.07652956619909598,-0.034075498606054855
0.0065357739838596525,0.011894828570884692,-0.04468166313262344,-0.0442416758013369,-0.003783586983319509,0.002968392161065468,-0.40868996263282226,-0.3385598801046885,-0.26782442025627223,-0.017124932413107974,-0.0035564072401584592,-0.03765293385907751,-0.031263521785883375,-0.038690229258756946,-0.07455391729891618,-0.03866264416954871,-0.038767891501853446
0.002493582002328333,0.05222045375868226,-0.08287245208540228,-0.09287939815492083,-0.05951253136573021,-0.03954425445390644,0.12917221733269094,-0.42834787738585656,-0.362669600075658,-0.11277737325602073,-0.08045644555433541,-0.06836209253124484,-0.04192460855970714,-0.03266220783196666,-0.028416548032643516,-0.23591966626369154,-0.2625355789495319
-0.0008094281601452583,-0.01067800964889847,-0.05552961431771293,-0.07207346408791193,-0.012272830126889397,-0.02098731547082047,-0.4275012574157617,-0.4726133567172206,-0.31457159278860153,-0.053034392238191654,-0.039187226746176966,-0.06038999296142415,-0.06068527037988487,-0.04420981761620016,-0.06260218486267538,-0.024595395820277068,-0.023070069936368565
0.016672528805630346,-0.01602355745744911,-0.0344694541928414,-0.04647270236447989,0.02424474496457535,-0.015968701362176787,-0.32843875757632635,-0.2953795637929741,-0.28446097900605605,-0.026833088558709823,-0.03858841811051614,-0.07765848222000968,-0.06844087649568148,-0.045841031245174114,-0.06171745661392143,-0.05494840025138146,-0.05211233961899218
-0.10973791151121765,-0.010019854314349739,-0.5009385161615668,-0.6219196415682434,0.038649051798878696,-0.34661875743352977,0.18402073063307747,-0.43414008668260784,-0.37634729038971987,-0.09013197773397287,-0.01951503223444425,-0.017544841561551148,0.0022754766147884725,0.1039222993014637,0.05943845694166631,-0.12758259250313247,-0.09749329663836309
-0.028576749966079618,-0.07558741853585808,-0.5576972248746929,-0.5955099629960054,0.14575085255742284,0.17157818004231545,-0.4470211944044943,0.4351144399232897,0.49867298834116086,0.17927191110371732,0.20574011653859248,0.21950981410532824,0.22073859051045472,0.12354028153884437,0.06676819197777362,-0.18208032341598224,-0.11610788185309678
0.03927176440487695,0.06712702087032762,0.014628076881141386,-0.02965309171223245,0.0807601166857871,0.05506168429202147,0.2984596919301531,-0.30370397382477526,-0.2866574055097641,0.004095479330038858,0.0038111137195499505,-0.02137162708953397,0.044575602342537074,0.062486903272957736,0.05161864889889744,-0.07583863988506612,-0.07779399233945118
0.032526460260680116,-0.02358858777699155,-0.06416419360559321,-0.07733539059700197,0.028551584504121166,0.017143930004639076,-0.3831995871346991,-0.3163754299708523,-0.23276514816838875,0.0055598802500724225,-0.011717595212625805,-0.05094729174327599,-0.05524813834344431,-0.04677199046492518,-0.048776438347837126,-0.04761952685560638,-0.04754057472154614
0.019601023262829743,0.00915386101611351,-0.059080472415681484,-0.04577380251407431,-0.010354436283439622,0.02704073848889017,-0.4824774902232901,-0.3853612503168317,-0.27536936290485436,-0.03661540930218928,-0.020702865661635032,-0.03312930029288363,-0.05551748090206573,-0.031554409687826204,-0.04507383184015414,-0.02956038988843669,-0.023859342392669174
-0.1279562441907689,-0.18771186223569916,-1.2604068847004903,-1.1612051556335188,-0.6925394164910781,-0.16901100008055045,-0.2345195787288859,0.5597067344280086,0.5860743616321782,0.04519006013096258,0.030030306834038654,0.1764462307692155,0.189976131182434,-0.017809636627393547,0.049947092100604905,-0.36677723948968477,-0.25489046264204596
0.01857785590362446,0.0034651445433422357,-0.06099927570256954,-0.06604069551465012,0.00506411894849057,-0.011889325567567863,-0.47331643623756436,-0.3231604422114814,-0.3243895262964669,-0.03020514066575776,-0.04319849002401636,-0.06521002709818602,-0.03262585256644232,-0.03689758931869433,-0.07863294472307561,-0.04754263897826457,-0.02990784602498363
0.04335457882994502,-0.005808251148621719,-0.060593915284869675,-0.033472764095942,0.0385670632830861,0.03092902871399051,-0.43094063023463614,-0.3664810689391823,-0.25792035952233044,-0.03661488919405202,-0.02474007786998312,-0.06251776065824903,-0.05552635248320856,-0.026696279382359796,-0.061348850758189376,-0.011741181258349784,-0.019558169651429144
0.03637832209391374,0.012396599109518671,-0.047262426751726976,-0.04844723578542712,0.03941954361648199,0.041312636917000184,-0.40951233419893174,-0.3252822432119264,-0.24147590118445916,-0.00021189934684639716,-0.0066895271690985475,-0.06506252781828636,-0.05255094690754894,-0.04009713357665087,-0.07570099933971726,-0.05724969007690738,-0.06045392390848021
0.032549114207042824,-0.014487493678950804,-0.05641207068243144,-0.05912381619094893,0.017415609738899867,0.008728680788782382,-0.37242217606662253,-0.4281503889302939,-0.31956939299479736,-0.024916741069777766,-0.03238940055895604,-0.054798999268308175,-0.07890451795823267,-0.06295821974079026,-0.0830599854536048,-0.06676213793365525,-0.06554396365369494
-0.0005855530643173409,-0.027381630557065603,-0.07576175197493945,-0.08155714477424267,-0.016461545332117133,-0.040566421910644176,-0.3372336064739264,-0.35073547077447376,-0.2923239392647778,-0.008761178402083937,-0.03682543952818901,-0.04216809972821988,-0.04860129053439952,-0.0627195639135358,-0.04917934133900253,-0.06743459611040363,-0.05851804312658879
0.05468391833351146,0.035421602876937276,-0.2632319548080831,-0.2643215760913184,0.048693229104345634,0.008897704533436723,-0.4275814132567477,-0.3539774859076425,-0.29581979638180894,-0.045838290102879466,-0.024071628014876317,-0.07454067064918769,-0.07156555733721341,-0.013916069845991062,-0.04639050929310665,0.00677332293172779,0.018650768100778616
0.01682223956244986,0.014126871293735821,-0.049160639905742584,-0.018490773411269094,-0.04383382512978057,-0.003146359056012124,0.07303626155170374,-0.49691256726474936,-0.40258476700467616,-0.09352246944590906,-0.06324646168418191,-0.10627089569884698,-0.09900148745862203,-0.07782512914202776,-0.10353072731831904,-0.22907280557290385,-0.2570209626089531
-0.03679697809556975,-0.052737042387960946,-0.3584034515360513,-0.3816553240898287,0.0029869585486965913,-0.05752644582049086,-0.39444382018984014,-0.34460303608500964,-0.3131506158273622,-0.03906052530906013,-0.0417724376925815,-0.1017077884346622,-0.09521350402760398,-0.04564290569450166,-0.0761966214089642,-0.020512976780353742,-0.012777738715421805
-0.1294438734322473,-0.21385353495038997,-1.2787083040352236,-1.2137818838305365,-0.7739769182145344,-0.21267979625982902,-0.34658890244847346,0.5963250253931457,0.5994152240010594,0.025826060099474298,0.05215277500886717,0.1928780344782972,0.2243361572565321,0.09582109763848025,0.09552929915010824,-0.4971358398178518,-0.3820205537146573
0.0049547366508926076,-0.02515878538314983,-0.09714168298962551,-0.10252671304044733,-0.008176356867365746,-0.028826881959288946,-0.3869944888695778,-0.30948531479220404,-0.3007652608053285,-0.017352171809456213,-0.027767008413174057,-0.060962683264041764,-0.07039193944276856,-0.10535464112626744,-0.08605445416638909,-0.055462018804473254,-0.055016718870133895
-0.13512804992384064,-0.16962618643918517,-0.2010888155517406,-0.179284484244361,-0.09441996039952676,-0.015126034290710142,0.11515754723143762,-0.6122972619055365,-0.5549623136113471,-0.19264637902422527,-0.19998715885028945,-0.19466386354107174,-0.19083743662099062,-0.23924046532541762,-0.21499889379875095,-0.8272672704713612,-0.8257026828136018
0.03942342819650056,0.0005166127997556241,-0.050304280453507697,-0.05517650100076631,0.0226644035854564,0.01159676243269972,-0.3928960731495133,-0.3144595310799224,-0.2741826216650904,0.002214761142797604,-0.004015144460467519,-0.028333834480142095,-0.036808241808591456,-0.010557569291233625,-0.03512706844634737,-0.07080512659834903,-0.03817514276948543
0.0069815225605591785,-0.023071219035291517,-0.07340654050705075,-0.07798750883789979,0.007942277978003329,-0.010741482385771002,-0.41086776442619855,-0.3491924497077078,-0.28669812801518796,-0.04269545842458544,-0.03429747214127037,-0.0844861331739771,-0.07177725430264313,-0.040572572510822094,-0.043774569457529215,-0.04558450951919606,-0.0362402714604092
0.04492702453128744,0.019102459129117642,-0.04176063144975156,-0.07737156534621162,0.03318568524136442,0.02075944773787977,-0.38500890511612806,-0.21831552813961763,-0.2144683294806971,-0.038845721111039136,-0.006099365777441967,-0.052487357418725886,-0.05627947813327629,-0.011703433170988462,-0.06725309204686425,0.005392213203882574,0.039194609065786284
0.022255138639082725,-0.012016890901112173,-0.08949628354983276,-0.09965063225569794,-0.0007069994420382284,-0.0003698255402839428,-0.39238982078686324,-0.29966064824841476,-0.2812275408613229,-0.03860235167205879,-0.028072708866055836,-0.06979352069627429,-0.0688251629837814,-0.08800458340393247,-0.09309588539139176,-0.03987631351874541,-0.0457135792661928
0.00048577353835828064,-0.0016726502246831477,-0.0830398967598668,-0.07415683789279584,-0.015270662431170466,-0.023381528249596377,-0.4329812421214174,-0.3737335313576502,-0.29605105114818314,-0.044118634734810314,-0.049520211450952874,-0.056080365735810996,-0.03210673305529922,-0.05375049087868699,-0.1118485710508763,-0.04111901682504986,-0.04550022657422161
0.02152450548101235,0.004218514575004668,-0.034115324522919585,-0.06562907368774436,0.08330101156605887,0.05006861590611881,-0.4471897384276907,-0.43217411391333965,-0.27493507422402486,-0.0113000333848861,-0.02175329596773345,-0.027961498436579302,-0.03760887282219114,-0.020938258220974434,-0.04281525062327726,-0.03020936939067224,0.008453629236313237
-0.018741266183089227,0.059621099963539516,-0.3776406317683148,-0.3611563243512056,0.13928708408439694,-0.09011806840534012,0.392889230848824,0.12353843118560112,0.22085908645137714,0.058242149587058506,0.12576736576816427,0.1081186154008074,0.16252252292490535,0.21394989534908992,0.15735829266993123,-0.02882233043434282,-0.025709322934626782
0.002249975959711005,-0.017051566904508306,-0.09067762893897263,-0.09628957698500366,0.022342635148301537,-0.018172702036772622,-0.4967581930499952,-0.3500131725758259,-0.2830670555098956,0.004903473988557889,-0.024281265745354882,-0.07050164850185607,-0.077719601374491,-0.0737395069519341,-0.025511063451517543,-0.05785196163158012,-0.04955751106320273
-0.004739849504490001,-0.019029998570473154,-0.049217060487245015,-0.03789805240040459,0.014129516892679942,0.01733745453924614,-0.4063605080136799,-0.40554444339871265,-0.29472766589793975,0.0007714922411636214,-0.02478263462496421,-0.04314695932261309,-0.04598370167369717,-0.05277193228475661,-0.06533368741554009,-0.04780301384959731,-0.04198626332186798
0.002296581815442738,-0.009474462414210563,-0.04157137399113918,-0.06672344196490136,-0.02345380592597948,-0.056046975373551584,-0.3426668862919336,-0.26137894029217046,-0.27650256118314,-0.06943981002565539,-0.0738640966216717,-0.06606491879038259,-0.07023099666178878,-0.04669455517780504,-0.06970427634030558,-0.043468984353157464,-0.04715577953795221
4.47742166044104e-05,0.004633994033632189,-0.06305787613491949,-0.04041077111628848,0.0017413655617088328,-0.0021183066943619645,-0.4390057641308729,-0.3183372650155628,-0.31413532571348446,-0.08959602878266806,-0.04535514644619493,-0.07751223936882363,-0.0516505608476825,-0.027224646669557987,-0.03189883727255499,-0.024041341152492006,-0.030978705284074204
0.010054977114094298,0.0004492106234397727,-0.04655526017542323,-0.061900822873413586,-0.016894914881358,-0.02029607765058122,-0.43832512972719173,-0.3441217344149511,-0.3478556813622045,-0.0528629004977141,-0.02891366219910936,-0.05199048699206023,-0.03931673357430847,-0.01047798707958636,-0.07492730948214187,-0.04173833494606034,-0.0445336978393636
0.023333986029899504,0.01581568941788612,-0.06468030283274963,-0.04151055572522626,0.004209942919256626,0.0063167358382575905,-0.390281614987039,-0.3335915568959934,-0.23802003236008978,-0.02719185542814519,-0.016558597811361136,-0.05802973576587763,-0.045075068941200176,-0.035381158865898404,-0.018242876260264915,-0.03285996073176087,-0.046671552485785785
0.03915168322917562,0.0038353051546466763,-0.04459609491447681,-0.037829712019343424,-0.012766969155320875,-0.01354473004351845,-0.45688982033930126,-0.4030683758241998,-0.27501395742979834,-0.044839550892256344,-0.027256750056376053,-0.06607264831118399,-0.07297742860804717,-0.02475507687982292,-0.02307192800656385,-0.00875267579094762,0.0033414131919339953
0.03907520128781228,0.0006091619142973467,-0.023865129576329254,-0.03825767814403387,0.042365363776301686,0.02544911080627805,-0.40741149479636907,-0.3669061243206674,-0.2620835083095448,0.00034646804606626805,-0.022269930330819792,-0.026598871188496995,-0.07214197531209762,-0.1753142710604003,-0.20306652383300677,-0.05787612120578778,-0.04396487584040966
0.026599795504861967,-0.0183686817602373,-0.025093647304370643,-0.05661649290103619,0.033142055774355875,0.00504150762590926,-0.446073617229325,-0.26060010393906896,-0.24064144335318416,-0.03729501494284764,-0.031206361044304198,-0.053748201213551956,-0.04343547247389119,-0.05076077501807077,-0.05880112938083119,-0.054388101627732395,-0.0541373725518841
0.0007409422442178126,0.004425990700714737,-0.041838790969647384,-0.05688841567787961,-0.008647439518820058,0.012666831895060961,-0.42039530892085564,-0.39422906872279356,-0.32488908782497006,-0.0421991005171936,-0.024392368103480448,-0.06704810649222824,-0.04253155717295199,0.008429519064153247,-0.06933651121653288,-0.03358307371728727,-0.024564326105259576
0.000544347108971266,-0.0067247740339903975,-0.0763686253566297,-0.05673734964269019,0.008805525747157995,-0.0016224927633979773,-0.5404451348236989,-0.3185196074968974,-0.3203940459971944,-0.04749091226096973,-0.03484717181260536,-0.06753645332064813,-0.07301006146134159,-0.05827730436234367,-0.1009348894295779,-0.004845893598119907,-0.014628711410494776
0.036626274458144883,0.03472472061733589,0.007611074112280544,3.657141454692489e-05,0.01152765649844791,-0.005773135807618633,-0.2738876331558835,-0.3331246278600896,-0.26503697991306546,-0.0677884424014119,-0.0028499768069347475,-0.06295805873625786,-0.0007637536578429709,0.02228623277202055,-0.04104797608609225,0.09867540162027044,0.0765673596588253
0.004927894083946857,-0.0020286701506172225,0.35007291892975606,0.33398468404586185,0.09269659235120004,0.11298794097790232,-0.1667078166314785,-0.04641565611539995,0.08753699689726321,0.2892388343318795,0.28643039131094844,0.22718483866022665,0.226191126666489,0.29825197421135496,0.3414687006307874,0.21671741706736705,0.21548896899897402
0.08149702811181736,0.06259618059829834,0.05827454461046996,0.0552902617321909,0.025603261512996224,0.018854951739008512,-0.012070572974359893,-0.36615415320792394,-0.2825658716062693,-0.033977819866519446,-0.011557593346132756,-0.18429247103175866,-0.11690139567943965,0.055824575201475844,0.025665359475013576,-0.5215763474087414,-0.45405055176315806
0.03695744209413509,-0.012334116184492603,-0.044739227125856845,-0.06318377052572434,0.052514478463820236,0.02253974670305876,-0.3373816539973862,-0.30476678144937136,-0.33445891813837114,0.001848297281995264,-0.010245715692258248,-0.041189676603528284,-0.06181332138950094,-0.04655847735282737,-0.04995960691450248,-0.03652222037721156,-0.05056015277854642
0.030429191785774,0.021366203368266216,-0.046353546292874394,-0.016486205998969185,0.02483959250296953,0.00894616126458604,-0.32811891187946485,-0.27490911547725694,-0.22194692262807608,-0.018400043073901032,-0.029010536082418083,-0.025755643880546884,-0.05143585531546794,-0.047852928573064155,-0.09279091465725202,-0.06277262758852713,-0.05759618529396323
-0.059013744354274755,-0.0702861128650143,-0.20327571691186197,-0.19092647889336598,0.03887060999208284,0.00042483909389545715,-0.2835470397559975,-0.3289352695446743,-0.19331656271055409,-0.05176171212473333,-0.04452206921960108,-0.05773964610302645,-0.07811631338154602,-0.025046654470839407,-0.05215220577592193,0.018114147013177196,0.006595657685083595
0.03347205323221721,0.010052834232321737,-0.054536011972460045,-0.06506292464161982,0.04411819564990663,0.023628076336327058,-0.40273301219883384,-0.4152304195928534,-0.28569650395367063,-0.03875817558045138,-0.012658545485682321,-0.04807214000102206,-0.011967166563437801,-0.032432883293950915,-0.06470276376630044,-0.032242864405420305,-0.015179931287630469
0.029272671087050676,-0.003618798602948051,-0.06506368374881484,-0.07814712533755928,0.004781053219730261,0.02394457664984443,-0.4406740936857454,-0.46378543881907414,-0.31047961856993506,-0.015395423210658895,-0.049774718056441826,-0.046751232909009434,-0.067831268627562,-0.04383750043574378,-0.05304614320236552,-0.04069570053480926,-0.038344464514872584
0.022429488576667912,0.0010059994636778884,-0.05123748185251864,-0.0565721835026702,0.031455902901315745,0.008501450449413474,-0.34874533862710483,-0.32084599704973765,-0.2796705324818247,-0.014433190974551431,-0.037393240188857424,-0.04025909684612513,-0.07295637030219004,-0.039023335208700806,-0.07950639621362013,-0.025317681011562274,-0.017581010261650036
0.02844032408189635,0.04319641858334248,-0.013491612990684734,-6.598832571568078e-05,0.04624591199247959,0.02814623482161901,-0.39094710829069845,-0.29881125397550257,-0.2854833922949663,-0.02573000125239439,-0.03372045843576193,-0.06899053085729501,-0.06564618706700627,-0.020307153905724754,-0.04439419927072228,0.02127566006935321,-0.00828057682465655
-0.06372112683608687,-0.06876101357758943,0.33580646045685014,0.3650257493604237,0.06100592118637423,0.0826351903723798,-0.03032545011464388,0.027785150607362717,0.10847264513307799,0.2538302483405897,0.272200352540395,0.1900069468588116,0.1984494462403036,0.2580024853744171,0.2550802243643377,0.2295228478960556,0.2027570591045
-0.00311926789053831,-0.009471481961636006,-0.06771167400289939,-0.08802593912301764,-0.04028239914681631,-0.04165258030945357,-0.5167681318480739,-0.3713511947846593,-0.28730475063731453,-0.06407115854760188,-0.048509625699085575,-0.06158055728086609,-0.07584699130983731,-0.047744828590289924,-0.10120007705024589,-0.046797084768383214,-0.05157127579548311
-0.21407739431385245,-0.294938180699621,-1.3933251531658475,-1.3354171636034953,-0.9194928873636724,-0.09462000302881596,-0.38319825968299265,0.5480037316900503,0.5405504669802568,0.013113468860825933,0.052350301977470426,0.1785187879772347,0.20005408080319412,0.061517581174268164,0.08693275985768871,-0.489598388366485,-0.3869974621662773
0.0112559344449955,0.0018715589424679673,-0.03688115582509394,-0.05408567618328654,-0.02105628331494142,-0.008445949511056065,-0.32467718633391124,-0.3922582596520991,-0.3015084245877419,-0.025481592182645507,-0.04245165089043915,-0.07075425467102438,-0.054380633681295504,-0.08081367273546922,-0.061007191695296115,-0.05062870581360412,-0.050920766131711044
0.006602565250781505,-0.0005183914020690406,-0.03760586155237441,-0.04998473464684494,-0.013533899971413601,0.006958868474456408,-0.3398127193274282,-0.4008236699134587,-0.28224171571800066,-0.023175474041810876,-0.04066089508540031,-0.028724200145118877,-0.043018269981650877,-0.04636935723276166,-0.03884073939894576,-0.062486298796496205,-0.05282484720156453
0.022890153061349856,0.016931065435793646,-0.01308728307238007,-0.027223562243498145,0.03524385285597348,0.03588456214053947,-0.4650880244133346,-0.3222427512753893,-0.3046162145618838,-0.011739323492799832,-0.019514026530209977,-0.030244330946598546,-0.024398234876430065,-0.019648535441150968,-0.06905869386152774,-0.030888160892891887,-0.019729180123664886
-0.016006809691924428,-0.009643343123175087,0.34670356159828014,0.34534098962148124,0.074166219630233,0.06571997565534349,-0.09406544630855865,-0.01974185827316313,0.12302808784275061,0.27544549041594113,0.2755011832511304,0.22481471434871092,0.18324074958353823,0.27520220080326663,0.3177758853744309,0.21237766176060255,0.20459223193342804
0.015007664832661647,-0.013338118581417513,-0.020955682382355473,-0.039980360363885414,-0.02663983345395496,-0.006886561482066142,-0.37420154613508366,-0.1699435389464987,-0.10967364717355625,-0.019245918789031764,-0.0337011625586667,-0.06682870819294513,-0.05226914411569366,-0.04315298677791875,-0.04570225739172063,-0.03263842465674475,-0.04370931795574689
0.03694722758690925,-0.014797047886505205,-0.0736373817886517,-0.06737118237382779,0.010640976535049213,0.013757442327927282,-0.4109987854882913,-0.3917617386583196,-0.32330828548379953,-0.029717074583489936,-0.010470571399497215,-0.052693706116464484,-0.07176061428344425,-0.0626564227843221,-0.05673703131610689,-0.047886361701288,-0.04484507328428219
-0.007737540222361191,-0.0026682629663381213,-0.048059644734212724,-0.06637225936102142,-0.03433326762513191,-0.06571376056627254,-0.44366256713380925,-0.3323600367223298,-0.397017283746693,-0.02792250046916925,-0.05394156770402957,-0.045165863901188326,-0.022704396859279673,-0.07343895965382459,-0.08426513450693036,-0.04679494749391714,-0.0424390527135524
-0.07557471253128033,-0.07645544191664198,-0.22738842228220715,-0.19208447529702188,-0.00518987535309379,0.006039624897036765,-0.18942399236152838,-0.2057082944159349,-0.2771408653797639,-0.039310193618686054,-0.048734958634152815,-0.03936886497963075,-0.048746977075553116,-0.055336584918670266,-0.07256879361866204,0.015908143292286032,0.006426205688713108
-0.039100337464652614,-0.09061290669845715,-0.6540996814173957,-0.5850443300690338,0.1567404365810365,0.18184044280470638,-0.2995490931797541,0.4605565695778788,0.4974483746305286,0.14927813498937367,0.19862072258358776,0.19703854285974517,0.21965705234819016,0.10399446608298027,0.07310604547862436,-0.2038704248083573,-0.1577060202046228
0.003391916283837304,-0.02199933377963848,-0.06981942382470364,-0.09022198827128247,0.013932551082326114,-0.0012879967775909686,-0.428435837467272,-0.3479033148389617,-0.32333324435396227,-0.05864686623721493,-0.03006804855647599,-0.09857066508164423,-0.035411730749418696,-0.0650471561390998,-0.0769457528160097,-0.04153037037150675,-0.043500391333144914
0.0015450978541044918,0.014157953211192563,0.3915998086682252,0.36538260465895167,0.07555447000101623,0.07491306433735986,-0.13099659150240367,0.033441118357142766,0.13080604808765797,0.237019016551424,0.2975675604286927,0.24722777641790356,0.19546143970082067,0.3260534686860267,0.29356683987975163,0.24773592457439625,0.24691946258829814
-0.2419589100472839,-0.29036823784497523,-1.3459873336865535,-1.1617625714465036,-0.8144816370678629,-0.23008503402848532,-0.36459630822556394,0.5421762648995274,0.5564292904016138,0.01081193667812445,0.05229234988702158,0.2151893438221837,0.20861662156952615,0.09708362755041391,0.1212567477581781,-0.5114836486210155,-0.4087366599943733
0.010756632188336569,0.012034459040914238,-0.05840771629987209,-0.043961972191954066,-0.006611096891188189,0.004932947276921082,-0.4315514395146251,-0.3834712892296813,-0.38702873245147223,-0.03040137587734576,-0.003918381804335537,-0.06826351536500089,-0.04934431818243696,-0.01631396601547238,-0.07103929079893492,-0.03288476945568633,-0.035479028101728906
-0.1335421593270372,-0.23692679899420002,-1.2372027307087312,-1.2342820079879193,-0.5066654590972982,-0.2002295637592223,-0.2860337941201583,0.5579328445623332,0.5686142037918218,0.005137622110250252,0.02957548069642062,0.18792951954047504,0.21132846085573062,0.06852264981554229,0.10047705005689515,-0.4899880478197462,-0.454768955751437
0.01989403387048344,-0.007767151379230171,-0.05949780448281473,-0.06685119054256333,0.02883847779340195,0.010735128945756145,-0.35233695012407407,-0.3655748350169551,-0.3023425127493327,-0.05952030852103337,-0.033394252054042714,-0.04821627974665079,-0.04954826291400373,-0.013962141186479591,-0.034193334552367276,-0.0030761689644794644,-0.014368301016256416
-0.012213971614026363,-0.04349744235787272,-0.06920270058076969,-0.08698200448097268,-0.03153081855620737,-0.062030098396808155,-0.36348588602929616,-0.3473697546685433,-0.32261427742648363,-0.05514614614234914,-0.04237632730938582,-0.0680429629335524,-0.058593206632260475,-0.033882960671808654,-0.06587140984086745,-0.059858425522188084,-0.04921472394053133
-0.0870304758290353,-0.10138242652390694,0.3134388471536016,0.3134848176383507,0.053396610413406737,0.07628198657802432,-0.1834460305438033,0.056176418302294806,0.10996803462096558,0.2367954063887103,0.3196950293007485,0.19221066427271372,0.18691810374683593,0.3072027939715909,0.32907635650943406,0.23355273234944676,0.21790581591571778
0.00512811088615723,0.00770137112781395,-0.047271490780332104,-0.04324098728984094,-0.03749633971997691,-0.06336663607728979,-0.3415766374800084,-0.3557665919378852,-0.3124576990639002,-0.04734164592482208,-0.03689569634892715,-0.07599098587833109,-0.041827060023625386,-0.0463548443536173,-0.052758621043394203,-0.0422911408464171,-0.045445068279511974
0.022169888563678988,-0.034338048326213434,-0.05685152867951409,-0.07508223895734223,0.010116294057564389,-0.013445432775670226,-0.3151259249796924,-0.41451888558193783,-0.36278589417129575,-0.03955804612506582,-0.061034238778567854,-0.07069764144188917,-0.06855294583866918,-0.04521401526470345,-0.05599527683319936,-0.054252738184622354,-0.08025224511575636
-0.06076362198400602,-0.07937530474231393,0.24350009379351809,0.27517187044449415,0.11166301591942543,0.124056806385365,-0.23562528575659686,0.024045768734201212,0.10679979141319892,0.23595748499611682,0.26786781450375385,0.16990361485095073,0.16854570915875483,0.2726250938144791,0.23441084468549472,0.21283244552247174,0.22223958641374
0.0012588633620500048,-0.02455243606970342,-0.050329392062247354,-0.07674972264463571,0.0032729984268050215,-0.008252770874278661,-0.46508805787115864,-0.3380096447186831,-0.32557762210092356,-0.05559456991258178,-0.04723321062998799,-0.10503578378027366,-0.05333947241011134,-0.02574573152983352,-0.06695635347579794,-0.06165234672071566,-0.03685040182354797
-0.003976158013213674,0.012670717696411586,-0.04843172710120398,-0.06877526269889547,0.020588746264363973,0.023633348006790986,-0.3420770620520437,-0.2758385363263812,-0.30180221632570525,-0.016722414670638022,-0.018830568428147926,-0.025368818923705412,-0.04731018253104454,-0.04060481747933556,-0.05828762271691481,-0.05696160217555365,-0.043426599603234486
-0.09676892153123866,-0.06120238237869778,0.21197833110956174,0.2444166620219783,0.0772026226533304,0.12355690639387329,-0.33280250723186733,0.011711660598860585,0.08385301468719969,0.2394081648879162,0.2643236802805348,0.17666977286414273,0.1602151049200383,0.2126518891296061,0.23083327253030822,0.18358994044792395,0.18891105990773013
0.036890950442653926,0.0065316569220536256,-0.015138911336941778,-0.024623801686703514,0.023082285281976565,0.04856636041971412,-0.3967951837363325,-0.32250442612652186,-0.30061097383883245,-0.055564941429845915,-0.01954504638929226,-0.038653177990211667,-0.03178931001969895,0.021729292418497644,-0.04294453260616338,-0.012534265281211442,0.019779704672414196
0.03543729005883058,0.012773034949003068,-0.0683431358830402,-0.025703264057229402,0.0034145690257784927,0.005907526649859714,-0.3748084382615323,-0.2918613306863587,-0.27427297887865354,-0.04623002271502508,-0.035979145102818876,-0.04986430883175088,-0.047844535967658766,0.001635649373072415,-0.02293187360594983,-0.021448415600495034,-0.04220697874414063
0.01952574785136994,0.01574617368314001,0.3576032794877417,0.3491704960381036,0.051726796856631174,0.0829015106603804,-0.16661461501314384,-0.0064853737891210975,0.09558998578572753,0.29139238770098186,0.2713553563206644,0.23129970189754973,0.20846627554461228,0.281722282816644,0.3327430257408627,0.2076110763022622,0.20943950146733076
0.04003513931954557,-0.013523826779746655,-0.08215901740235346,-0.07084431498692674,0.034417902803597945,0.028535682912053228,-0.487322851071494,-0.30416066006476633,-0.2625966826516406,-0.03234546410651703,-0.010613305129820035,-0.050056517588710034,-0.04487419645915097,-0.06077657884670877,-0.06499993308298786,-0.05594958116572871,-0.03216035122086107
-0.04029114899108684,-0.05419798337714632,0.27342033813282074,0.28689997228826714,0.06986420926440405,0.05650975913756241,-0.34181913686418075,-0.005354075481441737,0.09241614478173427,0.21567340174970875,0.23817216921957274,0.15324100384220446,0.14511003304466108,0.2818549891919439,0.27832090019207467,0.22731766190172228,0.21105465789302244
-0.03133603653760914,-0.012695909348938234,0.21642106565251962,0.27452396698078524,0.20807062078449018,0.19684667448122736,0.45503780055741605,0.2182823673934922,0.23187206584855577,0.24093286042136422,0.20782941816917613,0.20283387988783497,0.16702236870870038,0.2427464364592532,0.26959831285020214,-0.27279167954910744,-0.262237519206657
0.009270102959487657,0.03508307778502842,-0.017537427957478098,-0.027553366233673427,0.023743458767675276,-0.006279872878523232,-0.4554451937208647,-0.381029222936804,-0.264093819296755,-0.03269438253714364,-0.01167419461800884,-0.03932122277776861,-0.03932704510964476,0.008001844367122904,0.0010932837452463761,0.002917162738428531,-0.0036199289974465578
0.015739940903651828,0.02627410211180766,-0.049213361492177934,-0.06489423745515356,0.025319670327176212,0.0071920959516554635,-0.33480031978988933,-0.3249233024258438,-0.27437028523354856,-0.058313676485720375,-0.03173823553145269,-0.06989140712850977,-0.032424122277313006,-0.022375767011927478,-0.0520336167123586,-0.044257767436968305,-0.023697884453125692
0.009614848102021473,0.038669364298391184,-0.032057040127335734,-0.017425874436699233,0.02804208427673462,0.015494118754691507,-0.5476885506739153,-0.31868789741496795,-0.2797264546912047,-0.01760978811311026,-0.029130694083926892,-0.06705462235926729,-0.009569331572808348,-0.022853823990639403,-0.05358989855160614,-0.042446352490958295,-0.02729579394429982
0.028192730862078408,-0.0004623172769137897,-0.08232201684617985,-0.04794908228403294,0.016239845008217013,-0.0038275488786084617,-0.23992787100252289,-0.3159884215185589,-0.28756529278832393,0.012864812320777564,-0.0416103194145875,-0.0466618703588683,-0.020666760977132284,-0.06626852773540955,-0.06347534597475793,-0.06298856561635954,-0.056865107639133224
-0.11943586941273802,-0.16632350328260104,-0.06855555639416717,-0.08035664942747095,-0.11449181560659226,-0.05091930114049826,0.09113933303956134,-0.5972822253836652,-0.42467036076984693,-0.18735792513320615,-0.13880469333198905,-0.1546715971592303,-0.12850310765557532,-0.17028833840275998,-0.1927909010503967,-0.053050064091033244,-0.036128864487006765
0.03531962753375628,0.007976214099482857,-0.037533520221089585,-0.05562119679012153,0.03985994453870505,0.02496968991964354,-0.38482353313564766,-0.34302154201821916,-0.2411306541755368,-0.05417497531804801,-0.03193876222719653,-0.06705876103221564,-0.048024341264627235,-0.06721182552619118,-0.05613921119731842,-0.044035772308201,-0.041839358517981616
-0.17858332598831947,-0.2969813097126039,-1.3807372814337893,-1.3455304412899771,-0.9330288464832949,-0.13764360945996387,-0.4663627906328557,0.5244551209873498,0.5501554665003543,0.003755458888056362,0.019458476860193093,0.1778309729212155,0.19046541442530485,0.057017843414126954,0.06853061105017531,-0.5442212803588727,-0.38048498963367544
0.02308668054447385,0.0027523900891652797,-0.05991568853401068,-0.057722528646734335,-0.002734617781371521,0.027325250550815815,-0.40353380574910885,-0.47599642636543016,-0.3442486857682004,0.004276770130584349,-0.007011716072486677,-0.024097422372499257,-0.016279191758575458,-0.062288421002177304,-0.06638743818846016,-0.053454769185770454,-0.015152068818889182
-0.0535366362845387,-0.0647101786093368,-0.15726457791538578,-0.1724975511816828,0.04087449265509839,-0.006609489679595651,-0.3086632337859689,-0.275905166812811,-0.15368407816968183,-0.0569422702857283,-0.013901029817436284,-0.028944645690167276,-0.025075252450849746,0.01818967517487588,-0.034902084787052805,0.04031935563758643,0.04322230097602351
0.056346178524747666,-0.025467730240100607,-0.1089366807365097,-0.035928369206310797,0.0480698591837763,0.03402814882795794,-0.3316152783002323,-0.3289926676351474,-0.3067574979604628,-0.0012961880714273098,-0.033572205603319555,-0.03849507558474046,-0.06146728912572098,-0.06233391600341543,-0.08550352535732915,-0.06696894227343791,-0.022914097242974104
-0.0001356126269593678,0.007922172782630061,-0.05841055506103084,-0.06825965468466937,-0.0008002788776786587,-0.013091077321119459,-0.462707930704056,-0.3338247697250182,-0.22446345012846453,-0.029734711575072438,-0.0592458842233959,-0.040510246243653784,-0.050361598737485115,-0.03954976084518338,-0.0597051557067157,-0.05174141812638233,-0.06258626463275242
-0.0016905595029214104,-0.0011270349670029934,-0.033472756912629235,-0.05202163057800285,-0.019953123024900325,-0.01632076681226253,-0.30508238780845154,-0.22982300745078368,-0.25208243312357326,0.002483407196090605,-0.0616448345189823,-0.04446639359595828,-0.025875286437112854,-0.058153551245460025,-0.07433910233995272,-0.04614267148202782,-0.0528855795864158
0.005068196930606111,0.007333356318008656,-0.06143282208227555,-0.024448729969043306,-0.00727438170304768,-0.036643323237480215,0.13162355146998103,-0.48901098112029767,-0.375142739088664,-0.045566736134079695,-0.033045409799632254,-0.06640634984227979,-0.07013007475530661,-0.02927325151280795,-0.0651668615336129,-0.09614823303608139,-0.10930956255033755
0.014921466330614867,0.0236542290060804,-0.0348185628274504,-0.06839742711715402,-0.028659538326684,0.02279875177422565,-0.4938579161825199,-0.4379969615957073,-0.32763999451573267,-0.05740088281396736,-0.03385849492679629,-0.047232686535544896,-0.059548837668911746,-0.04066460463330467,-0.034943348723926744,-0.014640419902938457,-0.04557390499164821
0.10897135737755698,0.1489496954690472,0.0036742246140996464,-0.026881169769010876,-0.35589704071359624,-0.25369526193198494,-0.16786662979639055,0.19372370866714803,0.23093833947224657,-0.07694329812317634,-0.019814735414841373,-0.09230353018098972,-0.08971948300636358,0.0950486059220755,0.09019815652800794,0.3087951792527217,0.29516840024560764
0.018674002363382774,-0.004642179356188641,-0.060328286676763834,-0.0886419970881469,0.01271932149524512,-0.026258676372913303,-0.344802909004289,-0.49063407284085614,-0.34491459113309353,-0.05763351505008862,-0.03344699293301561,-0.05935815584713428,-0.045463772166924314,-0.0772501266015584,-0.08494361814285101,-0.027056606426459785,-0.036659094759926424
0.007909499428815955,0.0028302992806771383,-0.03269127953450592,-0.04059719166263145,-0.017016499517084338,0.018741944698978052,-0.44207326054309626,-0.3653117968408124,-0.2782490082351121,-0.0004016231528877677,-0.017805807561883328,-0.02910955133030903,-0.04091780012980097,-0.053734833457167626,-0.06843798748526961,-0.04320120199320613,-0.03504821824116525
0.016800154052366872,0.004410590143401168,-0.02663506945982382,-0.05742649874875222,-0.04858288150830827,-0.08727833679523146,-0.45299194526703246,-0.352266257105065,-0.4590476362785505,-0.07646000127263984,-0.05484664859015945,-0.07151800607341331,-0.04785331255709868,-0.04020443628177236,-0.09291472417749626,-0.02810327036751615,-0.03293255083059592
0.005265373929979265,-0.03681106320487879,-0.09953559595670089,-0.08436715636109357,0.025701406705004346,-0.005527726118216782,-0.5109998816086,-0.2734513738347159,-0.3085914252488023,-0.030015851651265628,-0.02356707757007957,-0.05403756273106338,-0.0772639413435668,-0.061508045052529325,-0.08484187910027423,-0.04948163838413915,-0.05441853496406133
0.024929232626984748,-0.017446561537417322,-0.04655866946460889,-0.08254655822436838,0.018518642562195632,-0.005702706933226955,-0.4098883535915418,-0.3699462807215305,-0.2568976908830396,-0.010411556437704389,-0.051626827901784175,-0.03527178230438464,-0.03949542262052204,-0.04231510318641474,-0.03596962474483209,-0.04914144208711333,-0.06545797485676838
-0.044900725050887116,-0.11287288797535737,0.32698208111949834,0.33730172076107673,0.12513013123663005,0.12318291637627823,-0.056962648805470945,0.02999916257535916,0.05448123366190084,0.30263148725438593,0.2640226297296021,0.22902989307484195,0.19968024709849852,0.25168949723889605,0.32218537693864235,0.1863248503787225,0.1857929344345332
-0.038566762739697294,-0.025826852994580107,-0.052248048070750897,-0.06146971528317588,-0.035716966236234264,-0.05299430425897786,-0.4155529157405675,-0.3848308769785116,-0.2250148558062899,-0.04655809380121937,-0.05248718521633107,-0.07256086410483831,-0.044031718662336926,-0.03023436270946899,-0.04250780384744196,-0.04349030705188386,-0.03549102569187998
-0.059906617792692705,-0.07424393301357436,-0.1900630962461321,-0.21025677745488663,0.02170860287347625,0.00924958554223395,-0.19916772301168778,-0.2871491561286154,-0.2104069437358005,-0.051769520843010244,-0.03815830055733137,-0.06942199500148534,-0.05617165610972959,-0.05537656897361306,-0.06058565746966523,0.02006067606881541,0.011298816601313419
0.0006598064022470255,0.019536398328868568,-0.03168603523997963,-0.029606422244202506,-0.01537102912751502,-0.0074613984221451775,-0.4174276731960682,-0.30796220475457314,-0.22679925311215743,-0.04319415779907581,-0.05674487528986985,-0.09186086504475152,-0.0384036932283133,0.007055062431679054,-0.04250345086040214,-0.03609990736968558,-0.04690197068895103
0.011239890988005945,0.009120982450512091,-0.06188069661374746,-0.0791666830222486,-0.020165564166807665,-0.03179355827717339,-0.3937304357258867,-0.37139435502113016,-0.31458677318180794,-0.06120074845070795,-0.049920006927549346,-0.04885376307526527,-0.08032915020458221,-0.06338504839749058,-0.08489171207315407,-0.0366579550787293,-0.041307586068738515
0.0150445662984828,0.013890640626248788,-0.017107475776720765,-0.010656398461537294,0.0026536360881868567,0.020860460953923684,-0.41273870054696965,-0.30018212316060033,-0.36992764133129796,-0.0903049872119692,-0.021841814076850704,-0.03780071003704242,-0.04540098236464746,-0.0024409049876058233,-0.03632456526774215,-0.037021219329127865,-0.035763759286574756
-0.05994382432344823,-0.07229672237218403,0.24683648388314094,0.2797422579438422,0.09470799776839234,0.1063940471850906,-0.2479028580887823,0.0052115685982891576,0.08318056923657449,0.23153127540486862,0.2746329487364029,0.17327105057508127,0.14025747656546836,0.23407197555187303,0.24677779681068804,0.21154042314334082,0.2059197786648732
0.01638622019750489,0.04742764825226643,-0.09565742243092942,-0.08533938015157617,-0.005612391897895666,0.04350944994964346,0.22256210218451725,-0.22018247742443042,-0.16659659667407828,-0.07683754868592152,-0.06070490047754564,-0.06428989575777078,-0.04760125383153055,-0.018152416845321147,-0.0530392645058849,-0.37827380366371366,-0.39011553678800737
0.014812282430360119,-0.005215270967666947,-0.071042031601841,-0.06913472556433459,0.005430138106217772,0.006439615073413865,-0.2971067460614133,-0.3156677050688499,-0.24936526080512428,-0.035659349331042936,-0.03060331093959852,-0.05986335316410435,-0.06283799227257135,-0.07327566784776784,-0.05464840636511534,-0.03418911205124607,-0.03863066926805368
-0.008844426671510261,-0.04585610985570889,-0.12777747357140434,-0.14347851234866518,-0.19781970167520652,-0.1430297208344328,-0.45129958148358784,0.11509784499633789,0.11615418129848461,-0.10196688937644073,-0.08841638918231128,0.1187293949768777,0.15308131599278976,-0.032719410641539166,-0.11803789301815566,-0.11843920282768645,-0.13261082465504878
-0.015302002457810916,-0.005913925172522091,-0.03066558968306017,-0.03523770766656086,0.016197567503247853,-0.040025171774890546,-0.3418208622075581,-0.23982533889993388,-0.32118202298162757,0.0028725796301213463,-0.07216442958406537,-0.0057960437825261895,-0.03532686766196869,-0.07824438295834617,-0.048882091407463524,-0.019854630687202227,-0.04149481982875155
0.0198048058580151,0.001253858680790392,-0.04835771139929143,-0.035843422238766715,0.011952959658787262,-0.024078618701288055,-0.34419064930422516,-0.3285033946109165,-0.2973242780492552,-0.0491045237116635,-0.0424444538061848,-0.042011236740718896,-0.05554571512978558,-0.0340933129593111,-0.02197430894221064,-0.041735223797316916,-0.03480192057237395
0.019102220566378593,0.009864009706893764,-0.056400669170616174,-0.04212559649333214,0.01862428837816862,0.012290164512907013,-0.5041273503715088,-0.4253383868471477,-0.3148473893084292,-0.03926326993664963,-0.014384029069380817,-0.04786853886316596,-0.046829477250354835,-0.0025961022528958313,-0.040939478063722445,-0.031355059381709405,-0.03774539343741815
0.031140707262034426,-0.0007488671174765101,-0.02860805537339633,-0.07439752489283552,-0.006885428098186936,0.007186463628020372,-0.36514295872769265,-0.342516689447217,-0.2498647489376093,-0.012225751138163307,-0.03334102338088774,-0.03281814254265155,-0.06471218819301305,-0.019564283478211694,-0.024313027894513485,-0.035879733937286114,-0.03981889138459568
0.006265874277588608,0.0027454316646303902,0.34536464058332333,0.3704805202048786,0.08106348760430494,0.1082849422970308,-0.09893127386503889,0.018074803633706872,0.12347771476319405,0.28338948483477366,0.27220687377788316,0.1974256305596218,0.17151417930170978,0.2945774695469322,0.26046409848655727,0.19897666303364295,0.184406302219893
0.037259761275904996,0.020215001171554708,-0.021871215044694744,-0.06570874264235131,0.0412757194401171,0.005601829889811384,-0.4255181766929147,-0.3191725900125858,-0.31573778368276584,-0.04270320038330756,-0.022244953660036103,-0.037922661906482066,-0.06518567371196085,-0.01947627791101154,-0.018706421406913597,-0.032128458811743976,-0.0357016566883406
0.011647159930132758,-0.030154736059928196,-0.09162551028203363,-0.10548794524553846,-0.019459081585333323,-0.054219435960434624,-0.3235065274700746,-0.3580948642860082,-0.2874177436400181,-0.033493130690803126,-0.03823927232585715,-0.04872649336091687,-0.0726204315143834,-0.08491690667415691,-0.11717462925228264,-0.06018332282175474,-0.07975366913023356
-0.03703647509127806,-0.03557330243650365,-0.15628091343375455,-0.17948369554662272,-0.026755621792720934,0.0029399673427172104,-0.22150992953185045,-0.33033674508039873,-0.2519460794628972,-0.08661156724228466,0.012080448468930869,-0.026897799649431564,-0.025555471229174863,-0.019877281711522237,-0.05732716788568685,0.02176321597564079,0.018046900270297633
0.013936023684446713,0.019581262587544897,-0.048929247923727756,-0.03422257456644419,0.03687845643918508,0.05179099815325394,-0.442648039427987,-0.47319048792923835,-0.2588878096188804,-0.06775649438068455,-0.010589983923840477,-0.05050849443473197,-0.025694568920436645,-0.03400157809582696,-0.09206745422023754,-0.02692268153053399,-0.010909469372252855
0.01189036531823326,0.03391395552726697,-0.03791851899696711,-0.04573669522373136,-0.0077503424320733,0.028825444842690683,-0.4386337672226406,-0.37456216418324895,-0.34858641789583483,-0.03257905133849403,-0.0132740544950316,-0.04399324948770367,-0.03642474462759755,-0.05012764212194433,-0.09787584058154553,-0.02389779128851442,-0.019962744101673018
0.0444978688705851,0.012538914015619516,-0.020021294010069378,-0.03447765627732877,0.005300194887822553,0.034382059655825435,-0.43505454148399436,-0.40882531736432143,-0.2782947043015424,-0.03847159393637786,-0.007276388419673133,-0.01179090588288674,-0.029861120669332955,-0.027886675842436683,-0.013318073591397691,-0.0178753235950806,-0.031523026984604366
0.013430875243395705,-0.01361345163563287,-0.08656302441017863,-0.05106045514721047,0.014589194764205298,-0.003407871986631163,-0.383401067343416,-0.4062000840437458,-0.27006704214197774,-0.020005384860910747,-0.012306607685872294,-0.06661032678235677,-0.06873786272994487,-0.03478271379044199,-0.08260164458789425,-0.04050028935259125,-0.030230374824911126
-0.06514514323689409,-0.10397393610815267,0.2266311925713441,0.25940936946796544,0.08873954300692183,0.09676364268152486,-0.149727246065908,0.008535863753106318,0.10316886979180208,0.2670978878373254,0.264658122190972,0.19080026780253836,0.17628317105032254,0.23393276310159714,0.250824426958088,0.20933649736290236,0.24625262067887133
-0.15980204097005804,-0.16624840863033502,-0.2892352808088451,-0.2774804095163652,-0.04629003576000194,-0.06514263307306474,-0.028221573165619046,-0.3185622765043337,-0.21818057612078323,-0.04784516010195803,-0.06365406205950155,-0.006265199500193048,-0.03975483654755243,-0.12314227730303284,-0.12155372956051637,0.06335561164678279,0.04984681563559077
0.004668696567120945,0.027457609514217707,-0.04572317985000581,-0.031230846614270228,-0.005326058866966925,-0.005217271614481816,-0.43231849974277997,-0.3386829662787922,-0.2957254949492192,-0.027010664606857453,-0.02478664280261168,-0.04623385417758904,-0.032005894683838784,-0.03393026760555874,-0.07645890775101888,-0.025022469578373865,-0.022156541022963987
0.02059268413872223,0.012604075463009736,-0.05957114909064882,-0.043929432443789246,0.012819717216524643,0.023091829976698428,-0.4683242409178489,-0.3395256392470591,-0.33699923842988594,-0.05248928223276959,-0.03424894667975963,-0.03849133405515987,-0.06155862722713292,-0.025295064820919082,-0.06076571147093373,-0.013984233379068131,-0.034617523182018814
0.01969647795519051,0.008766214873813988,-0.053210618061934035,-0.0445194881927861,0.027115653310782126,0.03530844156561272,-0.3771952674187983,-0.3586419637987694,-0.2976048244350147,-0.03533285513434226,-0.006413172338065807,-0.03257642273311969,-0.03650395984105951,-0.038408478805829205,-0.05437001524564341,-0.0343620635041032,-0.04788254243129338
0.02371599078087637,0.0020315214224446614,-0.042670244335238666,-0.03089789134823903,0.030555271339106304,-0.04391133119288473,-0.27295360092869697,-0.28825963413773553,-0.3171581717752941,-0.04843001245024177,-0.05778715291814438,-0.02343191098602302,-0.06017266026412637,-0.05358517429874083,-0.06250528012014157,-0.04496723739846085,-0.058377707340929695
0.017744880044818962,0.0039596573469593685,-0.06184146875240406,-0.07077734522051655,-0.03581426364318196,-0.04707514838888095,-0.4154025030847234,-0.31997031238660567,-0.2950794632662536,-0.05268577160548547,-0.044953910264163274,-0.07753149093922346,-0.04922954388914668,-0.04238007478054734,-0.08259764367095253,-0.04112180673884824,-0.08065604555646255
0.01655805063839682,0.0028439688275920805,-0.07594768108125434,-0.06513768074290686,0.017106284745539505,0.014373640308238615,-0.4195553929440241,-0.5418755550764431,-0.3294171829005492,-0.017650292339541615,-0.025272143853926527,-0.05602414966738941,-0.06569650623607359,-0.04910760752770384,-0.061422755555013926,-0.03802078932722724,-0.036376418663563025
0.01637209832429452,0.020772954097067763,-0.0434179807733278,-0.07216409454004022,0.09745401450485619,0.037762060867208326,-0.3803933330071739,-0.37423699931381804,-0.2996758873058167,-0.058366509538987796,-0.029140350757613533,-0.0683639418332257,-0.04917603201234458,0.001755475131853,0.049899443159262966,-0.017928001369041845,-0.02148792990378854
0.1454323238546516,0.12646347191558807,0.0680830940078175,0.08324757764246805,0.02574110421902606,0.018063211430130278,-0.643099203496833,-0.4800044488584219,-0.41499961533131285,-0.005928112245206777,0.010288971858243684,-0.006733032810042205,-0.04505558442443098,-0.008547420922056492,-0.03284779768294466,-0.07932866787672975,-0.07835663303782046
0.009877294219135876,-0.005793752575136876,-0.07360325935004958,-0.06486799755143256,0.01825307785781077,-0.0023115965016018043,-0.35795552980065165,-0.24196546689451862,-0.2896553381256665,-0.03337491922022346,-0.050925520334812804,-0.036949184665346406,-0.03557796897170435,-0.06085206864422642,-0.03813876695003528,-0.037202229263186684,-0.04081982350244653
0.007452467355267135,-0.018956888005163503,-0.025454563478642486,-0.042785238154495885,-0.017434434121464098,-0.01609908191270161,-0.3180420155457979,-0.317316457607934,-0.34010452024409593,-0.02609912499035078,-0.05431928651525359,-0.021996711984064287,-0.014802476148156302,-0.0745177189777337,-0.04884783561967369,-0.044795620680733894,-0.069437534777043
-0.05530732948035807,-0.12408648229856233,0.16335575927017393,0.15342793948239597,0.042326133523684674,0.05455395437031539,-0.25185667410267254,0.018160480831428683,0.10773499097547976,0.2437607939112145,0.24906329924557943,0.13996676157952956,0.11596051288563299,0.2202577587506985,0.23399756645949524,0.212313231764888,0.23783985309103473
-0.15771066099973008,-0.22561840054142981,-1.1830324273531165,-1.131317634417389,-0.8396607419613271,-0.16055695991182672,-0.44911473705372135,0.6311592699186092,0.6488439991266626,-0.005881173157538301,0.04518522534173911,0.21188331740235372,0.22159785237247417,0.1094795326276539,0.08720473923105247,-0.40521380534146373,-0.3179462660107486
0.011400334854356903,0.027314901857374733,-0.04766952353335282,-0.036743442224011186,-0.007274067678272608,-0.000472196898699779,-0.40857021571689006,-0.3705851621497584,-0.22655245011549993,-0.04158360469845988,-0.014231137454520454,-0.03870430002815912,-0.04663194680368126,-0.0005369366150405255,-0.029946224912055085,-0.03655864707601944,-0.018571020791125367
0.017261071986981895,0.008897017340123905,-0.019877626832475532,-0.05280347787040614,-0.015664984631101282,-0.016630907430072134,-0.4080664667086239,-0.43200991243061504,-0.2929656911766321,-0.05080149126275606,-0.021465618165154597,-0.013562427868369057,-0.042916182130008015,-0.0074099953839130836,-0.0694050874105396,-0.011125227288284708,-0.01171991800091865
0.025247957018176986,0.01941400230553411,-0.06674372061682517,-0.0624357125353815,-0.0076168919694649595,0.02378819085786306,-0.36931863078152377,-0.45877966498588335,-0.36635972049479315,-0.03351335256977684,-0.025097654098914575,-0.038914411846051884,-0.020702348461330993,-0.05495694698533074,-0.04897191743672063,-0.02241464527539169,-0.035169896989820155
-0.025821210439425726,-0.02669636314795647,-0.09640060483648662,-0.1583137248115447,0.08769061545405933,0.06939950819955525,-0.5074910899096183,-0.5409852344509984,-0.4719102387500895,-0.05433966912921534,-0.05583283114890341,-0.007671547343083697,0.012039671760973742,0.0020141407664846637,-0.037627218220804275,0.03281369348997455,0.030214431139076903
0.014234514760464013,0.01814835369865635,0.3251845669589194,0.34883467097414006,0.08613590290734695,0.09723247147929139,-0.17245525543022916,0.043897592131755404,0.09305619761242584,0.26157754082571205,0.284953457307282,0.24280994492684016,0.2087226174372329,0.296071047977053,0.3009987607819212,0.20701288156117448,0.20727873433038474
0.0013931887719557969,-0.00943441492830973,-0.009508523875641911,-0.06408641547203524,-0.017862833780723474,-0.03205619909352816,-0.3675261254180632,-0.37957651348378196,-0.3157963570149007,-0.013922704587864189,-0.015284115039064464,-0.04803090551981128,-0.04911306414285095,-0.02357293584476522,-0.054815968911015076,-0.044392625247551075,-0.051664214029404354
0.03324606837676275,0.006661801298015828,-0.029494128637941725,-0.03576561396739518,0.04113624151904726,0.03453770060528869,-0.489340780385591,-0.3445256512506103,-0.3222059512954687,-0.0359181547165861,-0.010332428970664966,-0.03770158546071494,-0.03356139903424212,-0.027240165245426783,-0.030646611488519174,-0.012001012756038522,0.013966012190281032
-0.006072788692489611,0.03706855318070866,-0.04827913767739988,-0.05007694550664466,-0.042443223771939195,-0.08111080985434051,-0.33999601352167574,-0.2992312280271818,-0.41018875420228174,-0.04495430378629003,-0.06461417028850414,-0.08994826049163969,-0.06059465655527918,-0.03991892699330251,-0.06645503759058331,-0.020351325650810232,-0.024869069830770866
0.04746730406834135,0.027288966338540437,-0.05465708184437772,-0.06402431892265198,-0.0027744323394093178,0.01577755465458982,-0.41608318306324144,-0.38840255698236686,-0.3071615133402483,-0.0600305506230073,-0.021365996751693598,-0.05909314313005398,-0.07536692478606216,-0.0540403961882302,-0.07693108529095985,-0.008248538510769076,-0.018638032396314123
0.019031114441214227,0.010807705251282527,-0.03611381308968631,-0.027283711730690927,0.02311438268799201,-0.010033555007188603,-0.43622788134217105,-0.25198274525749625,-0.2888077399246889,-0.035158911161948754,-0.016198476951733223,-0.012817040438264643,-0.04597445598311952,-0.02839194883154764,-0.05875278106147153,-0.01586115494762367,-0.022229180982727272
0.027454775606598883,0.012679462525060753,-0.032364259537034035,-0.03288171302713153,0.012568707564390807,0.03720917462663661,-0.4642699668571753,-0.3822778547425594,-0.26268970832732524,-0.024296385137919076,-0.015997978296413824,-0.03622112232136857,-0.03531436397173941,-0.050340153822574424,-0.060595743455270044,-0.02964885798765291,-0.01738381258308243
0.011090004683772938,-0.060265345199127476,-0.11281634403449876,-0.09395588329455679,-0.0020009052572701755,-0.019323242647216438,-0.4232458219570305,-0.38700555087536254,-0.27429105589306835,-0.05755954349856484,-0.0503927597354336,-0.08795421794030807,-0.06793425980228733,-0.10124756990465522,-0.11693090008502414,-0.08659305429405448,-0.054867157369475485
-0.23235861498045537,-0.36402897764613323,-1.3443590765692761,-1.2129366174020524,-0.7195660812605941,-0.12215706961300161,-0.32962262345757604,0.5345983276810301,0.5411705403174034,-0.04089421041603218,0.01977929426916877,0.19486537418719818,0.18265011894246017,0.08613945294146824,0.07855793395017842,-0.5859399883180458,-0.47194452272062737
-0.0005136163860563338,0.015714727984409167,-0.056570808267431646,-0.0524588518735972,-0.020451032194867862,-0.036875465840450254,-0.5041289628850751,-0.3741397251278444,-0.2698706047932189,-0.06047088479116336,-0.021537897920133175,-0.058485063201992725,-0.06254150781842786,-0.05586725621072248,-0.0858636701250084,-0.03104527008978889,-0.034265886799095646
-0.006127498492916165,-0.016460042018471236,-0.04607653984858145,-0.041922978514044466,-0.017742205425371166,-0.01608666178786071,-0.3679107384601764,-0.30528946395358725,-0.2938727992129742,-0.004539486333743703,-0.01883943617287383,-0.05185400360990833,-0.04643111000735655,-0.05710504823882945,-0.078890439222045,-0.06371482614328355,-0.059017757016534715
0.021946211012545142,0.011979593656539084,-0.07641875686381712,-0.061325226217928526,-0.028394084098192832,0.01891419984573471,-0.44756036798634746,-0.4987942455812449,-0.3944001797516378,-0.03386626801284304,-0.01562277133991899,-0.052776407598376075,-0.07188453550426994,-0.07241828874354582,-0.03597101372695374,-0.014114604874137043,-0.026018188469786083
0.024624246690929677,0.002808223435810315,-0.07725329385923149,-0.09438700723825323,0.009607122310667756,-0.012102980558164443,-0.381228281051595,-0.33197183931304125,-0.28225728091614355,-0.0315449667821293,-0.04441929759500208,-0.09010301337337483,-0.08693515635789295,-0.058081116065434354,-0.05975827011585544,-0.042495228720915545,-0.049195663870390656
-0.0009551388378620082,0.004209772117586993,-0.07708748162915705,-0.10772127626272524,-0.013510088604780446,-0.0354018587725681,-0.3462491031645545,-0.30405742327892943,-0.220000554480902,-0.08167429856895969,-0.0631285365873037,-0.08096108045245604,-0.04550669905330637,-0.023577243677624527,-0.06094507382705119,-0.036579517186000915,-0.0450226627435718
0.0038129783791656545,0.004489267105412966,-0.03852020354260536,-0.039566786898166915,0.014791490756069482,0.020157418537043333,-0.4486111070995242,-0.319756604721146,-0.2309436787324707,-0.04446677643123364,-0.014130476257890795,-0.04368690715910606,-0.04090383215996738,-0.036623952100387915,-0.08578232890201816,-0.02586439817672339,-0.014859698701411806
-0.05669601520640407,-0.07581941333733443,-0.15965006679500454,-0.13003019126305035,-0.021157978113337795,-0.012558056577322332,-0.17229828698230176,-0.263091023647794,-0.28522684174463503,-0.034972011223389964,-0.05422158751318398,-0.09733709761197314,-0.05993359336353696,-0.12732057526793902,-0.1184585595076389,-0.04221377257030276,-0.03776951301274683
-0.005407931392784406,-0.01702918275083183,0.2594171299827489,0.3086209787180758,0.09229051870468614,0.14454682677111055,-0.19359659974516474,-0.04151773965196886,0.10976060692373697,0.23768398422823894,0.2844801834237094,0.1777332432803801,0.16715605963399216,0.26304055300968254,0.26826165846705347,0.2280445421759277,0.2355944329393624
0.003647399742019881,-0.021774252015229072,0.3209504749603482,0.35010016643580033,0.11294756619917679,0.14411877986913463,-0.15832318800225972,-0.18241405472888966,0.06185545653227335,0.2993691748653209,0.27895984410533414,0.2083261482806119,0.17961135007179335,0.18554606296157092,0.23356925628360797,0.19935428160742644,0.22291855429104165
-0.2228675894201205,-0.19927855709641767,-1.2982967368584464,-1.2375350351263084,-0.9237550997037113,-0.31361342658038144,-0.4242830728573715,0.5205471556198212,0.552477478371975,0.00045522669350730224,0.020198863862854858,0.19927677325693838,0.19163397305233068,0.09153530540310355,0.10563124033953714,-0.4760265056247713,-0.41036767912106614
-0.05517231635736993,-0.048411065220606245,-0.0636245974500233,-0.04574137104233307,-0.03390208541148624,0.0043248657394038366,0.10144002695287763,-0.4614773722869187,-0.4155695566147682,-0.1547003124626628,-0.11463250548672614,-0.17279770083966897,-0.12274442943113129,-0.10073872143037069,-0.1456145779713279,-0.4393082380038816,-0.43443369413669897
0.015815422634176318,0.0032688261509033114,-0.0529749113366149,-0.05078915323613973,0.013903988771521015,0.03762794083277721,-0.5280966621259435,-0.33755143577563623,-0.28600442010198096,-0.040792349595162924,-0.022538914514149466,-0.05693968575005852,-0.028075746403275245,-0.027311432558326448,-0.051696224460977734,-0.034590646374889025,-0.021987894465325886
-0.07261758423656964,-0.12944731270417598,-1.3327267880487241,-1.270156273436509,-0.5966549533170681,-0.4179279660998736,-0.40353320620464744,0.5590133452624799,0.5640211911763134,0.07196401868347505,0.11600430703978691,0.21377105614890501,0.21822873504722431,0.13419452269185211,0.12705823828747123,-0.4329191612667005,-0.35064996460386194
0.01304771749938824,-0.0032936967393117087,-0.0415509903599566,-0.02564456985639616,0.00038687803420638697,-0.028191200070967547,-0.40123816825880504,-0.3738786207574272,-0.2506479586502269,-0.05803019314512453,-0.022194393384740514,-0.031083634124225736,-0.026299426408767496,-0.021282429690185893,-0.06497686297445279,-0.02636725728090836,-0.043991066565131215
0.01106618551412674,-0.009146218591060094,-0.049647214344573996,-0.03642010278031899,0.015874091624939933,0.02575977663148448,-0.3994705309658527,-0.343814131646592,-0.3076711188759313,0.0001287521744591188,-0.01989881990802249,-0.022945557184123812,-0.03542405195877037,-0.046078339660852154,-0.08526682220999156,-0.04592753300643483,-0.037593236528495895
0.011853359571199144,0.005332584581253938,-0.01666898020247115,-0.025621304470932568,-0.0015103326313898498,0.03733610465056211,-0.41539997086620456,-0.3510967464776791,-0.33929436000246127,-0.003507703272828991,0.0012053379634461578,-0.054123261469601225,-0.035532434084068476,-0.05814011805809271,-0.037735770400813315,-0.03536000260842298,0.004604968559229818
-0.013224982769530592,0.014896233952716192,-0.038924640570433704,-0.06385428426110568,-0.007209822922614701,-0.021453504021994974,-0.3368618400710908,-0.31253691987845245,-0.27199415621691636,-0.03177116626184929,-0.06081094674238576,-0.07675630661531294,-0.02174877632770553,-0.05045502668957509,-0.07357989746015507,-0.0014213650681448088,-0.022679640836587345
0.026025030348703793,0.005167783110356324,-0.031463255832095936,-0.03408333134388738,0.007900489049849498,0.0356717543786057,-0.46296911223191095,-0.328967521389148,-0.27548234828795565,-0.001387178481757848,-0.020846892229498946,-0.06511024152356304,-0.005988772375371346,-0.05327293946195134,-0.03161971725380226,-0.03138103939465729,-0.03644341905253443
0.006032307341213761,-0.03819771532679399,-0.06306387227958375,-0.07105850610504744,-0.006344336313788603,-0.011453612589931085,-0.31512573938162225,-0.2922387243791841,-0.32708013135762976,-0.03475686994410199,-0.05833415964795465,-0.059060333768463306,-0.06582136971091071,-0.03975905348073917,-0.04763223423991577,-0.02586413038954923,-0.0400237029417806
-0.009962459262091456,-0.04621758277091209,-0.15148058784235507,-0.14242490368912897,-0.025714047903478403,0.0026693895561150744,-0.6180225058877064,-0.4198586710873604,-0.33267701063235516,-0.0556617251585738,-0.02782694762055031,-0.06472375594138159,-0.06412356072330283,-0.06955556482788618,-0.07657938393607083,-0.024713292440970543,-0.042450408842977704
0.014583391924714136,0.015310876893085603,-0.04752629302510715,-0.06574913130123353,0.007928656095430307,0.008635244278377214,-0.36122146971717106,-0.3037561243901248,-0.2994611127014446,-0.04057597396969921,-0.04250575215799423,-0.030206940093663252,-0.04635089980790514,-0.04785019759555474,-0.08200857531734349,-0.04650968347887814,-0.03134452608749552
0.018069900453838297,0.02379832870388576,-0.08032718772205193,-0.04149211161312927,5.187440104620197e-05,0.03728937380082631,-0.4773991244453042,-0.4439830172758742,-0.3328815483088716,-0.01531596228262642,-0.02233789729718465,-0.03733943145247056,-0.0562224121471079,-0.08240435565170799,-0.07128538530456259,-0.05437667821218128,-0.021457962326370966
-0.10989532576577507,-0.13089431094482407,0.23769666361539063,0.26438401046074694,0.12081889946633528,0.09759649545789174,-0.13657498504659818,0.02083510705484859,0.1101586209205318,0.26485482719241943,0.24905131234233546,0.1664063521025054,0.1680510981361286,0.2113616538772128,0.23407637973727238,0.2046862921653044,0.21799066680754717
0.04999413172816325,0.016038978666169917,-0.04669649393921333,-0.059708647740819236,-0.01618773315303641,-0.004854021223184248,-0.3753506394608479,-0.2928997526831563,-0.25547824714360906,-0.014805973425316,-0.0250019507478155,-0.07434606604246574,-0.06478437664478859,-0.05776058497138022,-0.08850582901734616,-0.041194575616278165,-0.04412145494273973
0.02797063893726925,0.008766203149276074,-0.013555487434017787,-0.019609387213880333,0.004246422110205238,-0.03877742086803292,-0.2947061583201273,-0.30875064081456033,-0.3353245136495968,-0.047421880842066645,-0.04803480111970173,-0.05944145064582165,-0.05666813163560842,-0.014327345612768395,-0.06015288005297152,-0.05121407278087151,-0.011131824718072142
0.006762023311402,-0.007407136642001864,-0.020077758457038516,-0.03406299650289846,0.0010256382788243813,0.023628648669355417,-0.39577695714064187,-0.3104546197764398,-0.15777860107841332,-0.047906449158318765,-0.035766305873893185,-0.06560105114634489,-0.0670888137760121,-0.029903278178520582,-0.02729990550736726,-0.0450353321918247,-0.04305903032112418
0.009713462433382006,0.01120248503043856,-0.04256109599630595,-0.06477470641854298,-0.016950462977999063,0.009805967971304248,-0.38697309790847234,-0.4311014510134168,-0.28895417967152986,-0.05176006328295987,-0.04036147323831379,-0.0397871038876724,-0.048955968969221914,-0.00865054908232639,-0.055431226149969044,-0.029248721289664287,-0.04355679912965332
0.01800355846072955,-0.006979978199486592,-0.044621536520776266,-0.05323180997652509,-0.025992561027366464,-0.05785323992235254,-0.3683608884818257,-0.3191516615753714,-0.28653657422276463,-0.005143222772363946,-0.05357742218097436,-0.036171195001979885,-0.042165681923009006,-0.05775991174097252,-0.038594137025693184,-0.0646796750332417,-0.04885746829906937
0.0054881203773519726,-0.014584644193858949,-0.04777338893830396,-0.056809919075315386,-0.027104408630004396,-0.01537939744473865,-0.45084617323044907,-0.2790446371087177,-0.2585858510034859,-0.06982894717495768,-0.029171009205151536,-0.06913949832880038,-0.032795282203719876,-0.017401922066505388,-0.04401469170949632,-0.04140561712406732,-0.03310410083699364
0.012325257596812257,0.015188236037022409,-0.01545344564052104,-0.07823634403988616,-0.012149905460443205,-0.0077007042265567665,-0.41457298656695907,-0.3850033298222651,-0.323711866063057,-0.051685893415735935,-0.0324015857347942,-0.043461014718809886,-0.05380723917848666,0.003011365214026978,-0.03558298051960798,-0.027119390623161963,-0.041298821908774354
0.005615932424494778,-0.0016386746721637393,-0.07046618755543736,-0.07339571705346797,0.059638808405537334,-0.01418322455063809,-0.4831489737491014,-0.3838487196777592,-0.2698081971496285,-0.07484909972075265,-0.037811170874790107,-0.056104564632254016,-0.0425069243431147,-0.02968054290670486,-0.04718614219193676,-0.04420570920508507,-0.039757480331810584
-0.04149881686631994,-0.03946320537801543,-0.033742369545453996,-0.05842468709087912,-0.06786040467238068,-0.027270675615000167,0.11141395290501165,-0.2941678362316474,-0.17571144332193192,-0.11905925752036366,-0.07351371367841443,-0.08488094258260721,-0.09507875576235632,-0.056980502896288414,-0.10171380972116548,-0.016746184031439234,-0.009885905214722891
-0.0510398765479696,-0.06267080287892347,0.28069582647211133,0.3273310412895012,0.08183299105635197,0.13509514167259948,-0.2069494638068167,-0.08740641985312166,0.05349775203374288,0.2880112751581769,0.24113251612153164,0.2063583568907716,0.18344331130810046,0.2410022889422888,0.2551136018781314,0.18427729970198395,0.21287395059307287
0.007328663616960039,-0.010547425302407662,-0.05105356896155474,-0.07866229115664422,0.01109547778587836,-0.04001654629385939,-0.42998745407216166,-0.32867507292737913,-0.2869496927397107,-0.027230259075729426,-0.048257277791352825,-0.0684977497086391,-0.05949911101847165,-0.08454170837588879,-0.049003939537262835,-0.0683473732772972,-0.06142031100855307
0.00746671118232579,-0.03562069373866347,-0.11221727455511409,-0.09453683570308524,-0.06133772667796798,-0.07162467034669429,-0.3810716055218629,-0.3724346247201075,-0.35335328129207566,-0.05862913188453128,-0.0384094765307159,-0.09065956552945977,-0.05249082650451277,-0.07191800512871924,-0.07497237520155757,-0.05902574191372379,-0.07306423092402663
0.006552890927296305,-0.004808746146279701,-0.08744759485313175,-0.0734470523364808,0.008274159352933002,-0.009122093799059185,-0.40442724957275056,-0.35130426480088545,-0.32774805879934366,-0.03675503070847493,-0.0321555687092735,-0.045997407560550686,-0.048067619724796784,-0.05181051723455523,-0.07445741160610539,-0.056019955181792,-0.02753878537253797
0.007369542068601145,0.02828302003320356,0.33840431492577655,0.31520292478628864,0.10941510209676215,0.09665193356527178,-0.18056568515183122,0.08273614690842893,0.1103112738110326,0.27607239683896356,0.28550908064144537,0.2217249357172142,0.1812986488721241,0.23222612295836983,0.2986758821799049,0.18049018520846719,0.17768856675607583
0.02051706665881722,0.030487431663277668,-0.025794843601663096,-0.04722116550767578,-0.005716604656868064,-0.020327826701947556,-0.46224410061330734,-0.47919361402033744,-0.33267074666067,-0.051211548181766174,-0.016091680460486365,-0.06157659856409349,-0.06949782802765318,0.01355256152516369,-0.03404982568322651,-0.01797614129085546,-0.033685754919088304
0.09516500486172197,0.050415055709249854,0.03717328792090256,0.07916352857614424,0.021529022888709597,0.02311266577476436,-0.03408022745629914,-0.39325873749575707,-0.3310032409450722,-0.009558169386496137,0.012736881271129695,-0.1534941961470606,-0.14350892001957655,0.04648309665409363,0.0007888739902557086,-0.4573867895650903,-0.4437616559456409
0.015647004950019992,-0.03314248002355518,-0.08448383582159708,-0.06526062093313992,-0.0021479697630247914,-0.00029524658503846194,-0.4206711067276667,-0.34785657208704107,-0.2760763872084799,-0.02926174126302652,-0.04393255053286874,-0.06731565551292736,-0.03667569235103394,-0.0590900595777026,-0.07636904108174059,-0.04161071844495736,-0.038190835136686876
-0.14025759008718797,-0.21531848431141856,-0.276068204123613,-0.2340342505543869,-0.03895364228224856,0.015079821749921316,-0.23088801158665764,-0.3023046858071698,-0.25616579149850766,-0.09937764075925422,-0.07158723990381127,-0.03751359211413539,-0.07714032562422088,-0.08581421466404325,-0.10253906140412342,0.03066943903133999,0.05075173550509538
0.014542902427223822,0.010724748695975858,-0.08506851223013953,-0.04100791226071519,-0.0054739260692897715,0.04192456208715158,-0.3735286380390241,-0.411131517599754,-0.2871746493352228,0.005589198977902859,-0.011445673353788674,-0.012160885447532493,-0.05417406085397967,-0.08860814954892796,-0.07116846437013913,-0.03408188158878706,-0.0089073179775262
0.032084604355799365,-0.00416262481755662,-0.07058462530659969,-0.07370349022937879,-0.02313026699699063,-0.015673901723093967,-0.41667713621297287,-0.404617902983831,-0.354860413987169,-0.05565083448332216,-0.026301188735495685,-0.06233146339814452,-0.08618865734170855,-0.028479427972538756,-0.06196261315195178,-0.0363235306760025,-0.03171172572537659
-0.17942057709554154,-0.22850970819298685,-0.23255502019602417,-0.25577097418413114,-0.0311074360882278,-0.04225277970183455,-0.17110911291543796,-0.3448686331215354,-0.2351809567114208,-0.11841555883045267,-0.09778355128762932,-0.055920406373528304,-0.08602734224625491,-0.08118793028125441,-0.1053019890776978,0.025446673960684674,0.03370128845771672
0.016367764812094288,0.015544779932400324,-0.02379750686153606,-0.008596903995136148,0.045218227819101044,0.04180374198158422,-0.495095821342364,-0.4483180410200671,-0.2604107693375293,-0.017089588094516276,-0.0018084410480875312,-0.045544635299586196,-0.038748300683797594,-0.008779510300050572,-0.027006201724131224,-0.027144742750813064,-0.026435614605369157
0.04414726149791212,0.02866956898242588,-0.04987481262766371,-0.04240706514954455,0.02215111769935238,0.01727686350469003,-0.44976502179269895,-0.44071812881639777,-0.3281658467658059,-0.03138312210525469,-0.03996516925712976,-0.02790326977090348,-0.03655973190541623,-0.020820849476442395,-0.009386748508790666,-0.03233500944276942,-0.042758745305605125
0.018265568186332164,-0.01030413778785176,-0.06581093821131923,-0.025255408125953956,-0.01941248845746737,0.010091387004175013,-0.44461148890598184,-0.31235624061818384,-0.26437336612457407,-0.017446310201766676,-0.005414502995480065,-0.05401672813004339,-0.026257571463286205,-0.05564495158758024,-0.08240117458428882,-0.03992355807637387,-0.02862962630476847
0.04416683204362224,0.01798159887945111,-0.02132829641337799,-0.011491082976099845,0.03163425574055781,0.016505829927858314,-0.5038582016817463,-0.4029966039870152,-0.28917926424927703,-0.01926738113947474,-0.006808259555295074,-0.05102969336186094,-0.04231235314482812,-0.037222049277365575,-0.08415710092415199,-0.03473465010738933,-0.02852821842133792
0.017096752192005373,0.030982326810397608,-0.11303715313659027,-0.10945832801234197,-0.02570604711749696,-0.02185529619782783,-0.3176071557650645,-0.3899751750118364,-0.37157910284221635,-0.018513065407467735,-0.020814805075181183,-0.08154494573401916,-0.03739338146026564,-0.06451793446963511,-0.08493764255200172,-0.044791887670054056,-0.062356214158616294
0.013033670690213757,-0.003876255480472831,-0.027634344802004777,-0.035554555744237444,-0.016217621966497557,0.0016716786121545495,-0.4615164169882655,-0.3897661065328088,-0.2851824683145621,-0.07278120643751651,-0.0322256066954039,-0.07628302165935262,-0.05440504865888225,-0.008612984121585843,-0.0673561031665814,-0.01580704911255745,-0.02822983363003437
0.008716311896472905,-0.000696203629448571,-0.0747234194940273,-0.1027938460626604,0.005145479106201644,0.0006555250777240269,-0.36514266950461555,-0.3599815307420186,-0.37941309727459516,-0.06258815763497935,-0.040715376918873634,-0.05690826302894814,-0.056908317587806206,-0.05153124163037825,-0.06684307531873894,-0.048633490694758835,-0.045193462256771545
0.02641491746892356,-0.010981608408152743,-0.04840734650511757,-0.03864590727159696,0.05353391470015027,0.05447063401633926,-0.43443889357944765,-0.3452932222002728,-0.31957087478279994,-0.02611072842812948,-0.025058020418632716,-0.04979141199331268,-0.04978128452406055,-0.03149908707944827,-0.06540608066414091,-0.029122322166655286,-0.03992207089074562
0.037659486222972535,0.024336364404135936,-0.04819383784295248,-0.04887953513856885,0.0029770471038720165,0.0014856062810580082,-0.43866370614024774,-0.3113383359875881,-0.31322875274503653,-0.05136543865811146,-0.010923627632819333,-0.05683198840292332,-0.08028442832471647,-0.0017379851780345654,-0.049711037875104246,-0.017254051127740207,-0.015476097402799236
0.0038001174063998213,0.017720841231640427,-0.04679282958410403,-0.0744712605737528,0.013773868191106077,0.0001801612817695578,-0.4420733807622571,-0.3905345756730156,-0.24471125326899434,-0.05026235511575505,-0.023658055557002067,-0.0543987918643273,-0.05500895308481686,-0.023282784538121236,-0.05194870006963338,-0.015771503204496787,-0.026720414013302583
0.02234806248367884,0.026919991809133088,-0.02680004685951111,-0.03139667674043329,0.06282361152544551,0.0698573642436683,-0.4947340753162859,-0.4087039385192091,-0.33942054016110956,-0.04459865836037018,-0.0040360234619038465,-0.04037054286811709,-0.0493552523024596,0.024679327523108866,-0.02988787083687881,-0.07443388676232204,-0.04728725975435257
-0.23818320351319458,-0.2846203242915486,-1.1644260439495944,-1.338014973928914,-0.8124459603907117,-0.04287942559986081,-0.3540182111299024,0.5548178724339565,0.538716484306805,0.0024519027642815328,-0.003219758352592387,0.20036610472061409,0.2308564296836106,0.13936471108982174,0.18675730376762636,-0.5199131588698354,-0.4063590814154788
0.01972669355780601,-0.015342597141981378,-0.06505077728329624,-0.052029233277555084,-0.023541094436604196,-0.015292575387238744,-0.5287291280287041,-0.3501679121376179,-0.2596396021170439,-0.04650582781328744,-0.03336785969357928,-0.08677188394600605,-0.06682417544140973,-0.04424842110698187,-0.06345521760785829,-0.027958027499052726,-0.016786080880246322
-0.17210215819929223,-0.17637165382380218,-0.23512794040856255,-0.22342281909159817,0.004561316837342831,-0.009149889405588654,-0.21212137809722542,-0.27479127835812434,-0.26853240843617954,-0.06506312235797736,-0.08373219271309384,-0.07091402430017808,-0.07441705901640314,-0.06383275465246685,-0.09277489653314466,0.03781086548490597,0.04225888048581405
-0.15247649799686855,-0.18468297967115999,-0.25680437274286394,-0.23260672236889895,-0.04681872736732371,0.004025415235790339,-0.240739082799688,-0.3735727854642069,-0.27534086586231293,-0.03561256738823203,-0.0540831056152794,-0.071529443022191,-0.07758307862551751,-0.04519537574491734,-0.08708181280438006,0.04208317833756602,0.022542933690997115
-0.015256723672340915,-0.013663047481044379,-0.07708010000293271,-0.08062556832013426,-0.022213464073671522,-0.04745564842259301,-0.4801002543487071,-0.3518359552147551,-0.28496318508936086,-0.07228210828280258,-0.01585621180688068,-0.0447820533275968,-0.06484871936340997,-0.014461100129846648,-0.02541375324399936,-0.04313991641507209,-0.054837584488224865
-0.06365305116967888,-0.10140078281266,0.21707521303158453,0.26042395524198664,0.09572565985292306,0.10554047127327293,-0.16626496125204038,-0.004067756298233224,0.107659144545885,0.2722040716627928,0.24188025904200505,0.17374909321271023,0.14731506089201715,0.21821908752462868,0.257587719976394,0.21525864482190243,0.22703555613758133
0.006815256796464819,-0.02610253568626043,-0.07436277309406998,-0.08920341431377495,0.005255747208635267,-0.018887626411280292,-0.30882708656154945,-0.30519226423350615,-0.3519112774275835,-0.044782259909108384,-0.0499603539123984,-0.05388968402116012,-0.07196563580530328,-0.04165660095796903,-0.07716758135128302,-0.04003440525533032,-0.038905786643856494
0.03634343826285813,0.02558515368473183,-0.018886653618038523,-0.03209970078252444,0.01822114339892986,0.0037670193289612757,-0.43471144625900787,-0.3523644339702809,-0.22762288829199676,-0.057693153492907115,-0.022519922395435297,-0.042825156422807965,-0.05231139249782785,0.04751997221924312,-0.019805881647021937,-0.023030378084565813,-0.028386725306273692
-0.0013532927732400018,-0.012987740335027594,-0.03187180908823917,-0.0197005525331528,0.0027436076875757553,-0.052227916429361504,-0.5117518750037271,-0.26734589365266803,-0.33554297918852094,-0.017558171566719415,-0.010643411254931305,-0.07562433185143677,-0.03676200019364756,-0.03358760114211355,-0.03817254072983823,-0.02610003002677093,-0.03242111757997401
-0.0688353567461075,-0.05077589568415455,-0.2139808829557142,-0.20865454374375111,-0.012083918106973351,0.007739279755495795,-0.29552899392700255,-0.4168216305044399,-0.31697748119804176,-0.05279857026941178,-0.04871900614349386,-0.04234326957032578,-0.0746561091152318,-0.08107708468108618,-0.07009460906102936,0.0051731138717056955,0.010020971933048583
0.020357069022167964,-0.008554085630076574,-0.0719539728484734,-0.05377764277066473,-0.062257783077481754,-0.06581285202206048,-0.3685236412193018,-0.3839367680764961,-0.36117840659447903,-0.08891673595000181,-0.0423227164773817,-0.09458807257627187,-0.0802325952675225,-0.050950866284755696,-0.07582307653787428,-0.0065260914242277505,-0.04107519143959395
0.023238055326243963,0.023205709909109102,-0.05680558889168062,-0.03860667215566841,0.004661657048851265,0.00342922404195278,-0.2783714648712273,-0.35011354334748485,-0.3150849189754485,-0.006282489580182427,-0.03750448339469402,-0.07469645443593131,-0.00785123704136148,-0.03687236170891614,-0.06272538472443114,-0.05356775140987516,-0.0639694287084398
0.0019357186948541255,-0.026071414303985817,-0.05996225545833935,-0.060140702781475625,-0.03946734332599592,-0.060671115176230916,-0.4232453867585154,-0.36676996027040865,-0.3552530012198364,-0.07253903910363474,-0.039848370999356744,-0.0845658122650772,-0.07707187599673578,-0.013971042096307881,-0.0486888110382614,-0.043996545960202464,-0.06245254267939284
0.03087501840665074,-0.0003716163730693659,-0.009846587237352024,-0.04882409169989781,0.010404144231467084,-0.007811117077710453,0.14793107253912746,-0.4099406614666028,-0.326142631735702,-0.040583614585553755,-0.036464248137462595,-0.046637201208299756,-0.023061872270555558,0.02893618104961987,-0.01570919504779923,-0.020220503980643522,-0.01918278410458007
-0.22859421489266316,-0.3251228233132972,-1.338911014513408,-1.2164807840127725,-0.531641620707984,-0.26881336961585206,-0.46852259292961085,0.48694858659969814,0.5239735859798751,0.06282339250337,0.07505896678123752,0.22710530472262494,0.20905969076786327,0.08248126563452154,0.1045640137871043,-0.443407292386373,-0.39816189693134063
0.05343613783621262,0.005326330409843624,-0.05962747997035989,-0.030978447892040427,0.06058952135249631,0.01407662050323012,-0.36510161514926187,-0.32937709923680075,-0.27056122657552045,-0.030016825781833456,-0.037491459499455974,-0.04306425653238309,-0.05206229439643349,-0.02523077873338489,-0.06991377937781361,-0.02654303059162109,-0.036106483125283625
-0.19027157351420665,-0.1765776535167626,-0.21349868321995655,-0.20978565255040713,-0.02038509659866286,-0.04023170413724162,-0.20703577422266148,-0.3458760222372473,-0.1918658408217911,-0.10478983126342355,-0.06277978513762363,-0.061839193801158106,-0.06483455318401228,-0.05644489591320367,-0.08071423997778723,0.03411447496612615,0.0315115230064873
0.006115093858729021,-0.016445406412647304,-0.05647650650982198,-0.04382232833294978,-0.02904987786619306,-0.023566590059946827,-0.40163433756507905,-0.3267417612344522,-0.2795079679069692,-0.03569692078949471,-0.033569342236985954,-0.0642765455930419,-0.06194893284739459,-0.06649975610392266,-0.09344427866687342,-0.04691049309179272,-0.04837858300215388
0.092999432799496,0.04898484671793833,0.04740599282620456,0.04068643513859401,-0.013710461918246663,-0.0012692861310631854,-0.013422524472817315,-0.3935231661613305,-0.3508579992485426,-0.04322167776749357,-0.007728726578415689,-0.1578187723422035,-0.11284095983666817,0.04981598887339631,0.031439740247997734,-0.5243329916595537,-0.4814934763637077
0.09804739006674286,0.07295945665693089,0.08337172750388382,0.10369945088620286,0.09906333410161837,0.11637949832187136,0.28147187474855173,-0.40769243417667356,-0.35211302408274964,0.22538542246520588,0.21366101582088293,0.15220027485738874,0.18481687534840613,0.0760444565224905,0.061941596188430675,0.19238041108084372,0.18107622136476711
0.03837933355151601,0.003939011041237312,-0.06504317165426571,-0.05621112262786767,-0.008721529318831342,-0.01830459701085544,-0.4116737245495341,-0.33783418532966863,-0.35179962542206406,-0.044864521364776574,-0.03034630042969816,-0.06580882269624538,-0.04805715519009001,-0.044796157835576486,-0.0643273978667549,-0.04223944877185325,-0.04577957815404283
-0.13397770940341813,-0.15682003511964657,-0.21797344621140383,-0.20819257017315612,-0.042472166552841695,-0.012432402352031633,-0.27204986109490603,-0.34310538561415843,-0.19658671235345757,-0.05905079959301753,-0.059697078196358076,-0.056245877326319346,-0.06539782475416216,-0.05373337367386177,-0.07089035448354793,0.04237935895664288,0.027289664469386337
0.01939475951983722,8.242568874991132e-05,-0.049213348419231744,-0.08069982240569004,0.011603553078300173,-0.02155240746041057,-0.36745994274585564,-0.3418101875167371,-0.24837827616688538,-0.06359545964267009,-0.018791908207991925,-0.05218402079666763,-0.05119859515316472,-0.020543010952194043,-0.08829069724693497,-0.05317700365581753,-0.031140866010683648
0.0250051716222076,0.006063803790196554,-0.018343818135500994,-0.01483651551273036,0.028127744037470453,0.028688169595815338,-0.4130246405770014,-0.35279914177941807,-0.2821243585502422,-0.04564351688363064,-0.019666439092352134,-0.034367109528390685,-0.03641630746021116,-0.014920792318455287,-0.02412323017026607,-0.017224814081183856,0.003858669900562425
0.015087084304503178,0.012533820677824098,-0.04799880968950183,-0.057069319271512084,0.0034573730463982534,0.02128423130887645,-0.3995968406354531,-0.4180135785544839,-0.33072820232328093,-0.043340050087541236,-0.008664850682489096,-0.03203299484050497,-0.04374541618425164,-0.03862115841943328,-0.032173118113761286,-0.0004318879720891543,-0.02207366329317889
-0.178940759544987,-0.1620910814823129,-0.22901601289640386,-0.21829988305499656,-0.010174722896652399,-0.03330722201380817,-0.25036842082519056,-0.3073707107252946,-0.25550590067809287,-0.09298701133145681,-0.07347187968129121,-0.07287306617211312,-0.11436396774011488,-0.06965259074697545,-0.09994122124355335,0.024452139679184474,0.016846636674312316
-0.04347541956720653,-0.053478295426999195,-0.06619575942144196,-0.0829333439688702,-0.02785641272476786,-0.018391382056003776,-0.3552058667397854,-0.3378565813990834,-0.2696384816384965,-0.030191729680667363,-0.04518593027953737,-0.08440417376447518,-0.05536124648734662,-0.07787880450401742,-0.10005771100550179,-0.11959606872298845,-0.09455981057046813
0.01085978943467765,-0.02108455817748459,-0.12183798018594055,-0.09502443389093503,-0.006923651510087809,-0.038290707704887385,-0.38227606897165484,-0.45330432443907637,-0.2865580043758221,-0.038803940977208205,-0.044848707687229025,-0.0871150702088904,-0.07118171335213398,-0.0925826170024052,-0.1021184374879154,-0.040410843070556896,-0.047407766791895
0.03791918330351055,-0.0016057807100119932,-0.03799618513715075,-0.057251774929750254,0.023708599143249274,0.04055082889125702,-0.532132288442575,-0.43420860989845644,-0.29575242049512657,-0.028005946794367027,-0.02290511221120406,-0.023910836602413728,-0.05696193410869025,0.0074315759684764815,-0.06612928637354527,-0.06245596279695937,-0.043847763041504874
-0.27122557136044184,-0.28414764344760884,-0.14787122643299652,-0.1440118925856843,-0.042370262093623684,-0.05021489555501323,-0.16007012883420668,-0.284132279450571,-0.24584307466320426,-0.1334083814466761,-0.1170623449233192,-0.12143654172780145,-0.11098444719253671,-0.13272132917427573,-0.15299182965783986,-0.06365363458254412,-0.07751647475776698
0.03267644947828379,-0.008848207592342654,-0.009251425161889953,-0.061724698031778984,0.05092742564238302,0.016048031779111,-0.3200926634019968,-0.3322719488484858,-0.21398337823041663,-0.035423109414265436,-0.02008790096512693,-0.03168908219347858,-0.04279695581214194,-0.03625112771399134,-0.01491317787692071,-0.05019343931100699,-0.01114983873685895
0.03192364340123983,0.01014900876236977,-0.016515258819659553,-0.038275148552877794,-0.00042352679261245134,0.01990174526165599,-0.4815756189443179,-0.18108005454353077,-0.10313822913603415,-0.030333107023663177,-0.012813339436278813,-0.04519576737995392,-0.048220794612464604,-0.002156956799525259,0.001593280479567527,-0.019936623164165956,-0.00203618317128729
-0.01873170594245954,-0.07746840387378115,0.2830446731702011,0.29625647775417907,0.07210778185788642,0.12377833302065228,-0.16837970344571374,0.0016347039496999263,0.09585620199124746,0.2465826388323607,0.2408727165074541,0.10600311434793376,0.10890074336326903,0.2266981114613884,0.23438940962338636,0.20856591389269263,0.23235778714612831
-0.17773872776898003,-0.17522381785685912,-0.2030849868568363,-0.2425495488307039,0.009646628037179302,-0.05022088023965216,-0.24139347762038127,-0.25209432272488874,-0.25762991555343756,-0.09139874175322969,-0.04954129608295333,-0.029691465946532325,-0.0729132289755744,-0.06914844456347323,-0.0883522572266538,0.025315839094307842,0.031720082627657804
0.0023084761973749188,-0.0018011337137333668,-0.0768027365353777,-0.07190097483301587,-0.0008298377000899368,-0.006011481665219444,-0.35673287238583484,-0.4064583350031899,-0.28535305558679525,-0.038942640016998716,-0.02409395149427187,-0.06555153731184442,-0.059148002177807066,-0.059446612930743825,-0.059845605698611415,-0.05814385720635525,-0.02942366104912956
0.03676570876317302,-0.021455130503683188,-0.058660294606174036,-0.024482170093204143,0.03756931882345379,0.02939304778567934,-0.49270391148177406,-0.39883698029663195,-0.28631214473763983,-0.03824556254283973,-0.017617692780651735,-0.05312158018583361,-0.030199312716117366,-0.021493059142118614,-0.05718378267042993,-0.036920987184986424,-0.04593643056455107
-0.04642443537908927,-0.07641802698841975,-0.17840895224736034,-0.18177636925552704,-0.0038610060211487734,0.008932496260478137,-0.23455880727099723,-0.36105755913111637,-0.23148940816440608,-0.034827450310925025,-0.0286957436677349,-0.03753968104807499,-0.03663767490977064,-0.028523565004429933,-0.03792328841172984,0.04856517901513786,0.02040363177507774
0.10571279390808197,0.05229985307838999,0.05807702723116492,0.09200526246534979,0.013475520901774056,-0.021199900091919886,-0.035710780256427224,-0.40378896295078154,-0.2964592413645901,-0.04436740060023082,-0.0005268358869688302,-0.176237170915186,-0.12881977708415365,0.08051812414458553,0.03782888774620369,-0.42718726088543135,-0.4254859222862389
0.01187990445678495,-0.007618369000312475,-0.025190724648957597,-0.05487082719558465,0.0014839422495655935,-0.029911373498584765,-0.40618124461244615,-0.2851750517120664,-0.21976041481916048,-0.04394708515363141,-0.023652785637796558,-0.06174872023168512,-0.05456973131904831,-0.022590207355505758,-0.0696898206632184,-0.02013070009395323,-0.022205317543217726
0.03608607673602842,0.026845551496063137,-0.014748451630892744,-0.02521214101393241,0.016873835455886076,-0.010681770790718824,-0.5788958853327849,-0.3821584408839371,-0.4273788285199053,-0.05606754524078925,-0.006321234475748667,-0.031587854902535496,-0.060115644277111094,-0.001016222195911008,-0.03375286712197412,-0.01968468885229957,-0.03830746814559585
0.011822565894553133,0.0038308229373072893,-0.03282372836678098,0.020143244920814273,-0.006477503459807808,0.007021492311166793,-0.5466643254528653,-0.45743075584190523,-0.3815868209810745,-0.0570186257310738,-0.05778157847568348,-0.045298651592945535,-0.07604660582526596,-0.08619024133284504,-0.10266893585641879,-0.04726778685309835,-0.05364746919377547
0.01321713537678147,0.007794129668844141,-0.04064170657344544,-0.033647881136600014,0.01766135668100125,-0.016217684938095164,-0.37719512109245285,-0.40617398500546426,-0.3086205101859176,-0.03212604313039902,-0.04070567760718098,-0.06291906475800998,-0.06745392168880374,-0.03566376835911256,-0.06713359627964,-0.03281890384581021,-0.03039131134215976
-0.0018412717864084017,-0.01356556497557311,-0.06527615182264272,-0.06337734530390642,0.010057098389507146,-0.014960510094097261,-0.492584214089271,-0.31288034151877864,-0.36693576207011086,-0.05119157707321501,-0.04252557714965699,-0.05668699256021775,-0.06411865264069735,-0.012958661819308784,-0.05712239471384006,-0.016350838255882204,-0.04325189398569815
0.021472022628638062,-0.011964097403232718,-0.011491700824489876,-0.04255420436851824,0.004497680326806216,-0.012140519124273247,-0.4109254659302588,-0.41619314335416996,-0.2694915375639703,-0.02450083755718278,-0.027001012298039445,-0.060622165575818544,-0.07878821580418063,-0.025517424775740878,-0.05027798446426648,-0.0307375120428382,-0.048636237478763875
-0.06310045167864085,-0.105401597551778,-0.21241805460720875,-0.20263816702582527,-0.04515664502723549,-0.008117939634949119,-0.2405301480435506,-0.3119528921601586,-0.22066294645385837,-0.045698978211509714,-0.03714081740816063,-0.042216111330624105,-0.09075464243727835,-0.07679695109674589,-0.0793061567718572,0.012248982990144043,0.01619427034015409
-0.17629792613513529,-0.17558915212357798,-0.27317511137066347,-0.24802406969640722,-0.03236906566679506,-0.006630088782182592,-0.2456781921866832,-0.3125821363370822,-0.22688159263818172,-0.06817245313820648,-0.0936223651424384,-0.053027332989689806,-0.05824358388441686,-0.1125960373178329,-0.12580929172937444,0.046942216417327334,0.0265738847023606
0.040569614009988354,0.02295462972942807,-0.03645992715811318,-0.03520045638846887,0.010910525792726663,0.01461550924135202,0.1462407984518565,-0.2880381819060556,-0.2643095366536279,-0.021647548287453012,-0.057403662884719125,-0.05130302108040756,-0.034939492529051576,-0.041460959629801585,-0.03412134789778216,-0.08152668260708683,-0.10406592502662443
-0.021384858837713,-0.01329207015403333,-0.05538915673837831,-0.05507306645069246,-0.022371647631148354,-0.0019471667373454516,-0.3842563236687512,-0.2587474700356617,-0.27804821332034296,-0.013601600363851503,-0.03582042817178142,-0.047273088197599664,-0.030344309364279873,-0.0685401011611606,-0.06812779885392846,-0.04915893208108318,-0.04064142070805426
0.007304536642760505,0.0027600262872133335,-0.041360408486963984,-0.01186886079838963,-0.01752300614975542,0.011737475338509303,-0.3988010732601457,-0.44281766144477225,-0.29579940894552836,-0.0012534686618125258,-0.009640562398774564,-0.030526416950461415,-0.048452137113636724,-0.08063323634318002,-0.08126527420837276,-0.07310239259179288,-0.04936508655188056
0.010525344671249062,-0.015046173171248942,-0.06763179032752094,-0.05379527910587971,0.022948410165725335,0.01733074319082994,-0.4162288972768199,-0.2906729545734292,-0.33735733382925875,-0.06191850476051464,-0.041109257040658154,-0.06107096451961635,-0.060609502181557036,-0.028202130494041473,-0.0615759236683755,-0.026115612910923243,-0.0541805633552863
0.027453729573655432,0.010803050512664347,-0.015134903150855607,-0.020511941481100703,0.06717828786082192,0.05098914508147835,-0.27908971707843455,-0.2583724400832201,-0.26743128189793797,0.0024609457636626635,-0.005076835164829856,-0.002731328420054813,-0.00437105380974855,0.007796290932280397,-0.010962191429942545,0.004617205177514761,0.0037879773888157583
0.037458622659140545,0.02194718813086925,-0.06757962238773556,-0.03033039383020793,-0.013750606098910672,0.04514928463070231,-0.4281914430799332,-0.4071720092864356,-0.2970741214377405,-0.00840398816442653,-0.04671282226015104,-0.0322329881599001,-0.05541349254732043,-0.06686814862080204,-0.04165345107791008,-0.01971928581798343,-0.03712097995991572
-0.023521976111315887,-0.04206503651286094,-0.08397526411544869,-0.09055435079307046,-0.04348941093212136,-0.04527147475884375,-0.38588023658091464,-0.3728091813113879,-0.3609891421420475,-0.058571800875488605,-0.06253499570880368,-0.10210889420514813,-0.0643610058926684,-0.04897171175981098,-0.08935285878989,-0.04352468217704159,-0.07150864790185994
0.02424577084912683,-0.01826443778748587,-0.08035754028595837,-0.07682676999235381,0.004669341179118635,-0.015127952035883524,-0.4218236447885476,-0.32868232022027505,-0.3251837022243692,-0.027852182487275483,-0.031862060932265256,-0.05192292350367062,-0.06064199932866049,-0.05868771915314795,-0.07326261940817047,-0.0251364748233537,-0.03366023902363337
0.03021959729353087,0.02279644316239001,-0.03687131277844852,-0.0656770487465653,0.008187439908242083,0.013861327821528269,-0.43297956995223713,-0.3738267831747145,-0.33862600403599624,-0.04738446304954416,-0.01811402432198647,-0.06571417827406847,-0.030028209530732656,-0.012584973917044126,-0.01152325869443647,-0.03467198709307373,-0.021126835686617263
-0.05983724346898348,-0.015582958951949902,0.27903115885508784,0.2834112644166238,0.0676452526231057,0.04938521571503545,-0.17974236106299601,0.05721610448250438,0.06414693327923636,0.25387102931112016,0.21253174953095325,0.19119422868868055,0.17270822167694405,0.18053041249327745,0.27470786110882195,0.17537284915552373,0.18192515327374248
-0.20633930349868018,-0.20151562162936146,-0.2589683150061711,-0.23767733197486426,-0.027962037521149043,-0.045213293244309366,-0.21026692358804105,-0.29293972776717553,-0.21703974284136557,-0.09420875947698847,-0.07510083208431315,-0.03833094502428195,-0.10608242261085198,-0.08979987579240137,-0.09800702991413592,0.04004025812504441,0.0394795916861434
0.02694736890467068,-0.009569921596948097,-0.09027959928624676,-0.07732768494796677,0.010054748473704475,-0.004889574869135073,-0.38977071734494956,-0.3564856599107935,-0.2941341741035198,-0.06125425181345278,-0.04141644837273316,-0.0646763578132525,-0.06769677621210456,-0.035113735896269475,-0.07698525568487943,-0.041552235231509756,-0.036507890527969156
0.019378994782557158,0.021806869916200407,-0.059878865561587474,-0.058086012484798666,0.00913971235358123,-0.016996998609021492,-0.3641282915937947,-0.4892407618080511,-0.3748398816730751,-0.044122397441547875,-0.02916959549641411,-0.07050958525827437,-0.06169099990268112,-0.060655745125548347,-0.0854835478942716,-0.061239305147413575,-0.06727172938003864
0.025807896584455765,-0.009175577310539751,0.341752241655262,0.34510916571311645,0.10294477782710579,0.094590463301817,0.3985964145824221,-0.018867746083949387,0.09142442433197552,0.2662671595766775,0.3018238928423119,0.21748067360110995,0.19937499921035232,0.2900797675299071,0.32133386239418543,0.20227348707994958,0.19968008746286664
-0.0952940468540304,-0.11299611158687085,-0.170149537122039,-0.17704350283614637,-0.08709775864586355,-0.06602573965571017,0.1024048370125003,-0.5345435735596392,-0.4253848027861175,-0.18915615856909337,-0.1796239109429216,-0.22347305320675004,-0.18485451168538422,-0.15872453045093485,-0.19551684721703758,-0.6157624177932967,-0.617072925667591
-0.10649530335371564,-0.16550117747254,-1.0450209133491686,-1.3502576129129458,-0.15221202789705277,-0.10864688410948199,-0.35586001461349037,0.59065538751858,0.5647010047239669,0.20084800158396007,0.15238830451229868,0.2432622394699468,0.23051310498892447,0.11756709793278713,0.14423987699186583,-0.2981076389039768,-0.2799313412791816
0.025780863110765807,-0.0021378844925799318,-0.07839798933577075,-0.058652329563295046,0.0067945156016104334,-0.01896365758106447,-0.27115616465427106,-0.2970644437853121,-0.2740862828438181,-0.036549349489472346,-0.033338221147692915,-0.040041881091290914,-0.05232979888612853,-0.051930950637157504,-0.09225835854387188,-0.0408835776518165,-0.049319205222447406
0.008403780102536253,0.015068833054870367,-0.03075519748017786,-0.01673117747873865,-0.009266945210112551,0.007403438565644338,-0.48839403433872797,-0.44045206867621617,-0.2890603111934703,-0.018060542965010456,0.0009066742114639632,-0.05971645087048094,-0.06961267338309797,-0.021270359223889694,-0.03138099956354872,-0.030943565909109683,-0.031040873398909787
0.028780323189858185,0.020937258302000317,-0.04076203238081923,-0.016666828048582598,0.00281385874051115,-0.007324619147118457,-0.43917640629208815,-0.2768910242127519,-0.37910891200905805,-0.06827900659679734,-0.021853977309285896,-0.07877620960199924,-0.048926772428299334,-0.012542296093060805,-0.06044979322484882,0.011721550031856478,-0.026732959933653357
0.01403405438954681,0.024478424674906712,-0.0355408371456614,-0.040724666795882124,0.01567073453574659,0.017104051432133022,-0.5111350912563132,-0.4468375897221977,-0.3175900808965623,-0.07519580666962081,-0.02801489590088158,-0.051155640881705246,-0.041810668606489666,-0.00724874104000905,-0.03483283853960448,-0.023229754118535218,-0.005917129108191358
-0.06888283080691897,-0.043840163956202806,-0.10873402306952419,-0.13744863199157242,-0.047538904300809176,-0.08776291963802495,0.14979298162861404,-0.11523024402504366,-0.14894340607726742,-0.061013839648493474,-0.05910022966991073,-0.17414352915443734,-0.13557072161917352,0.01836856691351892,-0.02121134683759061,0.13696005366582026,0.09884468960442207
0.01512097010543914,-0.01493639627878301,-0.07108493738053275,-0.07330956206856264,0.011869843104033136,-0.030165720601234965,-0.36831441192125114,-0.34833330551155234,-0.31240354791616026,-0.015427298312353496,-0.033950619677916134,-0.043282965059945826,-0.05010486469171641,-0.04038100915440824,-0.055189076882993474,-0.03481314041730031,-0.04383089543268084
0.017274633410215578,-0.0038793972104514108,-0.03459498829723316,-0.04843199676226346,0.0006424452327019761,-0.01580810114757811,-0.5202907274637493,-0.473996667178893,-0.3392940086287854,-0.04362946458418642,-0.046912411868908335,-0.03509555666713425,-0.05775838759402652,-0.0003399217761930925,-0.07414439396209765,-0.00209014050218956,-0.022398739290087403
-0.14350718511098093,-0.16818879585943006,-0.2716089624530623,-0.24760898828272176,0.009588168152203444,-0.019131014621397525,-0.2920677985525756,-0.2777894186481085,-0.24624022858528616,-0.08408782766994882,-0.05884666232751689,-0.060193538074300355,-0.08680347787751946,-0.0978414289150548,-0.10245597756606291,0.05003864187662447,0.04214699065051678
0.039306041816786014,0.04397946264181735,-0.03378496478128671,-0.02534973735576672,-0.020642288394535628,-0.01424809875731499,-0.4095872156914041,-0.4119888981191309,-0.31688861143695357,-0.032574728455689275,-0.009360272768041966,-0.027698407353127535,-0.011948791535324917,-0.017328338716718114,-0.012533573923884272,-0.012098296807648021,0.015249357239444983
-0.06474760096508221,-0.12177500333572903,0.20866960039924487,0.25391728700555455,0.1345298583410191,0.10393547574646299,-0.23024855256988566,-0.0013047698127175917,0.11731383177606498,0.2688868683625924,0.26868663331327775,0.18839925101715924,0.12779083733989735,0.21011830219297528,0.22469427774254655,0.21164066688759547,0.21445602480633016
-0.10351541853383656,-0.21918781327016643,-1.1937432045680805,-1.137450410121868,-0.594240072015128,-0.33031587209937197,-0.38924363054431566,0.5589706735264294,0.5934524670483614,-0.0008892477111560762,0.057966511006378695,0.24189491922366152,0.23830156017802112,0.05787476002252482,0.06552443556245409,-0.3873006633308582,-0.3236809979107271
-0.03579901667877667,-0.06797471207641358,-0.6295438089659435,-0.5499155102138124,0.09657571686065189,0.15742510134951263,-0.3076527294151899,0.5182180345835802,0.5301451508062242,0.1527877458988478,0.17834871395721877,0.239718031731992,0.20270501459304632,0.15452749077173644,0.08138666561188658,-0.21997729755320183,-0.11600190956162564
0.02915179484724228,-0.00024651231231243975,-0.06288546555476195,-0.0693543190990505,-0.005932396985769702,-0.025271035084365075,-0.40806747670108984,-0.33437395898243616,-0.35193915130576,-0.06508793547390004,-0.03178854732165341,-0.08015731164900106,-0.04447127661660893,-0.01758613059867344,-0.05296945375284252,-0.022337969761958457,-0.03745381261236536
-0.001304292160369006,0.008508944892497497,-0.04712676601409401,-0.0556930307817092,0.009238932631683535,-0.017157037297743,-0.3163753446637764,-0.28656543394699885,-0.3067711314437605,-0.024127744870413442,-0.07028253785345207,-0.06678972207104003,-0.017971471828337197,-0.10242779194986369,-0.06647132023184178,-0.05487149799708634,-0.06432734977050793
0.0455608414620222,0.019459082851008024,-0.012967150845838679,-0.02167303343094438,0.01194649855994206,0.019175379840224677,-0.46158258193348334,-0.4109913065646151,-0.27448920036236796,-0.03760843531268578,-0.017369366067936726,-0.04373313849478713,-0.023469645948512984,0.0008597986855193719,-0.05557345213895276,-0.006649810966733861,-0.017314681269577095
-0.009347836257734032,-0.006373653520827435,-0.09651130451779208,-0.06844562403028322,-0.015961976692033485,-0.02657061868861955,-0.4165819010931921,-0.32685874260040615,-0.25339606527007535,-0.04618485838891872,-0.02857117341356171,-0.043103565770375586,-0.04559108126499565,-0.08656182964591605,-0.1037026878120227,-0.057931725696185286,-0.04170526609051294
0.015629456532013846,-0.011938232404488313,-0.05742419787335559,-0.04148066613466307,0.01969807746087635,0.008055760784186062,-0.40531506951264984,-0.29684716116188603,-0.33605225244510617,-0.017583055273839066,-0.012037560911904301,-0.06328462228724861,-0.04976589408679434,-0.05814343372721942,-0.08416141432480487,-0.043751809014921546,-0.04052251281863955
0.0003907476084420785,-0.0026041601054343894,-0.04844083062620214,-0.06485761604067422,-0.0141011206283082,-0.006660471135218929,-0.44338189461831284,-0.37539674891092567,-0.3060822953333793,-0.039471300137115556,-0.05735693754464265,-0.07771177860515001,-0.07866321525256843,-0.012920353932326455,-0.006168757760740183,-0.032134743154433994,-0.016383439086791154
-0.0046939866273477205,0.001192198464527567,-0.04903157671123163,-0.0366772867169495,-0.018750332767237976,-5.268600086326205e-06,-0.4106448376929072,-0.3164763371622482,-0.22749714844379262,-0.048796543261560923,-0.02943644931937146,-0.07692519899073898,-0.05304953465228882,-0.031107728380822142,-0.036886440082755725,-0.0029735143438935335,-0.01877135282043693
0.0016417207829795722,-0.021891812998650145,-0.07057371866896392,-0.046026611400450494,-0.05580514219796058,-0.05874052790478425,0.1427568370764048,-0.3987502353437476,-0.21789456061005008,-0.04364873515414436,-0.0395609022783506,-0.11754920740027924,-0.07581830000499486,-0.005923062086941743,-0.06237103751612301,-0.11051656875282348,-0.08915583791211755
-0.05943216788512741,0.023958882868925786,-0.32360459463094327,-0.40993143228193407,0.087192769286962,-0.22754528965255133,0.19259026430889922,-0.38847323183816285,-0.26846901216625996,-0.075793553456604,-0.0157659150209207,-0.028934935525769603,0.03046998689707392,0.15142679936517492,0.053908462996167916,-0.09401723883533841,-0.12090869787489483
-0.2602364266663132,-0.2843985386880512,-0.06975971579452843,-0.08734913270996464,-0.1354480516974328,-0.15006925496044013,0.07522251175825517,-0.3555015270283687,-0.4814521007519959,-0.21175318350665706,-0.1972738967952859,-0.16157876527230774,-0.1485724545107728,-0.2275008180010673,-0.22101368219333706,-0.07607646048617764,-0.06399741227877957
0.04427274675190981,0.0484861390104074,-0.032524091334530186,-0.04447938213058848,0.029077524801156163,0.008798201914895427,-0.5522126181980173,-0.25414393997638407,-0.23018089998986757,-0.0007328342702941042,-0.0036188420447289794,-0.07768497706051082,-0.05323383975521428,-0.04506451949982356,-0.05384368558026448,-0.09044415393099754,-0.060768053526436216
0.038879452878009285,0.035878741152894994,-0.31303116919780605,-0.3301504978717575,0.048195375811017516,-0.00408108461466133,-0.3034469885351471,-0.3921670007564633,-0.256794573407598,-0.014576920463362678,-0.031696248355924835,-0.06704174147168407,-0.0820241710539728,0.0010116098890896343,-0.055970634951202136,-0.014583104382843886,-0.00554237048487913
0.21618996486058292,0.21118251091753498,0.04264109879890757,0.018135809052147633,-0.007805270521177178,0.0005701435342522527,-0.6965913061980014,-0.7705682310026114,-0.5215505245913967,0.007649532696000194,0.010484469017750778,-0.11072631716248203,-0.07807783124884447,0.010777810642900669,-0.014912892241016482,0.11517674002154342,0.10206795744229608
0.018198339846181178,-0.005223324384900874,-0.036328222935918385,-0.05658232267717696,-0.028257172835830163,-0.023817173482959683,-0.33886200075354783,-0.3319214562455941,-0.23881466809447208,-0.044590903373482406,-0.03661477209640934,-0.07891365109633414,-0.05875335593747543,-0.03638892486436071,-0.07966855699272678,-0.03201853091679677,-0.047059020824887
-0.0035657833629437405,-0.025216114766269802,-0.07028319950666835,-0.06473194968643954,-0.014919150873983066,-0.013151083263384582,-0.37739987549254184,-0.37806960872867196,-0.38129449063013104,-0.07792471978159315,-0.06369728578925953,-0.07253602338739916,-0.05647954035511736,-0.07017834418629082,-0.056053634659523933,-0.07632308951575771,-0.06314048166145529
0.00789413214167475,-0.00227091300210071,-0.08389472459782736,-0.06656594471719457,-0.027256920813086425,-0.01151787973899366,-0.41122867208860236,-0.15235386892446048,-0.21486219439854998,-0.01049888970929225,-0.04366238605742113,-0.03810653350522605,-0.03992864572069995,-0.0714178024310685,-0.06517101448820019,-0.07806902856783648,-0.05726736459650335
-0.11607117217459963,-0.20688805614386666,-1.554391476065719,-1.4420373339222252,-0.019625205140333002,0.11696714831234338,-0.2966725874828069,0.5194722862481338,0.5019797029987204,0.22837169186826525,0.21422584923126783,0.2001155592611051,0.19517844357859485,0.10253121825753173,0.1510282353333836,-0.27697415342887394,-0.2156859086542332
-0.018857682410320546,-0.07559717415901897,0.2471385620553827,0.24062746269343113,0.07360277169807594,0.09912603076280703,-0.187096043977333,0.053117992557158905,0.09262836195844366,0.25314151726362394,0.23161698021709531,0.17431314754800617,0.14572795698317448,0.21059677564832832,0.247994038996845,0.18978933150490862,0.18945667237291797
0.01776475540788366,-0.038058684793829574,-0.08961601558941912,-0.08978579951243602,-0.03998433509285812,-0.04102092227569038,-0.3333819084610769,-0.32205658708357077,-0.32610116115978255,-0.057676483296458844,-0.055275023741277955,-0.07190485684285533,-0.08322133417658598,-0.03247575990118929,-0.0991786795761144,-0.03383727582609751,-0.059199620513016755
-0.12538924958783074,-0.10126084669202196,0.10226898249425385,0.09517274259034185,-0.051729999306186394,-0.03156028125650127,-0.7670966912770943,-0.2843748828886833,-0.15575875594242847,-0.011992611336045598,0.007719698907765312,-0.04092304826636562,-0.03554436763988495,0.01302540422339432,0.03639701155328685,-0.05435136698974254,-0.08341218703665089
-0.0009131449202727142,0.006249950959487999,-0.05262243100217352,-0.027457435453337998,-0.06268904978620432,-0.006109549390260938,-0.3713581764261197,-0.4498896983399785,-0.312203585178718,-0.010558213962129227,-0.011229211840828673,-0.027412066150300823,-0.033075880349746435,-0.055253796068941104,-0.044342778058748394,-0.03474587680728084,-0.05325723439724674
-0.22646160229223347,-0.21252975734414203,-0.6366815083366143,-0.5673183384083543,-0.0487112543174684,-0.11615733567092218,-0.11902014437996823,-0.35629628023778637,-0.2562374665917007,-0.0781557527508548,-0.10280288091524215,-0.05904703220208789,-0.0898796121059297,-0.03577005837303178,-0.06367239648570493,0.05941313278793763,0.03257335332752435
0.017175507422777535,-0.0034081809648224683,-0.1154553307974978,-0.12148637326110333,-0.009728253669492634,0.00516330469438117,-0.3423862084072926,-0.3502679438292124,-0.36667986518914175,-0.04170820471065501,-0.08063584652103807,-0.08345084718442498,-0.10763891806697955,-0.07650557881452962,-0.12538430911188678,-0.044459414207423435,-0.029291877549241858
-0.12484102918799428,-0.0987228986789119,-0.05499953532791944,-0.06085076909969544,-0.0905193757698796,-0.060563001657698456,0.06062313491831986,-0.6295824586846172,-0.5006018196684897,-0.1708945423777658,-0.14370840260991183,-0.20385971317432175,-0.18380204923561833,-0.09947767496821978,-0.18322378252891047,-0.4502893629579985,-0.4897122855666217
-0.023146936781881705,-0.040696622086666724,-0.07569725934135071,-0.10973719675791865,-0.041013995560603894,-0.037487244927596385,-0.42011093422109136,-0.34911926760533907,-0.2935663596900228,-0.04752116273443967,-0.04532628036569105,-0.08540415676896493,-0.0663640859392132,-0.08659213540741476,-0.0484215994663221,-0.050392888176072945,-0.07511662492585158
0.003548774982068676,-0.013222416707349785,-0.06411751814260575,-0.08221298694768418,-0.006033087265986443,-0.01863270425992136,-0.36667290540873176,-0.35441240268395713,-0.39463030515088227,-0.0584630747971365,-0.03172115374860854,-0.04740289972804492,-0.08049086077617733,-0.013603609538252024,-0.0442308838107994,-0.05856000924618433,-0.06883926922641953
-0.05521679211493895,-0.08559538000711377,0.2643104442141183,0.2634106565592339,0.08622150825858572,0.07748141710386718,-0.1904820168124706,-0.014531714915358566,0.06863077953142747,0.26210232862242316,0.29051717773908897,0.20376276128016726,0.15503606230424785,0.2516115281579176,0.26489250042048074,0.19922226498495657,0.20784077493535194
0.02266145453101329,0.01735063722586947,-0.014062873571460958,-0.05196452516970272,0.018633743222134853,0.005555336818209897,-0.4299875221801223,-0.38490184968891994,-0.2438800952818893,-0.05034547215129516,-0.0140289581411436,-0.021686661426768068,-0.016686699517390102,-0.0068970058301951595,-0.04859383961299667,-0.027548577665631655,-0.039427947370854886
0.026801144828537855,-0.007993573439702188,-0.053542472127718496,-0.05044147466312624,0.025617099530119418,0.029078345651710785,-0.3222977299729689,-0.25845241497113797,-0.20345761809055282,-0.03299466662996197,-0.031420032403245035,-0.05332574312671615,-0.06372286895268715,-0.03263067198244087,-0.056315973423899955,-0.057405421423576554,-0.06301334822283096
0.002381504561417217,0.026985636981473375,-0.008354614661327682,-0.01745223591054448,-0.03320543641682875,-0.033695044165812704,0.204599091207745,-0.405032240827419,-0.3087424743906056,-0.03493944030553119,-0.029468273052154662,-0.09333837717952169,-0.06496791441340789,-0.024100134632313912,-0.05795243620471527,-0.11894490165766025,-0.12759940965315456
0.012697070799789335,0.01301050989724218,-0.04351828895449601,-0.04349370370372625,-0.022753330354352657,0.013699797772810473,-0.4348871097027206,-0.4419004470427465,-0.25502644052413936,-0.03495081841492389,-0.020551269519556672,-0.04356535960085383,-0.026065814276414034,-0.035502327447235034,-0.053332934536651264,-0.03867937511313408,-0.05659794887774785
0.036873332918363706,0.02205384335951183,-0.05711831248600117,-0.06748023377282496,-0.008453125489865673,-0.013441724269143274,-0.41695574194206564,-0.38220412098114165,-0.3234645196631883,-0.07538298361758124,-0.025836954660800656,-0.06774206347589688,-0.041543087337776334,-0.013318618001459297,-0.04028604303847375,-0.03560193036442628,-0.03428596547903273
-0.002417046877558447,-0.0107235071918611,-0.027274206084083687,-0.04051813154909809,-0.05784125911441816,-0.019238047221762748,-0.35318004512412143,-0.3246375252872071,-0.3365339274713581,-0.028456199670524443,-0.053783822578857624,-0.045992844870181196,-0.019595174805714516,-0.021012205834384488,-0.06377838000447565,-0.04471915333981593,-0.03996835825318907
-0.08623855346639611,0.032747906253232956,-0.43766023089369216,-0.5226018264710124,0.05379450808932545,-0.38148019706091035,0.129971977843912,-0.3859697078570296,-0.21302150926177774,-0.07589129696359358,-0.04247637517606676,0.007771447834991021,0.0491524205581579,0.19458953719273342,0.12417440255251037,-0.0895494751589957,-0.08657658270028062
-0.06452565817832968,-0.0641495832781038,-0.15407809293181812,-0.1995932641868457,-0.0006395253686918005,0.03398775966661243,-0.2477299877102997,-0.27592960434404706,-0.21797876959489315,-0.0565681009069391,-0.05282994365471991,-0.06286848708957597,-0.04978607012425211,-0.03824327056427456,-0.06497734772661151,0.03474831416416489,0.021860640011772327
0.02104871507093574,0.019275586787995697,-0.0216611413893975,-0.05915746279386155,-0.0006378363858266844,-0.031099038475049027,-0.4946351499522186,-0.3686984947378769,-0.3180525984210215,-0.03933923508714943,-0.012016700415714026,-0.0411696656340984,-0.04007472042301071,0.0008149910361154295,-0.016201806049793616,-0.0004958061417150082,-0.010943238035866859
0.010479572777415264,-0.0005845308869600536,-0.07964792860007176,-0.09772488444547843,-0.047856120498002516,-0.01867346758501764,-0.3966046453837405,-0.40447863402494827,-0.26666723007593884,-0.04301168635799316,-0.006211516294265002,-0.04075105137300514,-0.03620865363021758,-0.04407377117954447,-0.06507326032983399,-0.07300152058317022,-0.09331030989925207
-0.0023610683006684355,0.0006972115127148904,-0.02573837128365129,-0.06667730915749949,0.008735909802191204,-0.006865438456736442,-0.40644859258583405,-0.3435631991966425,-0.29290010863299665,-0.030742672266153435,-0.05283069951033786,-0.03245820242972484,-0.042839961771751624,-0.008412174156888951,-0.06461926049131796,-0.020576534262968228,-0.00702723664923534
0.034720352366568445,-0.01704197499764299,-0.06470231035085867,-0.0402452560852817,-0.00485132070075013,-0.02054288482258726,-0.4045416992950675,-0.3418753802659487,-0.31371750943870114,-0.029554475907403396,-0.014075426308086314,-0.061106065070399944,-0.04540191850619413,-0.05245027815882958,-0.04368867812263086,-0.032329269610710636,-0.03889938495073324
-0.001549348340334841,-0.021405460883468362,-0.059149956378748224,-0.05514940050264489,0.007534718438196128,-0.016647700465348907,-0.38044231889656144,-0.4212834989065224,-0.26022053037963033,-0.019483201815268653,-0.03113621479666114,-0.03754526414143913,-0.055984098691931126,-0.039390670895749845,-0.054491077520286826,-0.018175802931482663,-0.04750979422484831
0.01593035369978523,0.020158969849133315,-0.04385535983051484,-0.06109105521791807,0.0030124351108298825,0.014218604885904337,-0.44235105080163545,-0.310390334770117,-0.2864926483940809,-0.06969511165207408,-0.05268014352677949,-0.040588994650515686,-0.07528135958578684,-0.03431568585797129,-0.03340789435727997,-0.030963344111041635,-0.02129916032224857
-0.05382386368448364,-0.060101273342991125,0.2423979681660001,0.2665483548051535,0.11362584905251237,0.14540039430443114,0.48413259366967554,0.2616240335434545,0.2504139116556293,0.2122092981344558,0.19983924086375424,0.2107505730392927,0.19707776144507097,0.20786291039876253,0.25137013826995674,-0.2519271839172729,-0.24993982663591266
-0.1867638981839299,-0.17363790587981165,-0.25713120545405305,-0.23138431917307278,-0.009374657395020478,-0.02513748477386471,-0.2604146258891382,-0.2366839592837179,-0.2501415291544464,-0.11955865066064987,-0.06831553235568459,-0.09816737313577827,-0.09443265318093338,-0.06933057789046874,-0.1263940512705324,0.03469187413459186,0.053677003907793876
-0.03803775751317873,-0.06048680087155959,0.3097420478544848,0.3655270530848385,0.15389227413858494,0.1607743259303354,-0.2439302602832463,0.022874058360626535,0.11755006138578378,0.2774510015675121,0.30213343042234414,0.197661742555883,0.17996553075669106,0.32386326386685416,0.32261289650386016,0.21374866659875097,0.23023699566297942
-0.05404453005942987,0.03221297204942279,-0.3441594337371076,-0.40917635791104356,0.047922374639980996,-0.21712278422672684,0.15201388633586466,-0.46307306401826537,-0.30915714034465275,-0.057600320081636056,-0.00504652786697193,-0.006535347448834467,0.032916955862468,0.15509969808412669,0.04615690042943708,-0.05689619061015282,-0.09885801720615157
0.029266683514519283,0.019940821490441945,-0.07231525282692264,-0.07562462089083741,0.004243849498494694,-0.013339904295865264,-0.4666212455376366,-0.40585939391515363,-0.3375569253494464,-0.029663357732068643,-0.03944644935017568,-0.04285600288294341,-0.08547641126292081,-0.057569396189461754,-0.09064932422413255,-0.03883484586797076,-0.03868656256139825
0.04233987853555173,0.008998992573074358,-0.031026105275228626,-0.05880743302432135,0.01643365438334193,0.004527680980729303,-0.5727113158463268,-0.41945061894158964,-0.4075068025954289,-0.0620190213563517,-0.029763304583585004,-0.04328748210227829,-0.0346467870848514,0.0020815518088005192,0.002654976549878648,-0.011260670057145341,-0.02264732779327081
-0.06828014144818008,-0.07497806400043056,-0.15402382621905322,-0.18709425415260744,-0.011547316088465383,-0.05304488908214474,-0.22223854801403353,-0.2795135448805805,-0.25202045663262934,-0.04422840708066347,-0.033135841471690734,-0.023794086872444404,-0.04302017942035088,-0.01660084624837736,-0.04084395145536075,0.0004960432343830399,0.015093957948064927
-0.014230290138758806,-0.02062257269294393,-0.0513984896991475,-0.06141453653233645,-0.008908503685412659,-0.022598887198197103,-0.46427243224003323,-0.3263439856699781,-0.3288783230078833,-0.05350734903831529,-0.0879630308657417,-0.0593415775902412,-0.07113039876780335,-0.04807894136746119,-0.05775074548569846,-0.05555420832137377,-0.03808171175476066
-0.15059901996165276,-0.18181865750497425,-0.24723659409305107,-0.2522848844891392,-0.04068409211144334,-0.023872867063441782,-0.22934738203569652,-0.3134173468424198,-0.22585364869248467,-0.0999361765889973,-0.06378703059805384,-0.044734487814537566,-0.09278391579871749,-0.04960750570462885,-0.10556559018177215,0.032210331072412855,0.02442436231769416
0.029464905881764553,0.005972629727965494,-0.042498715682659574,-0.04878426753624524,-0.0027746868640207813,-0.006361713590343524,-0.42695522597972346,-0.355077414486354,-0.2942353527821513,-0.03357514017908667,-0.0367043079054534,-0.042340740282023163,-0.03145724511814739,-0.06772408666541962,-0.0816667032738141,-0.029096703864431195,-0.02735950209615671
-0.019430167667049674,-0.016540286725998665,-0.039020398393363576,-0.0690665324468191,-0.02138847075763244,-0.034714268937993994,-0.3292229184822262,-0.33125000720012804,-0.2976428333396575,-0.0542714752559429,-0.049128129483859174,-0.03562132270884387,-0.060685402017961465,-0.06390580871822316,-0.0940046748516754,-0.06601373142595708,-0.055892964622095066
-0.1786804599852147,-0.1642412239077267,-0.308543827364041,-0.37478159339623723,-0.05572974355001585,-0.05602879515344882,-0.2008964670274474,-0.22047061272613608,-0.13060278694433408,-0.148514598922333,-0.1333231370088584,-0.0014485071693437427,-0.0029707958425398053,-0.08975663427992452,-0.11651150881940212,0.15515245492170893,0.1308531710115355
-0.008478305726159402,0.00864467616065111,-0.005987102288265133,-0.07588730665938552,-0.0236760230639925,-0.050586947552125075,-0.41432832258945756,-0.3158097077703332,-0.3455491249137334,-0.07370704813913453,-0.03052783911917548,-0.050641246592103485,-0.06264077831985897,0.004384529690046647,-0.044543364686465324,-0.04928944369280618,-0.04826928901851829
-0.25419393094622295,-0.2900930565955618,-1.3103851119951533,-1.1617448403629298,-0.572450065215886,-0.2644616059440866,-0.49127743286660397,0.49449930434807476,0.5364773139674932,-0.022119359597219872,0.041940264687117,0.1938046098830037,0.2046532281263569,0.09738888456673596,0.10998497373433647,-0.5045255102648264,-0.3828557943933995
0.0032324173020583592,-4.222099637596978e-05,-0.06592736652268177,-0.08064275011101883,-0.025214688437184447,-0.025172708961586465,-0.46589970932528635,-0.35811397895847036,-0.33354162743843624,-0.05235626366864533,-0.028572235490763775,-0.05819731529220917,-0.07599710067089568,-0.040221195979918585,-0.04934706751200956,-0.014136691900558862,-0.00992309500530127
-0.1700682028348256,-0.22249919887362732,-0.2711073495728653,-0.27769831933767514,-0.02301383149549731,-0.024176662726882597,-0.20665586003405462,-0.3633687648129841,-0.2630816535098479,-0.08697345590970763,-0.066520712600533,-0.0604013203996327,-0.13038903180640046,-0.10726842562469485,-0.12965914742245863,0.007869762301234902,0.00838007796311771
0.09428807178177817,0.04338845713426562,0.07153986120752469,0.0829487856836903,-0.03692046803884013,-0.003214850764700529,-0.057715888355518975,-0.34832051114802015,-0.30630380381737193,-0.03522424956272588,-0.019732970874946874,-0.17569118254392754,-0.13705885740316945,0.10116610719844121,0.03241428836000919,-0.4661747886410792,-0.4644778876959392
0.004058114308641292,-0.029958458637829897,-0.03910050762326108,-0.05713337705228501,-0.017974403778533647,-0.027906721431117346,-0.26300530716963744,-0.345952776980832,-0.3443031168971805,-0.04976490386392056,-0.049598275970786955,-0.052638847984544095,-0.03622336068659525,-0.03714519224079534,-0.08804961812581141,-0.03180137210738521,-0.044856296545329105
0.020769610535824618,0.030235744596978923,-0.1330515669968366,-0.1122298579645061,0.015839734549002633,0.03296825080179696,-0.4499347609483474,-0.43730189543040754,-0.3101372897170261,-0.0520489379510196,-0.05603488929661862,-0.05480819980379362,-0.05084918582482672,-0.06045822064447409,-0.07487850236881036,-0.016903262095048405,0.010173216679501428
0.07992340606003354,0.06061452302094704,-0.11076275435293437,-0.07740138135261078,0.0007423460373867144,0.011851109627296083,-0.24233931772186945,-0.5827805544283572,-0.4586374133838226,-0.023035529878865278,-0.027734801155108,-0.0847078006605803,-0.05057986416081481,-0.08369567546573446,-0.09857310117035407,-0.10810884725241936,-0.12346686536999892
0.0033867266308279173,0.013505207948533205,-0.12649399920044893,-0.09738383164995998,-0.04400543926576448,-0.034719629177802504,-0.5594920951092672,-0.4296907538204729,-0.24207982769967912,-0.039536351169899286,-0.04419913511124396,-0.0730176220647441,-0.09941236083510364,-0.06729155621861209,-0.06978595700242238,-0.013631368127062978,-0.02020914574468119
-0.0118930068921229,-0.07147166516938719,0.31892473579778413,0.3535866062456579,0.17235989152753978,0.11899182081277292,-0.17225597130714634,0.032945351741940014,0.15382731429780938,0.2910964074073308,0.3201056713272547,0.24107868881749348,0.18911087505121021,0.27203448906184236,0.31378165333243785,0.2020921229350028,0.20793209722288003
0.034676171562884196,0.015524805869140979,0.013717355492595321,-0.02296388408356094,0.032443622887088505,0.005686796668618872,-0.45022927464047036,-0.2841800970355479,-0.28145781186037583,-0.07242391870589157,-0.014571982762444006,-0.03559336502296449,-0.03270920905745891,0.029538590004927406,-0.022311302530773448,-0.007483558641639266,-0.017813674532843753
0.008694428947540292,0.013389663696523954,-0.05070199561407912,-0.05677179356823597,0.02557471384586098,0.005841245181370011,-0.4271672132383024,-0.37193213034209893,-0.3668287600331186,-0.03298836896575772,-0.039681921294234736,-0.08554030293291398,-0.03117565180320752,-0.012434672932206091,-0.0357688257853184,-0.029941234985293542,-0.02039058297288931
0.002874801520214887,-0.02027849371855632,-0.026485867864922588,-0.04568734842348932,-0.018735896299597637,-0.02216354822681849,-0.35942163766415475,-0.4127646090222957,-0.3003034256578031,-0.027585118309788843,-0.037384671390215084,-0.030313175150901005,-0.006505361427332264,-0.028799006481228188,-0.059688007502219725,-0.03293355995195854,-0.0402400838888129
-0.03640792845768874,-0.021953756551895243,-0.12649930446540844,-0.12670352636094798,-0.04533351935028517,-0.014871503502636526,-0.3742012257566488,-0.5461078082854288,-0.3951109466755456,-0.07364331160214861,-0.08426123261853997,-0.11507543404446613,-0.10032994925401703,-0.056856450532964065,-0.09173438681022052,-0.05126868314170104,-0.0538528970204768
-0.0954590762275536,-0.1521162824684522,0.25726554298230664,0.2985438242881496,0.07199522473662477,0.09880750264559818,-0.13841073778541713,-0.017416631424397425,0.10786168186897505,0.259043337178395,0.25374614277481516,0.19627748558895206,0.14758195043012082,0.19757672123212733,0.2528840537641239,0.19523619683600352,0.2218994587857224
-0.014806247469150728,-0.026556687001560744,-0.044672606198760983,-0.06946275619809886,-0.03768590941747226,-0.058133989957330726,-0.3215263556993281,-0.4146615370999053,-0.33931163187676594,-0.08445037200738395,-0.08056419828644837,-0.09916955564127054,-0.08428738652420456,-0.03620543178026479,-0.07886089727327467,-0.05611678100881884,-0.08122579271152036
-0.018946154565261854,-0.01718629076103958,-0.07827316469787855,-0.0728465255310893,-0.04163772073700303,-0.033137482458333846,-0.35162579069575167,-0.40872870155131247,-0.33126653623814684,-0.03027615528834409,-0.050874201705247854,-0.08293154512774366,-0.05428235001248712,-0.014619144653556614,-0.07639373307597179,-0.017639343600647405,-0.05304134361002136
-0.0026446711815409345,0.005459338322254778,-0.032319927289217856,-0.03135029794955041,-0.013619666893350242,0.03201502735008571,-0.46604738916492205,-0.18084438433214353,-0.13978504691187896,0.0065962557641879825,-0.009109335877782667,-0.012477391534801935,-0.04407139721296269,-0.04258350352071597,-0.050896069756805426,0.012944071414710476,-0.025594194152542413
0.04251226341181508,0.004599326572843663,-0.0872041169884223,-0.057024880821703816,0.011330729932739115,0.02100062214213672,-0.4284341520646211,-0.3688904278407764,-0.28999569392295843,-0.01948813041541507,-0.04576507513135322,-0.04464538281458594,-0.04929631976740815,-0.06700860332542787,-0.11088334782864223,-0.05370971713537075,-0.0265466516247634
-0.0864624045835996,-0.05670940740547167,0.33481535801352147,0.2963280529692615,0.017925164352530783,-0.025273620353582528,-0.1794680361271457,0.0010589731125622962,0.022063647737214236,0.19399053235604583,0.1861934275215617,0.13424433518739853,0.12378241162572239,0.19384090175565175,0.26154355410980046,0.16338736375820276,0.15488000593127488
0.02531837336625414,0.010081451527424377,-0.017231735542531358,-0.030562544748889392,-0.005772807765356866,0.012670371185863052,-0.4451310622449641,-0.4476129907964563,-0.3047893018696111,-0.0034867341744401806,-0.016369773034448056,-0.062278207626252954,-0.016313661910782252,-0.033154824182542605,-0.06275867660663528,-0.04618158418458077,-0.01958506196341464
0.01551642021509813,-0.021163216390628032,-0.06548838523133324,-0.07167551199694844,-0.0222109206349705,-0.00015579217575558373,-0.34255107347069313,-0.33792387056437434,-0.31743371918884344,-0.035850477041436526,-0.04282506817077067,-0.09098829127866562,-0.09121946078047911,-0.058609650825144397,-0.09458372959353863,-0.054619862404457854,-0.03542622816967803
0.11685671164231533,0.06696286300854852,0.27000999587954555,0.31848658642879457,0.10873356507984348,0.14142702866666793,-0.27755881723452863,0.35268170087235434,0.44188661781579697,0.35201907459600645,0.30217124677935286,0.2756914093719563,0.20240523815999914,0.25298729358724015,0.2685165962773014,0.12504986306303567,0.11235621762911766
0.014006545275445299,-0.0203429602755309,-0.021714522135571315,-0.029951991292841772,-0.018041547656775053,-0.002429810556385343,-0.3701520950936668,-0.3583789460961751,-0.27365905049020056,-0.04347074923852539,-0.02808903298426326,-0.019905244449748748,-0.024708341147985292,-0.013530424093297312,-0.08624440563966798,-0.05042978280507252,-0.035499275700638246
0.00557054373337794,-0.015152766932560475,-0.05994205656485953,-0.0673781117796014,-0.028010942405779626,-0.017345269721584584,-0.38686252645964153,-0.3247463269433919,-0.29915204233681475,-0.03588792509824689,-0.031485914634316235,-0.029992383263668147,-0.05837431685409557,-0.08340757063945252,-0.05094341722887109,-0.06472320630549713,-0.0642829686674703
0.019429894147362722,0.015507978271473004,-0.030127906588140706,-0.05113301230932594,-0.05668125846347445,-0.0320912021178705,-0.3451314810375864,-0.3287756639727681,-0.25859501908552207,-0.06800242986829323,-0.034147284874511324,-0.03417029860260349,-0.06360831133727748,-0.023925118089503254,-0.05916939567503213,-0.028426818023977715,-0.014906524287945042
-0.024825941838375165,-0.056260463743569175,0.2555953600749438,0.28526996972580837,0.08620989347571932,0.08051441650526385,-0.2999257557347932,-0.010199774035072627,0.08969188786166922,0.21525337311889306,0.24787187488961715,0.17275771258238548,0.16185084979633305,0.2609958008682777,0.216965705037007,0.2198191709356192,0.2042435371803311
0.012824333803994361,-0.027211749286099575,-0.06276334906692252,-0.059118525209008295,0.033171857518652176,-0.018574691457180575,-0.37506428387527907,-0.3699520077648556,-0.3710947039679144,-0.04826450964137832,-0.05091343786220288,-0.08210835700228705,-0.06761156067259319,-0.02138840893055292,-0.06277841453318764,-0.03166852937171553,-0.03779438132196688
0.01766384521977496,0.0009667803355728984,-0.029850320253599318,-0.04076490370878172,-0.015939679136429703,-0.0215052664881435,-0.39235101632541064,-0.28060972554771135,-0.31107442146283204,-0.058202685257631954,-0.026088540860841895,-0.06285469955530153,-0.057333482959556446,-0.011020893784086744,-0.06647762748005144,-0.029234529652326393,-0.04781879319199722
0.03185965841368598,0.005292267487186215,-0.059750967151154355,-0.005423777548167785,0.017386990876205568,0.01592427481446243,-0.5867327906070917,-0.2798389612013563,-0.26692512123590023,-0.04913618847156015,-0.016942380299320603,-0.030916924496175075,-0.055945793778075674,-0.03828429024434513,-0.037725855407963214,-0.030717835000271088,-0.015908216673462112
0.029507614563350902,0.01330891370582581,-0.08096638421508197,-0.035857308363487564,-0.012653558340360834,-0.0009614833572756419,-0.4890079736463695,-0.41039902839473513,-0.32102320147456903,-0.03249597197938027,-0.04387465421381915,-0.03847730372970634,-0.05931057301814459,-0.03776283026135417,-0.025085918901168982,-0.03459358284053864,-0.04778391868446208
0.023437375902982043,0.019711028500274865,-0.06071331182662116,-0.06170182476520488,-0.012467366641089824,0.046828464082338206,-0.4131132943262078,-0.40492813290264584,-0.25746223355304076,-0.013456084432119297,-0.02104341304632454,-0.054721770834907535,-0.044873517062338025,-0.07827270356460155,-0.061308767825554056,-0.03183026211496451,-0.04196889877139513
-0.020641060819786502,-0.019513441118094402,-0.06630919033705279,-0.07962374630110751,-0.034867609720202114,-0.06738128110244365,-0.3974128418196821,-0.2812171087148139,-0.2351335487457636,-0.028457453336675282,-0.04412810329542158,-0.025502926514568213,-0.017496302333045836,-0.09861262576974514,-0.10123770215577192,-0.04827072433504667,-0.040043158590138114
-0.010784579458397468,-0.035817655883182475,0.3780103861737083,0.38076305648087666,0.1393184268103433,0.13448153004099608,-0.2357036938101347,0.04653528597229196,0.12321635742389682,0.2910223909659308,0.31091256206108797,0.21565755952058455,0.20064812508197513,0.28611159556338117,0.30145209133870815,0.23092622146391154,0.2265399323209529
0.007686385163953169,-0.025836484179001078,-0.0659009853161422,-0.037255828286886276,-0.029108921312584718,-0.036770753946990614,-0.33379770495470074,-0.3749082488915875,-0.33258407950762264,-0.05470819113824056,-0.04890034736255855,-0.06125887383465598,-0.061715533487282745,-0.05812458182313532,-0.09297291452757034,-0.029531552947528055,-0.03844120043566347
-0.17397959499890459,-0.183644558073685,-0.2724776329177579,-0.26326889603648496,-0.01160250676377024,-0.043921653846865374,-0.23687162666435013,-0.37818918106570554,-0.2583993404160673,-0.09817066938000331,-0.05904206748626273,-0.08049754434520201,-0.09724832493350888,-0.09327403717284871,-0.10168332990149812,0.03532171730862775,0.026880291371281055
0.014692252193408509,0.029458593265954906,-0.03326446106113956,-0.07800765198133462,-0.008087340788823725,0.01284475774326026,-0.47489628163697,-0.493755699849543,-0.2714467656074301,-0.08140908284531684,-0.009719200565864582,-0.05120466158264472,-0.06563135270207436,-0.003842446083953198,-0.04102783122558075,-0.020904614625818996,-0.00924412138275292
0.01009132981995375,-0.013935089103700588,-0.071117143131386,-0.05104272970908034,-0.014015208011413982,-0.040911692696759316,-0.4867578025856678,-0.38121867029980105,-0.3384946417694917,-0.074146550021857,-0.03671884632031829,-0.06545849058824739,-0.062271226901782994,-0.00395752343497263,-0.032985110426660885,-0.015775654122647115,-0.03569176316435128
0.0070787363448243145,0.04267699069417452,-0.011732242204030234,-0.012799259961950592,0.018882007534823813,0.006931002246876835,-0.3378261028665904,-0.3213951576317099,-0.2269430255364746,-0.052117931067773925,-0.01921127611655821,-0.03896640200818688,-0.05590677677455032,0.027864561962412066,-0.04228771734673566,-0.014077820799591698,-0.029576970552935775
-0.017319831234571755,-0.008898231515719512,-0.03206940663810021,-0.018213311341613254,0.0038497345000856015,-0.006651720320955214,-0.442352020328858,-0.22588245752322358,-0.2964243164067288,-0.055357034544023645,-0.0771800838831183,-0.10789297034842085,-0.05280688131823793,-0.048280459149738254,-0.07668357345020407,-0.009527479886119692,-0.04170793380493071
-0.1687281044283625,-0.2708404741294996,-1.5300813450273885,-1.2854243607696698,-1.1250109395269727,-0.36513604718399073,-0.5100510485002476,0.42843539234670014,0.5333046650212101,-0.033255984340357495,0.009163464232593295,0.21974735917947882,0.19008260085515713,-0.021168135457219763,-0.02368119793947812,-0.4538408658153697,-0.40715747241296224
0.010655282886044353,0.013555103242472727,-0.024518368771611385,-0.05263987917078623,-0.01531953926928295,-0.044967324276720455,-0.38594556401062097,-0.46913575968716253,-0.3060807612705158,-0.04604206257099594,-0.04825475118246233,-0.058039467469834245,-0.056634626533830425,-0.01796075431878831,-0.02779819448809506,0.001892421894159194,-0.026873699009086226
-0.019382063369631695,-0.002351426935590926,-0.035327032315877735,-0.0624821644500557,-0.02718257396751371,-0.013455502180596591,-0.280570231999991,-0.33946707388163666,-0.3453280964059143,-0.04740336149382173,-0.025794217738800595,-0.04456049274976172,-0.03334677563255759,-0.03808235543051927,-0.07998107556407848,-0.04333355901963022,-0.03402014137033705
-0.013214590205460843,0.003638152202349522,-0.032093654893939096,-0.05275067707335429,-0.021175752381230022,-0.02013988021242177,-0.38213774238278475,-0.2747731249584914,-0.21085865918491906,-0.03290054492736369,-0.06163421027580582,-0.0636051243318724,-0.06959501502977364,-0.03249372672713521,-0.03641522750643445,-0.06511826736140021,-0.058776483970076066
-0.06524788303788748,-0.12901946333993383,0.23429341299728756,0.23581863857896235,0.12805683508032276,0.08630959383352377,-0.18527804961725605,0.09747587201247736,0.09808047847309935,0.2856041362652182,0.26580109529069845,0.1714914470779302,0.17207054923561402,0.23831842870932882,0.270006884307814,0.05296094207642272,0.07470204575028656
0.01569188333705445,-0.017817114877533503,-0.04175011221652285,-0.05192495342768122,0.04453681216363292,0.02708821127539561,-0.5721842640208272,-0.05001206889352675,-0.08272817145120365,-0.026348154666429858,-0.021274219551934155,-0.06099858713883478,-0.04040691390277421,0.011378863019225168,-0.009315305087931077,-0.028187754611447235,-0.020444703488832972
-0.0058830351128766,-0.0002665497472719888,-0.0596582692658654,-0.0461798835872595,0.002085298761121284,0.002395526198178739,-0.4182932420238501,-0.3371733040742948,-0.28883942287178477,-0.04291002711590509,-0.003925982666121675,-0.055331541504758074,-0.043262933344843206,-0.013391436236488212,-0.08180954429348512,-0.025859651897999037,-0.015896598021154413
0.02346395202990288,-0.02430568935541073,-0.08283313226900613,-0.08323866807885202,0.013066196088515029,-0.005235477346582705,-0.44561957685095366,-0.3096256442048464,-0.3103126751549299,-0.06955584174762448,-0.04828298485495061,-0.08519283693581263,-0.0494433514161057,-0.03878875299127336,-0.06974215425872907,-0.049017624633139634,-0.04067966811244044
0.02894968705963311,0.004861931149026669,-0.039400670865840766,-0.07901401504058743,-0.012478974522782231,0.010450942831393821,-0.5194678124065873,-0.41322475657023794,-0.24013319755985693,-0.03798916491650903,-0.03918313332957974,-0.03192585452892479,-0.07662606112902395,-0.024427382117651872,-0.04427223695563752,-0.03602436334204722,-0.055921116911279344
-0.06168648970915917,-0.05323756692181383,-0.2136836275615991,-0.21613211548277286,-0.01508387039415828,-0.0005008415467568916,-0.2395947849034839,-0.31916022886966033,-0.2219482430654547,-0.03591303483956374,-0.06046846707589279,-0.08057158192658465,-0.08755044357679644,-0.10500849711982885,-0.08110232176262926,0.032015072817643146,-0.007830981913840691
-0.06027921153596245,-0.06992135196623578,-0.22535609214187002,-0.1876934785819008,0.0190186741887862,0.02115441144658001,-0.3184538165802997,-0.29207800959296676,-0.24837815631163568,-0.05032906731684328,-0.028437073072625475,-0.06148358012800951,-0.07317541041948944,-0.05050654458504087,-0.07151513137559523,0.005737501121172464,0.010014952576135203
0.005424211077735151,-0.0015921529908559963,-0.061001443029806854,-0.07804398806582238,-0.028976206192182635,-0.0018442657261287022,-0.40741165635807997,-0.44010313108059806,-0.28563983273285776,-0.05316030875504143,-0.0605849609920308,-0.08645012995878157,-0.030108001469100205,-0.015069895415628207,-0.07335233303085972,-0.03717067946660398,-0.03180274927803838
-0.02708577451961974,-0.014530594237745545,-0.07255926037830895,-0.06950141247598385,-0.008165220724261601,-0.02075380787021476,-0.4249160477624061,-0.3614340787214271,-0.21930309631776163,-0.045696626084970396,-0.05695059060338337,-0.07447334855027066,-0.06973321878732715,-0.05086748172996432,-0.05206448206563939,-0.06628957588089901,-0.0484017359481638
-0.0023013018881247343,-0.019556753475180575,-0.09273666618426539,-0.09153775119732625,-0.0077912996436553,-0.03846305963738848,-0.3604432276320896,-0.3553837798938377,-0.2596665515326251,-0.02574766409992062,-0.04468716886609782,-0.05932074221466249,-0.07945906886907796,-0.07145523360843362,-0.07036401265353182,-0.046825729082962064,-0.05985389438800297
-0.031928273845980966,-0.02406250351580565,0.007565810553032594,-0.014890336526413174,-0.0140926893643078,-0.007466949975272917,-0.3392148085324403,-0.11123586621518985,-0.08377271530424629,-0.03305530551946344,-0.012313627532705427,-0.04208982301130713,-0.027300093327524325,-0.0038322528754798327,-0.030174804747944338,-0.019970093969993403,-0.007187224064726726
-0.004658209258835454,-0.049155736628546026,0.31508547471447534,0.3142274360165839,0.200098504830309,0.15129891880968507,-0.05903717322209759,0.06052989068711414,0.10511039808843362,0.27525608143125607,0.2877233898184229,0.23382085934857705,0.1885639801649846,0.27580618512899435,0.29566465335192355,0.206170092271364,0.21437087690237933
0.007728550050677046,-0.018453847118119284,-0.05870873479722672,-0.03900353841277314,-0.01994468835989558,-0.020027590499731934,-0.5215455556766402,-0.3225704491831831,-0.3080896100142684,-0.054744866914048854,-0.04972560672149572,-0.08107118891666247,-0.09226473976202063,-0.027353534210977686,-0.06041734505205993,-0.04065211649931171,-0.07825905525304054
-0.009692346785119467,-0.010939463237883272,-0.0848060197985922,-0.09826930843019761,0.02478207510674554,0.008164398154122659,-0.3386294560581895,-0.2892687124383247,-0.28744771063341334,-0.022639595854930007,-0.019898990032315496,-0.012210007886911251,-0.08383270977754094,-0.0397625175073426,-0.08521490448011182,-0.059685910015134895,-0.07519906587816101
0.030778086699153138,0.03784951946547775,-0.06280930571726302,-0.026356413431942956,-0.011675164110159307,-0.017317096944906036,-0.48241230938567076,-0.4087971265070856,-0.2993871609177462,-0.04587041578837241,-0.032646824283983834,-0.03120126483191375,-0.05184916967051997,-0.06014003118504658,-0.09642348000979925,-0.016040029509126093,-0.016830858144054175
0.02866656096754275,2.3313915102815154e-05,-0.05803937082460549,-0.06878593587632793,0.04774193332781128,0.00909800039983468,-0.40461132016607204,-0.3304209103694639,-0.30970499831485887,-0.04252902922337898,-0.031029772891346737,-0.08271165354384145,-0.04894071571514948,-0.042779923702513045,-0.04808978723829262,-0.07603672850344032,-0.03961293798746973
-0.042927206494421014,0.024052792140935433,-0.012597613828594914,-0.018691769059880202,0.057539791709842115,0.015715983793125277,-0.29124356713215016,-0.2885096649002798,-0.279516759194951,-0.02596639448523899,-0.08572540395502574,-0.042911072815309405,-0.03535390585001247,-0.11319797538601965,-0.08748214479035557,-0.027228451576112173,-0.027319581021573492
0.001424844275627825,-0.008341792165520178,-0.05141986559982194,-0.07353394809941949,-0.00444139111473576,-0.03934467174952902,-0.33161520566593233,-0.3367251816011845,-0.339912437437574,-0.05608687069337929,-0.02735418296942866,-0.04638877333644901,-0.07917980479805836,-0.053410750181714914,-0.06648821036942722,-0.033192264652398974,-0.04346777024685418
0.05952835385025025,0.04302127756311095,-0.2771673114299984,-0.21847953488722247,-0.04424544317048935,-0.012658117051354108,-0.145965303521795,-0.4994263567110149,-0.3906942049648142,-0.12272123373047548,-0.11232953483779412,-0.11084332436045201,-0.06640848372640133,-0.12654003094845553,-0.17610306458418337,-0.22864907854511415,-0.2294392556444179
-0.05927502519586006,-0.06062676334126529,-0.23388083662472298,-0.22118650784422078,0.0019676424528965214,-0.012501617840582162,-0.1835026395969849,-0.2766138190911801,-0.2289391160347015,-0.03039487925609705,-0.026789791343292034,-0.01841830104952163,-0.07203748187190813,-0.045525717124308966,-0.059999519738639,0.013622461598584762,0.03157818274960315
-0.1652979626321382,-0.253258352604175,-0.7916208224564092,-0.8411277360451718,-0.28152541242271534,-0.17812775717125115,-0.44160206910402316,0.4410825698868454,0.4535996689388734,0.0637865074405617,0.09285127151971737,0.13855715577295388,0.14970435136729274,0.0953119712930871,0.0939296296619321,-0.1503087395260975,-0.12043772296538435
0.01075177078175413,-0.0003390008898516594,-0.06128549550116678,-0.07781074500689922,0.006777502766032915,0.028768101914708157,-0.5745784026508581,-0.3622202426756179,-0.32608723324889055,-0.04597998914137894,-0.031610258691099936,-0.07025168407674329,-0.047317460370225585,-0.05917261492093147,-0.07433287982447231,-0.04335759217205108,-0.05184510559741009
-0.002057152555040217,-0.03349164477286739,-0.08722751463377865,-0.07574174139934133,-0.011605718717803705,-0.0017377875009746127,-0.4856617253022758,-0.4491034102456585,-0.3997840691346106,-0.08447339920631346,-0.03768128382868078,-0.07717554134997948,-0.08270640759063387,-0.09783491844074522,-0.07953900281783248,-0.03585109231931064,-0.042347803042356094
-0.07614735286793367,-0.047076146624807594,-0.6040677766050399,-0.6233586482580833,0.13754139766510656,0.11602228052008332,-0.32480010414572447,0.44809501785456946,0.5183883189127015,0.11863597205751358,0.19506285169373677,0.22997198023463708,0.23109463711093328,0.18048013156706172,0.09862545090318167,-0.19708295112214935,-0.15859867056597549
-0.18555085601802362,-0.2107817306428945,-0.24590984222392076,-0.27059139808245036,-0.05135113370157912,-0.05216962111668453,-0.19218049552441213,-0.28369637979640927,-0.2677990292783962,-0.07614140824915437,-0.07240556706186044,-0.06404087258028959,-0.0850718589601056,-0.09551458221335743,-0.13338167657292266,0.05063852695127911,0.0353659494090883
0.054347657696774014,0.03335904630942217,-0.014340577221940556,-0.024864388257080827,-0.04505167359032733,-0.050534766893323015,-0.4958099389668267,-0.33040033633944527,-0.22652981481341858,-0.051859734768564134,-0.02292967712076703,-0.09872637188928954,-0.07178197663337159,-0.0029901282480353096,-0.028483969025561842,-0.032422405404242384,-0.03179674469838005
0.014127982252263025,0.006359765096701331,-0.027639855778959388,-0.03641026377699123,-0.04052828362816961,0.0011267846969724524,-0.3657407212213054,-0.3237936466761599,-0.286911253588048,-0.08957712363801011,-0.039215003004720986,-0.0728822424043474,-0.05182574043574455,-0.010819335244693317,-0.10185254577141169,-0.015871608860163727,-0.04149158281945558
-0.023800831962740097,0.009477001743266628,-0.06070627072613519,-0.046009390975492385,-0.026014439539810325,-0.03127135437160733,-0.2964526665836295,-0.3079624388335411,-0.2611264718372935,-0.052010925956122146,-0.01698317053065099,-0.054141974375250444,-0.06988173357989413,-0.03768905805315931,-0.07956687880368649,-0.010370692141301653,-0.017164569374111947
0.06280248255686498,0.06222049703648537,-0.2866165013537951,-0.28500374955727903,0.002463201996931996,-0.06842930806733083,-0.45563446483479275,-0.3898073764648803,-0.3738460905896949,-0.06072679737898193,-0.018945206548402562,-0.08033985228252943,-0.10863969131460023,-0.014546194761627027,-0.04878533974704797,-0.007054633913789056,0.027911861602587504
-0.00695339899283545,-0.00390029280025997,-0.07109836364164851,-0.0793773502986511,-0.05263626896401767,-0.03270151389986141,-0.32217977952692556,-0.411505391720491,-0.3276917943067741,-0.03852736317941084,-0.07282270290744754,-0.032983811193536196,-0.03217061356358602,-0.07930448242308658,-0.07018175643569768,-0.04128950987966784,-0.048337966059698916
-0.17005513317832735,-0.22294039197201804,-0.26661609840096034,-0.24962767987049383,-0.03662742553246586,-0.02136750413684268,-0.1964882093277455,-0.3758818392695499,-0.3155609946071069,-0.10267406536553005,-0.05797403069432958,-0.05231212339059717,-0.07740146215345481,-0.07570606602915778,-0.08530569280947183,0.030746198460081527,0.025681527247732927
0.03243740908352275,0.07514850774943718,0.02292157966111568,-0.062089704557644586,0.04184182055258102,0.047301522081946185,0.18840306164281992,-0.3660404100937673,-0.23868298826886467,-0.03614554745028979,-0.003633541436073135,-0.04436664165244988,-0.013983692081790606,0.047620213977976764,0.03127989162545868,-0.05348587875542827,-0.0685644813005012
0.022426735283863814,0.013551201906773499,-0.0803620574692903,-0.08602497656417377,0.027448459765209578,0.009434416387282882,-0.43756585889457955,-0.5627749927319746,-0.3519617203133789,-0.041112814597896764,-0.02542278014143351,-0.05882033238026392,-0.05831412727283673,-0.07467033191862239,-0.09670461403348729,-0.005732480749166061,-0.04022882876471144
0.030001219766682814,0.02274984023907676,-0.022110025718367447,-0.05986988105154787,0.009413830397394993,-0.01849087212431605,-0.41438548175909284,-0.45340186367548974,-0.3011316834500645,-0.08205345545928518,-0.042799393189966214,-0.07105563499020179,-0.04960842743754201,0.03195684449175811,-0.013678727033171589,-0.006730280647554067,-0.03616081127270789
0.022921993438850555,-0.0038130312748472037,-0.005936039876792038,-0.03349296298004017,0.03685338780309574,0.029855277578793585,-0.4757682850682192,-0.39983678069943884,-0.24603819025427523,-0.032805750374061304,-0.03147817274485435,-0.025066909718726993,-0.0184808098204515,-0.006995859264849624,-0.03687788999001933,-0.021391204980535847,-0.02570680771425279
-0.16190409084891202,-0.1728647810481144,-0.26693383449705194,-0.2587309047370013,-0.046470668702627095,-0.022021776483110392,-0.2155382010457918,-0.3028754561671795,-0.2702660640724952,-0.11564035226893776,-0.08565773858271981,-0.08013812595697534,-0.08450103989158188,-0.09667825152022626,-0.0985315214548689,0.03924584602791911,0.05406988133579888
-0.04461362805754732,-0.04275635991412956,-0.03776592905015893,-0.008465096178671225,-0.08801094622756522,-0.05382467094823298,0.1498030790811616,-0.3733976785346151,-0.40997830181841355,-0.12064409685823009,-0.07810627643801048,-0.11253357925531415,-0.09223921758437648,-0.11087833323669284,-0.10361087421743678,-0.24658810760298167,-0.228349301550749
-0.009295680099808199,-0.0011017425670106994,-0.07800750091890855,-0.0993814434237765,-0.016126266700712797,-0.03292674172607383,-0.25407716510964873,-0.3770601038018232,-0.27096743150585423,-0.06611708443124696,-0.04716923837138407,-0.05037739512518944,-0.057568340491353454,-0.02329881526852744,-0.04920040387221434,-0.04006479706038992,-0.06212136895624469
0.016193549749326887,0.0039591789681891875,-0.0485894676071367,-0.029581294024156206,-0.0021073924596983953,-0.040259521768600405,0.12233138791876924,-0.33422971051478934,-0.2770009750016606,-0.06931524313403054,-0.03584529966116557,-0.0619767141945798,-0.06813491948304741,0.027713685897141162,-0.043451205189059844,-0.008110713997775437,-0.027471590650463038
-0.0704871929341897,-0.05859120761481917,0.3474068152663787,0.339183322066584,0.21193022213013957,0.16912102079713298,-0.21272074322370324,-0.11348714047769211,0.019949274127378167,0.20683816879338926,0.2509099908470498,0.1571005889074603,0.15963175665063803,0.28390869997132245,0.3208417570682974,0.2798063201969364,0.2466194102088301
0.012711569370295476,0.022058602723443718,-0.06379753936344248,-0.06451292797840542,-0.012490587216067649,-0.014601060432757355,-0.4675180111495096,-0.2969119661857985,-0.27064909153222944,-0.05244295298398171,-0.04634750892061785,-0.06848980289658943,-0.06153117589668629,-0.03246768671486582,-0.03738664556927881,-0.02534129737580894,-0.03606517403591015
-0.015568364804892489,-0.007102181524597098,-0.04103449933412536,-0.02705047280359849,-0.018136898244678436,-0.001631622889635225,-0.42763365695001054,-0.37101420426573223,-0.3535599463770092,-0.013539778690383322,-0.04473373926318548,-0.025491744712712885,-0.023144442486268582,-0.04187293879630357,-0.03397545983776674,-0.03255296839824239,-0.050834944731938524
0.017548739328685076,0.008466132927504276,-0.044938632996140385,-0.03085796134720656,0.013202846944755165,0.019588025881048902,-0.4964257886777919,-0.3184007046059532,-0.30058773066590394,0.0032164731620986987,-0.009048728860142434,-0.04562740172875324,-0.03863423389664309,-0.004229415092437797,-0.058765008161966205,-0.04937696332590946,-0.04060526575466797
-0.015269958829671961,-0.024314332594033854,-0.06229692005201513,-0.07410200200603,-0.04635391379020084,-0.024312788471200237,-0.4251988322674973,-0.36866612605638355,-0.31970914028590885,-0.05669160241058118,-0.05897094904580254,-0.0786644945561021,-0.0825756779107439,-0.024532021076120222,-0.076107595727916,-0.07266582429626754,-0.07569906468447785
0.04258800362491515,-0.034787130869540175,0.25861423521743027,0.26864469833665905,0.10372522638789589,0.1139561476849363,-0.040101764407415086,-0.03679392486611515,0.08005163935484753,0.23897816967333496,0.23730503600094538,0.17788188165468807,0.1574451200038946,0.22017428882923906,0.24051304514269747,0.08513465418883315,0.08233227378567161
0.009401141519541273,0.0007648637160142651,-0.046131679182807854,-0.024160038758064113,0.03429540401790263,0.02789684184811599,-0.4942604769662656,-0.40472617843986264,-0.37651430525283963,-0.04508802081609631,-0.012355575113264182,-0.04241589586906062,-0.042855773460516285,-0.03821828624630664,-0.04673690326213367,-0.03803138101252949,-0.020588702264506806
0.026056799814573883,0.001113093874575347,-0.017739057576651802,-0.06378768692199623,0.014482165546033585,-0.000717386450307979,-0.36348562324929157,-0.37055954396525986,-0.4191678813011486,-0.072527638921452,-0.029565997256116954,-0.0520321301240676,-0.05513457980215163,-0.003846049832105488,-0.025699376939882786,-0.01914713611528085,-0.05094581991434697
-0.0057234066407291515,-0.013701476218058874,-0.07534787424999766,-0.10924083530664462,-0.0427977003125678,-0.039348421579399634,-0.45652688403291014,-0.48887657156844955,-0.42161640217737995,-0.09388554636049579,-0.05320498736211205,-0.05953124393119596,-0.06297800947004122,-0.07120336925747013,-0.07056013944624875,-0.020290235500141956,-0.026262119362131874
0.007750499129763088,-0.058927401046754646,-0.06897833714513224,-0.07817271497909054,-0.017310840982822803,-0.03580160517700794,-0.44207334153969896,-0.36415654105694983,-0.25839448490837963,-0.02394725935527518,-0.033814249475275254,-0.06569717454517533,-0.05051919008429463,-0.03876669276312082,-0.07357611634690908,-0.04805783379942713,-0.06066492899319752
0.04738206269970397,-0.004998791863473682,-0.030072464871429273,-0.059040211345177965,-0.030225665979711103,-0.0005219928087661569,-0.45256331580536036,-0.3838709112266846,-0.30408650320966835,-0.0716900914623799,-0.01801155900677263,-0.025902141128687283,-0.05674108622665028,-0.03162255012904374,-0.03973564624926673,-0.029553631063099755,-0.0321779789459915
-0.006046777705722173,0.0011203968238523464,-0.060132669521634166,-0.041400306275022544,-0.0029824301416885714,-0.005469902387881254,-0.4018855013056959,-0.3471525024704238,-0.28118334770584413,-0.08993188579973187,-0.03309410568125303,-0.05959159522780555,-0.05852085000181018,-0.005614835064894322,-0.025917228743200668,-0.051772531758009506,-0.037540881461081865
0.034011078468467244,-0.009962120181752469,-0.02488717502841603,-0.03663581361445053,-0.027792349638569896,0.0043872333165409045,-0.48074476640576036,-0.40133486702809906,-0.2627431252124479,-0.025794960414439,0.013795439132728007,-0.030795922916817747,-0.039869278696524395,0.051945902277648094,-0.009959344105906353,0.0072461549052284125,0.03226800530738288
0.010078348615436597,0.0077686390833471225,-0.06427799484596795,-0.05596731343689539,-0.047273140483931685,-0.02098025414638589,-0.3306211127321832,-0.3516736213647898,-0.2662354262783696,-0.06003007731351737,-0.04018118714610803,-0.07203760188888877,-0.05799648168938968,-0.02234334209221691,-0.0741061613454898,-0.033076815335042954,-0.04849455188549459
-0.17587028557362383,-0.16710024260763465,-0.22253488243358466,-0.2481790536667869,-0.006754184753386694,0.007691220244400625,-0.20926462291180833,-0.32960933536781245,-0.23325055368751363,-0.0801027822350882,-0.09837616114020954,-0.05306266989636633,-0.07392299571607532,-0.08362746552234819,-0.07110483732738676,0.043549283121101554,0.051753562683000166
-0.1495883446331536,-0.14110915256640913,-0.1722140490251313,-0.17472083301520058,-0.026857931002514972,-0.01590123248722425,-0.4961288414473465,-0.33410035259855064,-0.27570990118125105,-0.06095094493283993,-0.048128588342360605,0.0029688910354106353,-0.03331316861066682,-0.052617566953812325,-0.0949758318805295,0.0440969242855952,0.049980006609438576
0.031743436722002305,0.01050531148457329,-0.07099813800655791,-0.10418798191825411,0.0038937266586604505,0.012353900094748077,-0.4583196815861853,-0.3868294018175425,-0.34275717536183736,-0.01829229422332911,-0.04070728268915545,-0.04960378931410672,-0.06335432296091759,-0.07804386655195525,-0.07850004691679592,-0.031237877813000896,-0.02908432586573518
-0.011273277656729011,-0.01819705237561941,-0.04032497750097435,-0.07851670660056251,-0.018224969622905717,-0.03073748569090731,-0.42916484742768835,-0.39917195282178897,-0.2742132829326388,-0.05076257141136727,-0.07370843096678754,-0.06463386279068367,-0.05292795094314844,-0.08253997832080028,-0.0672872017634641,-0.06797760463700402,-0.069876392793879
0.004357502412191143,-0.02765867695841753,-0.08682790109867451,-0.051709418751912956,-0.028252053801867526,0.009774885512748663,-0.43390532136089865,-0.39157827289301367,-0.2927387721095744,-0.038607485157466065,-0.06442669693102894,-0.09035958410169975,-0.06106766225559507,-0.08953802564139648,-0.08818260926883005,-0.049232997246499516,-0.05004089606219027
0.008458323784045442,0.009587630467937253,-0.05221642095509296,-0.0738461097769845,0.01804582569942477,-0.004394690385492875,-0.5147056875794853,-0.43542331165545906,-0.3075748650364354,-0.02518830935858467,-0.025415437957175012,-0.056272335016440925,-0.061365973520564006,-0.04080477691049201,-0.06895117963900609,0.00613978083346984,-0.017350772896309367
0.005691336283837753,0.010113853261227827,-0.058657318763164844,-0.09325130408742952,0.007137047977620739,-0.012227775243606104,-0.35795487537282145,-0.37655234316401426,-0.31141046634042324,-0.057852217211449286,-0.07740106869992996,-0.06418423828440294,-0.041931911425037396,-0.04867633068437373,-0.06254030788698038,-0.049266967659539744,-0.035934182724557846
0.011570614606347111,-0.023369729108705238,-0.0807011356009283,-0.10183087278941952,-0.016304999890758832,-0.032558351542846246,-0.3341280404647461,-0.4554241357282682,-0.3955176289367386,-0.03211957099305533,-0.05064858771795965,-0.1043016731175007,-0.054473364459289735,-0.041078482116213164,-0.07205682348669641,-0.07757093955479262,-0.08187525698208749
-0.011220371142474237,-0.0023754114436335062,-0.05961232407666374,-0.05445656853461772,-0.03479105400077872,-0.0026853887928236795,-0.4054808885457817,-0.37393513202444034,-0.2653332842006431,-0.0838737910899629,-0.04363376273535151,-0.040576238993974306,-0.03740238222847596,-0.04101920255881747,-0.04506771197741615,-0.04797052439407151,-0.03144395568371271
0.02825401183005818,0.01052296195799394,-0.05147425780510576,-0.07563687234240718,-0.005021687439491325,-0.03587809306563775,-0.4454842099160348,-0.448230238146371,-0.3644264662437613,-0.05223067891162842,-0.048877396848869784,-0.0662940848212672,-0.030748497817984,-0.053398991677852385,-0.059612222488266996,-0.03855330381321065,-0.03356892399488632
-0.023531781237858596,-0.024787495261055777,0.2896443096223223,0.33311135660606667,0.11852085931494619,0.174422170343753,-0.5534387965357684,0.06994261398286411,0.14800098808258114,0.22957020756137644,0.22200725045881228,0.22531975323331185,0.20728868981810475,0.23561536000116276,0.2976183950890615,0.18669434392850484,0.1994737945742539
0.02494853552068971,0.005412562109479272,-0.02429494358687288,-0.07414925862675811,-0.0385420236573949,-0.008215030746336645,-0.4460093484242151,-0.41225200893795255,-0.27438153443879354,-0.058316912530170545,-0.0393946586447774,-0.07779477813991395,-0.048263453444138286,-0.011218830860191016,-0.02380700559854419,-0.019331739327379277,-0.03052381663087932
0.004252771212134096,-0.03166453397028379,-0.10145193560171109,-0.10024095241992664,-0.007630161771478023,-0.0054736450932714965,-0.5343477271668313,-0.46417661296250606,-0.4092347794256506,-0.05087013903642786,-0.07634805164018571,-0.1161055554984195,-0.11594701490572609,-0.056444828094864605,-0.08922237172522617,-0.04044878433752139,-0.05832996381827998
-0.1653343020753171,-0.1400731687470998,-0.023200937413424504,-0.049184353301555093,-0.09625250118370293,-0.09491863091250216,0.13085131106901493,-0.4558004135978096,-0.4487304996912657,-0.12649859217784815,-0.11632732440927808,-0.1061790209914485,-0.12888489237453546,-0.1215691388519242,-0.14154584133696493,-0.03488480002877451,-0.04749402296254301
0.003125045493194462,-0.025677628252884395,-0.06128116285340619,-0.06482721151698817,-0.013989375048718885,-0.036148115360035774,-0.42736206944130906,-0.42862186338555963,-0.31113872704763146,-0.020163189939994813,-0.04955324224281132,-0.04610734779048626,-0.05438349921526048,-0.06709580108046309,-0.08158207523101557,-0.03237582270644356,-0.03616469106112402
-0.0012194513996350125,0.009540430358249693,-0.07120571134631355,-0.10554254572180245,-0.00039813485984767003,0.011669608861947487,-0.36511932731968566,-0.3520995606094601,-0.28821412726504436,-0.053945672029255015,-0.03231063758200395,-0.0763358748414497,-0.07698450116341496,-0.07555085978190601,-0.09705130595735485,-0.03635443724168771,-0.02784544997435807
0.03567457497646824,0.006853641761734838,-0.04022065747041495,-0.07097773302599442,-0.0028267427613527137,-0.0042969199477771005,-0.4386623489093232,-0.37717943129325376,-0.3200042229478774,-0.038546171242095424,-0.006070373174233718,-0.014877236260471282,-0.05984102408494819,-0.023667405235039393,-0.02770111863157872,-0.020577053670417615,-0.029390235832203602
0.0344988226748623,0.015902806345197085,-0.042579676102226384,-0.08149057642979078,-0.015477796996113723,-0.038211428129310616,-0.4521894903087104,-0.3780520708460117,-0.3264697937201751,-0.07349822620786388,-0.040123787038749824,-0.0990941762587144,-0.06349857861077202,0.021434256677286694,-0.057411028784565526,-0.01748447848380412,-0.02896923496078757
0.017691301241487673,-0.029748291556073666,-0.06093089221615523,-0.07793674204641811,0.015793679143145223,0.016490090134997942,-0.42321399539141835,-0.3482553534802732,-0.3193992224860066,-0.02523358889300695,-0.04799046080586025,-0.09417588500386453,-0.05491896077217299,-0.057439907455477966,-0.07928864605783835,-0.012620642002785133,-0.006149986913011553
0.016824239397376286,0.015542046115969033,-0.031370985635314486,-0.034544573993160195,-0.012443910550276684,-0.0065937701102350725,-0.42267025766609045,-0.4001336452907759,-0.22671031030390998,-0.050134077605329605,-0.036053685622229534,-0.06345799572817436,-0.04353820700695878,-0.011100515876366422,-0.09009143429202349,-0.000575611674856196,-0.0097733183243245
0.0348040665315591,0.033779562443618204,-0.05825806240908049,-0.06585558680574895,0.017911915357518085,0.007528525092850224,-0.5111622099395567,-0.37119335203429915,-0.29098392498346043,-0.053745202499420656,-0.0436139623187667,-0.07098392708587957,-0.060377626546638294,0.0005725261762080055,0.011584801728008215,-0.0081276726423341,-0.009329969762872509
-0.11110945239547555,-0.059779420297361316,0.2544144542317233,0.24558301805598376,0.09728844098100296,0.043777878260435214,-0.10254278136001632,0.06255881493817275,0.048735488708955416,0.2537728422544722,0.2079995050571445,0.18016843970904628,0.16498752078167062,0.19454080510559954,0.2692436974778084,0.1947171551751731,0.19453616127076348
0.019678039406232636,0.020127097193925747,-0.0008231380657997096,-0.025348729636933815,0.03397719136947336,0.015529186337657588,-0.4093270465854161,-0.359054095947382,-0.24419951521317468,-0.051680954440532605,-0.031383197480281816,-0.06147993162847192,-0.07091746581595701,0.01556410286778527,-0.01141340377750094,-0.02562103751097889,-0.006018653279613205
-0.06385155930535534,-0.09159555106240715,0.24135578230197216,0.30528759386488946,0.07600219376175119,0.11039135799738696,-0.3128728675649532,-0.0025973986526724646,0.05835221915056258,0.2872706687037358,0.25583293926082606,0.17396192531374666,0.1918709606313045,0.22133936912883867,0.2781883915398557,0.21029975562566774,0.2266906099194261
0.03194982712740805,-0.0009004810986421521,-0.033067941064668586,-0.062438148070381325,-0.01670474420657754,-0.00078631544233165,-0.4398288678673856,-0.4237308165741527,-0.38807859328491867,-0.041929357500468334,-0.038010003661809545,-0.14874951560910965,-0.1435313235093391,-0.027935696363345818,-0.03922846641693969,-0.015394630107025955,-0.029004507485977646
0.009955805518248553,-0.008708680940189027,-0.08585621730832169,-0.14006812030729435,-0.00019572263262698707,-0.0243681571957604,-0.45192155252386945,-0.3380552249626961,-0.2984180397713471,-0.06755361117455372,-0.05703010448788061,-0.04005909775395905,-0.0990973499878071,-0.07291775784388697,-0.09908949413127771,-0.06356971279611127,-0.030740865553839203
-0.0686258564473128,-0.04773411775776491,-0.19660871064319455,-0.20942458581544068,-0.007308075400358982,-0.027243999765927673,-0.24683157592540067,-0.2933225896734805,-0.22237609770326724,-0.0662850688059197,-0.02906842564636836,-0.030600988722054082,-0.04479131645320046,-0.018360192286772607,-0.04192766698924819,0.019099571144537832,0.019098443225047834
0.02420329315235733,0.03514544703721945,-0.302131067870987,-0.2932160502724392,0.0599194432127777,0.002202961500492754,-0.32772702763927253,-0.37222230149653157,-0.35742403759446667,-0.05449227815744668,-0.02690893147023764,-0.08833552245799135,-0.05090981326058276,-0.044832512084635415,-0.02439794147636631,0.0031740864809173706,0.0041435351828851405
-0.006143163588781283,-0.016547273223686737,-0.04191988725441249,-0.07230697582625158,-0.042106573545042304,-0.019954392789827746,-0.37743510554931853,-0.36917089309398665,-0.33152056823960296,-0.014142808887960516,-0.07741532329144513,-0.03986740722476136,-0.05114466839605092,-0.11395699865164223,-0.0921704712908483,-0.07328386780494052,-0.07056290208511283
0.019543337263903324,-0.00290145630403125,-0.06347633331017666,-0.04380157968802123,0.004986130660211112,-0.0011546640730669593,-0.4519520126239898,-0.4233926612660581,-0.40419163715065043,-0.052600259676812006,-0.03822740744253699,-0.040070189002871105,-0.06370553276293628,-0.055886167236268124,-0.04093784968656699,-0.02261235758606337,-0.02402438039844305
-0.18808624862760637,-0.19260414995525066,-0.21878647212480534,-0.22077814703792373,-0.0479413364155609,-0.06407066487667162,-0.21899248572435553,-0.3339721023794657,-0.2532253152295642,-0.08800788368945694,-0.06398890529941531,-0.05194053203699669,-0.0774105275740881,-0.07906434935180053,-0.07274536455025804,0.03773115726919497,0.030300218638305766
-0.023976536839567863,-0.014779580529606142,-0.03355356485194764,-0.1007240365468802,-0.01110262162443264,-0.004845841466106223,-0.3451323194117417,-0.28412408580032517,-0.29195729974749524,-0.07530907322759246,-0.028202471591253563,-0.06710235934954176,-0.05338544649110591,-0.02538642642643672,-0.01350427006638102,-0.017807427280658334,-0.049972630770037614
0.0024227227130604067,0.024898591219525486,-0.0467224868701361,-0.057536236660673,-0.03732618297093698,0.007015889017859357,-0.3807466419081693,-0.42886575918645703,-0.3824222473525313,-0.06585410608919988,-0.039596378041969346,-0.06232140752816608,-0.06185755835730811,-0.010941394548811779,-0.02850908167157993,-0.02571724774729947,-0.03736254006413846
0.04010117790608214,0.008900920329662873,-0.05761091065790086,-0.0741129413624714,0.011316664374691188,0.017316021909587087,-0.45115339464228665,-0.2972967999457543,-0.30401894318005224,-0.05780543505673136,-0.047997518683563965,-0.05483026300132954,-0.03727593545959599,-0.05471571836825366,-0.08457138522414505,-0.054930505218200705,-0.03654949411768063
0.09748480894430288,0.06273392696694392,0.10937989344984957,0.10321627257822767,0.022123322145360363,0.01923988165703771,-0.03711274136039445,-0.4153417247655305,-0.31479561859527383,-0.03009076186032686,0.03326034982045228,-0.15097331936274946,-0.14039980057809628,0.12722808450674128,0.05985837419417808,-0.4407902470015914,-0.4435099121771957
0.0515072208077108,0.023116310166894655,-0.06728411647901025,-0.08889846756302311,-0.0006880815403326222,-0.024635946308922074,-0.4552554940670507,-0.39303416281189774,-0.27124837856473755,-0.06691622070329081,-0.00668897760236137,-0.06395087337246655,-0.027514247009983464,0.011354127226607846,-0.06812001535933425,-0.01614320294488594,0.02216058905825426
-0.16686938050854172,-0.19138317495727528,-0.2454316328394434,-0.25592425999527724,-0.031993362080312414,-0.030381588063240057,-0.24082391996961305,-0.35336553270475457,-0.24115785930406847,-0.08790496433125124,-0.09892929288409398,-0.08819387069340516,-0.12224552494675121,-0.11664277913068309,-0.09116945954144082,0.03324492640924359,0.03341606060027289
0.037693429912785806,-0.008099961522745086,-0.061098830497155504,-0.05454696415538074,-0.010646875083252657,-0.0024778739227336454,-0.4942620144135744,-0.3051220748635866,-0.38437114038797726,-0.020189404501716822,-0.0023499384950078418,-0.03762618567434786,-0.05531010965293606,-0.03797004375027254,-0.05684407090929235,-0.007507200448443349,-0.020516826998511734
-0.025817206404530207,-0.041414813378739083,0.32099187086135844,0.3350346098988743,0.15988686196064364,0.13220733818513236,-0.2289433656547636,0.04939445235515562,0.1724000800066445,0.2964468863143597,0.3103261703001335,0.22631483928292145,0.18644461184450614,0.28055884148644167,0.3132568077539587,0.22052908832293716,0.22667771779148227
0.019066901483690144,-0.004405003445595217,-0.08841794498939928,-0.057434557354493904,-0.00697170849033527,-0.0139487474315061,-0.415891185604536,-0.4898059589749536,-0.28142574048843005,-0.030307613897873748,-0.05299953258417718,-0.04135826063536881,-0.09234139515545223,-0.09191268114577325,-0.06631988710527519,-0.031320971923886755,-0.04433884632444042
0.03654202504236402,0.041322372066571786,-0.04451925570187798,-0.04137223558380881,0.02088339494060573,-0.004080546115265991,-0.47151889412306336,-0.4135383857423797,-0.2528959761221331,-0.08116648952066509,-0.05118160608080279,-0.06762174790355346,-0.043457718784320226,0.004856616726665646,-0.04048086636187496,-0.024213926453002042,-0.027655389531237327
-0.009982583604789694,-0.027917861598213783,-0.0956850754186369,-0.05795641348550451,-0.028760882611678376,-0.04388792999317741,-0.38334538365049653,-0.23835490117847782,-0.15557854508348973,-0.04671639436471983,-0.049883863469204426,-0.021168635244929117,-0.05272768099494895,-0.07310361026425713,-0.050198315979517634,-0.03861219766765675,-0.055656746124199706
-0.04879231506855442,-0.12309152797508968,-0.715080348624877,-0.6098269265016129,0.07365039031970384,0.10723164863508342,-0.3227791419801637,0.5165893777434696,0.5116290899797057,0.15955343093635388,0.19341044774843563,0.21912717636451604,0.23253739348560667,0.14727594212938164,0.10873122556876849,-0.17030971942540254,-0.15874005004289565
0.0722095744645983,0.0702576387588092,-0.1207346991809166,-0.10763019428605064,-0.192743613883806,-0.1678352633110586,-0.7076341066801912,-0.508839575621505,-0.31713846372517807,-0.144489956095297,-0.12490358193030393,-0.10154479580170105,-0.09784989261637561,-0.15293607625430908,-0.22997798439655923,0.12646256739561723,0.1225453785472017
0.055021636388666424,0.02401712537866309,-0.024919901160299608,-0.03729288183115457,0.018329890951235314,0.04435857296457859,-0.5928401123959793,-0.41394471341543304,-0.3236164604979977,-0.03597757584601152,-0.024637341461046347,-0.035053394654842994,-0.04416583856178191,-0.037192693736149515,-0.06484017212984802,-0.03681584988198452,-0.020045829738052866
0.02553370054447281,-0.008252634055174202,-0.040334817118690025,-0.08683507077117905,-0.0384721514248193,-0.03746216506851686,-0.4771475479312476,-0.4013985008329291,-0.24038973521148438,-0.05012732802977978,-0.032654004704999684,-0.07961739811052428,-0.043489481517182536,-0.03125427127904556,-0.026881282799577372,-0.04495549984416784,-0.032543848898325525
0.07830616984302001,0.05705727459399109,0.2730995611093992,0.29647889223024304,0.10711848492497975,0.092979951296251,-0.4428823585801758,0.3543150838420511,0.4422646685447225,0.26830858762915905,0.2916858736301608,0.2510877566690563,0.2261751220865428,0.26884729386482514,0.26084826597775684,0.1233887053865157,0.1164096134841778
-0.002557281272402461,0.014395737869815031,-0.02655077720391839,-0.0336474531445357,0.006924655716532532,0.02496704893528123,-0.4165813934710991,-0.3430609845021278,-0.2822719954870842,0.0023877628607332337,-0.0022802430151573332,-0.022297933779025357,0.010253334457399574,-0.008271630398188243,-0.020224134047469932,-0.059102585964375606,-0.048214918730818616
0.019157821262381646,0.004828514224922295,0.031354508274829856,-0.008908196595092554,0.014633220781691996,-0.011662123814418788,-0.5385198663125534,-0.3170042401874245,-0.21279575104493417,-0.07260039535919524,0.01124518936663044,-0.015184193446699983,-0.005297074820496465,0.037780050219072846,0.02353133520973387,-0.02142348193291189,-0.030341068966431305
0.015248826393414003,0.012936946087227013,-0.032234762920539645,-0.053535074485373944,-0.008552482441068841,0.0023270611663808744,-0.5581740825656025,-0.32867138352834796,-0.3346504177164406,-0.05204737501889921,-0.021449454603413617,-0.03615298884540822,-0.03636228640907348,0.014509678092570295,0.03581796098311725,-0.029923202844430286,-0.04277707192460237
0.031390232917259814,0.02157486185523451,-0.08720012846686351,-0.06648686045461043,-0.02790960675500765,0.0005089898362726172,-0.45931953990373353,-0.3863526985280183,-0.34609928245876037,-0.03311778932376997,-0.03700888412387802,-0.04719464604695152,-0.050006724193905984,-0.0615850627847865,-0.037490223216272794,-0.03640701891895474,-0.02615718630482082
0.023669946181040423,0.0037846080354069097,-0.06968801983626563,-0.06378920682803357,-0.018648195236248475,-0.010741594150687933,-0.4161426730728187,-0.3948001951191935,-0.277050548834299,-0.08100217901238577,-0.0362587361027322,-0.07418961733414743,-0.03492257643616827,-0.013245406441034613,-0.033659738229182806,-0.015669366379478352,-0.026968807039773796
-0.019383052963073348,-0.010020622278530691,-0.0700949401032492,-0.08688608118621305,-0.02011483070242874,-0.020791090557965835,-0.39032508080282863,-0.38954907791747534,-0.31839501684289157,-0.02930979447631092,-0.021946813723735616,-0.06581319070081249,-0.08035725490912617,-0.04500552820509528,-0.08009823473361102,-0.053795371620533085,-0.009087348562566976
0.0011537404297605875,-0.015373622631490438,-0.06645960976207534,-0.05424855871772969,0.005764666620283673,-0.02133297390235267,-0.46021237766044637,-0.35297061269217783,-0.2893717952323772,-0.046206526775877346,-0.030911658183147773,-0.030419291302600772,-0.0411359007279465,-0.017860482198312537,-0.00650482256831587,-0.040325116134256725,-0.029567540552554967
0.017637139640686625,-0.004793596386196119,-0.041220510203973396,-0.054057002103041235,-0.018622518728498953,-6.14790887072709e-05,-0.4168449827940179,-0.4497428970886811,-0.30004396440117065,-0.04008944924225171,-0.04837466674933504,-0.05691769537539927,-0.07748524903052256,-0.042676491427291845,-0.0379924348083445,-0.03887137502887825,-0.04354530804155188
0.010052078570052258,-0.019780230846698554,-0.059218858093518796,-0.0753197579029256,-0.023885491518981183,-0.000908378636379473,-0.43956076312064707,-0.33530793380163215,-0.3032761635521834,-0.03308065386543078,-0.03199198792517564,-0.07341997029500982,-0.062364497537073404,-0.0542774780295698,-0.11164836598420594,-0.04418512178927098,-0.028849470689650783
0.036233601491393874,0.03178350701705072,-0.047796161512724304,-0.022723411067478484,-0.009277552327302334,-0.0012810052818601543,-0.41338351317979105,-0.3540694897628756,-0.3506320814467818,-0.07018184644470105,-0.03787799844525823,-0.06779615127619863,-0.03460563217940917,0.0020878149227990077,-0.055248368680519064,-0.01483096210455559,-0.03186782143298018
0.028709563048582205,0.008790977497402779,-0.04762655008325385,-0.038250007908216206,-0.017966692290238447,0.023244522903561084,-0.4377247310028022,-0.36141713511081663,-0.3334063236107771,-0.045027941701913425,-0.03783832409610786,-0.04453371980207895,-0.050267424460258295,-0.03218495477329773,-0.05001244023140393,-0.03722517671555538,-0.04630050591573402
0.02613672508681345,-0.000141222799553791,-0.04915071617747095,-0.05454957781181252,-0.00419935285532089,0.007662617428799808,-0.4123081006658706,-0.35107869767641814,-0.3069627189104252,-0.04388047649070368,-0.019149549256479666,-0.06819316302192234,-0.056830032995336024,-0.03995533784396908,-0.03634648330357175,-0.04229327916917558,-0.045008491676232255
-0.0006328525204478305,0.003946913713231624,-0.10271698123065744,-0.07299280584094141,-0.038995765007953986,-0.02916881227464942,-0.4364294917509943,-0.41369826948630334,-0.2706939917802464,-0.06280273075123749,-0.06832694725281194,-0.08985544027864091,-0.07391336669575774,-0.08052843414608983,-0.09819032527238697,-0.042493595354331684,-0.06308080728214456
0.001559479929575991,0.002809887847057053,-0.049622192114343634,-0.10196267596187915,-0.01788905429481535,-0.04206598308072296,-0.4047826264433029,-0.29856625726121655,-0.3448297853847994,-0.030573818988831145,-0.04973352615803957,-0.04409871616353477,-0.10576831153133548,-0.022973693687158164,-0.07143213322147633,-0.050727633458224994,-0.04897827300476371
-0.009217801832472458,-0.021650905719339218,-0.08527030352449004,-0.09955791476077687,-0.019021009158886378,0.0006384683844264811,-0.37603534705650876,-0.4236773277001422,-0.3131533644673261,-0.042970751411202546,-0.040562190737774985,-0.061953402616388306,-0.057920912609945016,-0.05816592638386678,-0.06555195244529477,-0.038926762539367374,-0.045229211633927235
-0.005819268551562162,0.013603002674247775,-0.06838693275664996,-0.05294557675750441,-0.0036362210264112445,0.004160378394701619,-0.4642711211634531,-0.3674787266907313,-0.24437977088778007,-0.03640790555862751,-0.015051313906177831,-0.057273084496674224,-0.05104647908184697,-0.023093287369619152,-0.055904287098530514,-0.03332844139450037,-0.032647388648754536
0.016027665199116123,-0.006937231614330898,-0.08646449966346699,-0.09366341453862295,0.01336330613438296,0.020139244477822508,-0.4614855703555609,-0.32033486039141107,-0.2468777751990487,-0.02720487636951424,-0.03717200659634479,-0.06969219949970124,-0.061523656343174034,-0.08072213159068377,-0.11979874244734344,-0.05648777236544881,-0.03222813894191696
0.020547959363591144,0.018700812349896047,-0.05452724912541178,-0.05053216212954287,-0.004631798317894141,0.03435666529882488,-0.4432992100806066,-0.4833240365704218,-0.3758606214864728,-0.019534178411678003,-0.017991393931243452,-0.055451648040346975,-0.04408161922045003,-0.06893808152557335,-0.03896291721999117,-0.05149547226514978,-0.023000562670902253
-0.22530640431458573,-0.27466789626439475,-1.2488527726389373,-1.175360949757246,-0.5795579472121547,-0.10940460378622495,-0.3653433997867189,0.5296467619810956,0.5453051202882424,-0.02990582554036624,0.016000050622792812,0.21397391293726417,0.20774756801454006,0.10540642580970148,0.09448310395269927,-0.4908529023079814,-0.4377179937882753
0.026031630839386394,0.025227612968755083,-0.05584984905646896,-0.05249078606084671,-0.001532513765628066,0.032102970177581076,-0.39902920714641776,-0.3939770114975476,-0.27830496214375317,-0.053870041827804374,-0.04456716833734699,-0.06377816469189405,-0.07876910775682744,-0.059709490549284726,-0.07093364951220145,-0.05280474510365914,-0.028045019063473026
0.009208891392946925,-0.007912293787007,-0.053715657212850466,-0.06820064015716958,-0.05100508236564976,0.02070575141540783,-0.5164075922872713,-0.3390856233699182,-0.29033822337805903,-0.05359717370854184,-0.009781988156389745,-0.08311355630399049,-0.058438277352455374,-0.0406524743280639,-0.043067148784375626,-0.03955769135833354,-0.045426893987497906
-0.029623828333842278,-0.024958719190577267,-0.06263028388814172,-0.07602342386191628,-0.058508645802033625,-0.055988498583549075,-0.3766277886057598,-0.38295932840426244,-0.31754617220343045,-0.11113811527922768,-0.0860013892968656,-0.07773241049828283,-0.08652998071551772,-0.03249433858619063,-0.09149920626776294,-0.03428089760446856,-0.03985196581307534
-0.038825388857148556,-0.036216751896565286,-0.1040619215720349,-0.09142891757052343,-0.0938218179492046,-0.03802136253142855,-0.35795420075283324,-0.3412837188060631,-0.34698559781307836,-0.07195730610548622,-0.08893255983400698,-0.11563600395259728,-0.048208185331406306,-0.07306983245931187,-0.10208021136297668,-0.05110878281351633,-0.038913712820740604
0.025370671037004692,-0.011672566813212442,-0.03023740078495106,-0.01950938723799972,-0.00945456614479668,-0.004307376871266303,-0.40169043402220905,-0.31786960868164277,-0.31218854123708917,-0.06967281075965381,-0.0075501745435908344,-0.06159531629775924,-0.036793521699032536,0.022457880802280738,-0.028653909561820803,-0.011221167044541604,-0.0041835167949020695
-0.0236507963548647,-0.019380245090352247,-0.08982965480178857,-0.06936986493788884,-0.04625854381262759,-0.04566432734377801,-0.3098620617647129,-0.31814585872771023,-0.3080363521933724,-0.022704681966612482,-0.027140584616716174,-0.08276476700981807,-0.056004633970151256,-0.055805737629796404,-0.07948438064404187,-0.0516494265602904,-0.07344733385174518
-0.006119552603695709,-0.006470082469857896,-0.06742890384900331,-0.09334850219526568,-0.03199386986975366,-0.017525436104538106,-0.46286631620307134,-0.3840487561064583,-0.3308535080848671,-0.04361720966109855,-0.06554842944018062,-0.07006372956269723,-0.05657054351852585,-0.06515446010472896,-0.09101222643623157,0.0009118300676193553,-0.01396480441730634
0.041617030209024665,0.0067930718094630915,-0.03074071776993299,-0.045274072136878014,-0.0208503376790312,-0.022392408422301113,-0.43393722048902916,-0.3351004695851558,-0.2984011231698902,-0.07378595663919944,-0.02057476740117853,-0.05865481032613947,-0.050911584549077994,0.011177872120748663,-0.028011250322561257,-0.0062493568528047974,-0.029826707127885464
-0.0034524989767064466,0.00010734698127425572,-0.0871920845549441,-0.06556103665971882,-0.009883408459882122,0.0026150597367528036,-0.39736064020713274,-0.5258239735726837,-0.36912795898948403,-0.06510717474401079,-0.040736955011663106,-0.0705018944744696,-0.06113496191901006,-0.08362503893905023,-0.11459027362978301,-0.02368015978891057,-0.03340218066689876
0.0269059914026534,0.009687519392175891,-0.03441399774577569,-0.02655238715849952,0.0015991809833372577,0.011146526549176495,-0.5221489063262119,-0.34514987822778137,-0.34237853905634386,-0.07403025346117709,-0.009863376073631828,-0.04643431412351495,-0.06450190675750811,-0.04659034114995034,-0.05996803469653391,-0.005357196973956164,0.014921601828558331
-0.017367940017822308,-0.0017659578803911019,-0.07931511422656867,-0.06371067210376362,-0.01333242093387177,0.006852475788502905,-0.42778325422619157,-0.31809139779517137,-0.22204320611597775,-0.04826115498600345,-0.013033034998995989,-0.06415251790990878,-0.07279961866199636,-0.045359481676810365,-0.05538794446282168,-0.058040758702970485,-0.026972368219553306
0.03795207228255223,0.034714402779037166,-0.05864143621895176,-0.03340810196845154,0.023424201292280306,0.028043529889517454,-0.533314150098006,-0.3940446152429432,-0.23550079349287256,-0.0031792126650779717,-0.009071569188668941,-0.05333341392405429,-0.07020897464583903,-0.08765923183432336,-0.08237326010481343,-0.06543794923992444,-0.03010590648980721
0.026204199572256708,0.02131254966980019,-0.06281420355121618,-0.0686939450375597,0.019566391979611613,0.013100810738853807,-0.38823234005862356,-0.3858411146505196,-0.34215509347396106,-0.028412197136894295,-0.02348124569341895,-0.07152378184400103,-0.06327167877974553,-0.008109896884062464,-0.05670740077578151,-0.02663526087108331,-0.025709327441216283
-0.005366195693718044,-0.013485738437091754,0.31739447129994197,0.342171119738586,0.09596043108598482,0.10395667628291771,-0.06050831479578281,0.03924843167027396,0.11420579162100881,0.3072607167091236,0.29856807426712034,0.20085492368766245,0.19354686667025725,0.2844210848014177,0.2952884500479988,0.19885861047644937,0.1882079721265668
0.04056413726035085,0.03560167837865907,-0.013852251488392876,-0.067719329735455,-0.01103105361925863,0.001849124744526961,-0.44529780441573474,-0.4747055678478576,-0.3343266596870751,-0.08144010082501954,-0.04441818740042012,-0.09159106557661895,-0.037856828321089483,0.01135726087783362,-0.022322821771681153,-0.05830810478311724,-0.024229138345411315
-0.002704319957040705,0.0113830396122794,-0.041228223591428,-0.023944686370381447,0.02951494292126183,0.00575249661865324,-0.44241517800932284,-0.3249571488162832,-0.3909566228687607,-0.021812470506534534,-0.0019624862610473294,-0.05993712502214475,-0.03391567048267204,-0.05659078377674206,-0.047993841419691444,-0.017602274330753374,-0.016883109285810105
-0.0050351304082782294,-0.023049633948364102,-0.09964361134716501,-0.07892646035739485,-0.03681946478703239,-0.036637221793126076,-0.4186915862288634,-0.4502314921715062,-0.34971702612897215,-0.056973899360619557,-0.025673231974805328,-0.10552875202002984,-0.08950483815425456,-0.023673523736953136,-0.08121888151798765,-0.002023343580604894,-0.017957193649373798
0.038229641502534384,0.00994514990689768,-0.04252228048365229,-0.06422166936896946,-0.015522969104129892,0.0010659301320140558,-0.4648162035423081,-0.35470248448362984,-0.3357013388726032,-0.032391800873034046,-0.024483220249240507,-0.05890184596262119,-0.06411383257707572,-0.022187644995032778,-0.06274173638217485,-0.022098771669294172,-0.022184801367728227
-0.0003499042837624002,0.009329231693124473,-0.0073864749895515515,-0.08290034821288834,-0.04957934437097585,-0.055756279485638355,-0.4287357512337517,-0.4364458860090434,-0.3858159627948716,-0.07151773726814954,-0.037705013251842424,-0.04344986852065783,-0.02104773207688654,0.01803045535252958,-0.03804770155857278,-0.027881314473941283,-0.05165077713953588
-0.020034778141960582,0.011526711599232771,-0.004638847589942726,-0.021139723614780843,0.03107118458540198,-0.02996171216143262,-0.3288218346118068,-0.32386196772207404,-0.2580930918783811,-0.052916031125293826,-0.0637032848600337,-0.030963667051700217,-0.04760587279818106,-0.07273971965342055,-0.056510707559767476,-0.05467507323161639,-0.04760635788983525
0.0900138131054763,0.0936888828252914,-0.47989298177824335,-0.5659175339769558,0.07654135162223609,-0.15167719297552618,0.2060972687528108,-0.39912820687709516,-0.2574291190677842,-0.0684823303632915,-0.008999706659939035,-0.021458397940070904,0.025612080048709324,0.12968012671478513,0.06863871757182526,-0.0841842736681157,-0.10354438732614003
0.0002605484355579042,0.012562455993617602,-0.11378900455128148,-0.06635582618223516,-0.025394945906319334,0.002386448176070921,-0.5181286358168948,-0.5790563683043061,-0.33644260570316037,-0.037801957908834755,-0.05846512026521828,-0.08087370775778777,-0.07158403892175177,-0.0957415203318034,-0.1046128749683597,-0.036620391262678895,-0.009489194144589994
-0.0270890690406182,-0.014123183777375677,0.019016523056720056,-0.01627581408741229,-0.006300628149444267,-0.049130897178752714,0.27903724465983404,-0.26334895908008843,-0.2595116645926602,-0.026522263943124087,-0.06730092039088566,-0.052956851864356544,-0.04513631392430096,-0.024077326940092254,-0.040422766028884685,-0.026280966767794543,-0.03701528097717175
-0.05164628890954504,-0.046725753193913075,-0.17155711364256923,-0.2119287399940407,0.00681583806046046,0.013878321216982284,-0.2258788231816109,-0.26257832354027727,-0.2851332683663527,-0.062488097729642436,-0.0439986867304172,-0.04717919906034728,-0.051731544965537654,-0.04266486380215607,-0.05470768246023222,0.024038484551898272,0.03107498761966964
-0.08313808402967461,-0.14589538597274462,0.21452394830758417,0.24583018246198723,0.07183766979668832,0.10730470585657383,-0.08441521863865697,-0.0015500833458979481,0.07723063646897742,0.2500985646716964,0.2723480606717804,0.16991554699745892,0.1568090723938578,0.22358886085602284,0.26043596052302587,0.18760324633651135,0.1793916285691399
0.023913457030963387,0.03240064519112502,-0.05509342934150919,-0.06743817731002077,0.002515182384934879,0.04198982938114864,-0.5129218926723467,-0.35802886385029015,-0.28152725058409545,-0.04386437949404494,-0.018346042996443563,-0.05896733037681042,-0.037716651652858056,-0.041593942380008596,-0.05188291586175919,-0.024023744658365206,-0.02942955842224653
0.005395160155126501,0.009366029523905738,-0.05170350423841611,-0.07480094843132379,-0.018711223805982696,0.0011873224963126626,-0.3579537774829329,-0.34086513097014054,-0.3306187829648541,-0.054182379171402076,-0.029833946606599618,-0.050263449364332434,-0.0645155653413333,-0.058491212300086026,-0.05117493072597587,-0.03067851364977538,-0.039279587918521486
0.017281446376538986,0.004680271314558666,-0.03852058235808445,-0.08496879778207107,0.036817722929505116,0.022045071830592216,-0.44035033342639296,-0.316553705097939,-0.2320633967365144,-0.048728390087833404,-0.031068892792806807,-0.05812119003020266,-0.055840705288289626,-0.058840575794367744,-0.03958173549290241,-0.012551217384555561,-0.0431098901827287
0.005162571244936874,-0.010623921159777854,-0.05562128494486997,-0.07005906899635858,-0.009260708464982732,0.00786949911110102,-0.4058093204094677,-0.47390750020101485,-0.37007432123145867,-0.015606490247977445,-0.03142392288404049,-0.04979079395787648,-0.058463348184551595,-0.05837352191518406,-0.08023494140057158,-0.04193213416040912,-0.03569483666593566
-0.09794834480587677,-0.013218192176386668,-0.4848017989474819,-0.6146773077225988,0.05453197945319307,-0.39579737085767003,0.12887438503501297,-0.5339325370844025,-0.3841541508471824,-0.11154783920853262,-0.03546969883030065,-0.036665169455247365,0.04584102744128417,0.15455111325273826,0.04694613922431067,-0.07996335260962546,-0.08818847643383265
0.004484230091865093,0.016282798453824198,-0.0470441626792155,-0.009946105287099018,0.01268084557624679,0.005114366728808158,-0.4267270334053823,-0.38220577541191736,-0.34806816106772204,-0.04357034373191333,-0.028022218489678657,-0.049828773151851406,-0.04490208298300029,-0.07368736677195385,-0.09784331098989385,-0.02833420821721055,-0.01907757570222552
0.0728193894024672,0.09681093109060059,-0.26056804912231524,-0.3465093003134174,0.12670986736993967,0.07096779882531794,0.27997943035585915,-0.3793522583235233,-0.3144615912241676,0.0032679463163580802,0.031561370043398575,-0.018055381233839325,0.04847162476214709,0.10483004360059159,0.06391219499100434,-0.06142271403908146,-0.070251588853555
0.005209253897856219,-0.009757963643131464,-0.050819948437943754,-0.06377357905661486,-0.02807776665900985,-0.041496723281505554,-0.4405783077521268,-0.4433294219234116,-0.4462225704935537,-0.06415957334638962,-0.00699405916454524,-0.07330746211855685,-0.06306917047329273,-0.026991611472298376,-0.05067981786340108,-0.03245568275242819,-0.04220112569926933
-0.18740246724609483,-0.3417614673957741,-1.2360831157927212,-1.1481131888601082,-0.5753369738081789,-0.11897461117239233,-0.23642056319059956,0.5414557091996026,0.5627728033322456,-0.00945377869727059,0.01883375322554638,0.21081531270036838,0.20008252753154385,0.06570561678742666,0.05999300514930459,-0.5428912233963233,-0.5045235580328756
0.0019097470840043192,0.07245996195137214,0.07621327511891737,-0.02789766825370478,0.11225712241033597,0.02849545865315344,-0.3809083428707697,-0.22739890684533332,-0.27449640702336997,-0.04735984340857996,-0.052501316466625,-0.010626640736242903,-0.010396975689023084,0.03778859232859724,0.12682141351665405,-0.018268864754781663,-0.020263618698207267
-0.057227904985287556,-0.06092541683299616,-0.16832600929986874,-0.19368492773595616,-0.002345484924053988,-0.009335750836826886,-0.2994602039848755,-0.3318890537501739,-0.20313444472610134,-0.05392887216001463,-0.024055496866543194,-0.05092955836849615,-0.05254040623935557,-0.0027241057806472887,-0.07944609271113792,0.048127023428468085,0.044013555182233904
0.02594956076993817,0.03276190747689288,-0.06406775110505422,-0.03657097928594299,-0.03521763437261488,-0.012844643446291387,-0.5512520764187425,-0.3810578682966943,-0.34385357070095207,-0.07000113521269744,-0.016641942996239445,-0.07131124976111348,-0.05891707975909536,0.000762538228210598,-0.03578411185309159,-0.020371211588620815,-0.04006186055790443
0.02692842669158622,0.02160425211667665,-0.046077364706214374,-0.054722799661844054,-0.01699117095247635,0.002593396837803359,-0.36758759509722744,-0.3316020557844641,-0.3597759904836261,-0.08429862300323201,-0.025671054450554755,-0.06989537617434168,-0.05640833203568152,-0.014493132352246075,-0.05842873340621405,-0.005243180310095735,-0.010908471872505907
-0.009387482403316013,-0.04225060619625641,0.32684214145878787,0.3514971756050951,0.1516838137509955,0.1236132552126318,-0.10694330848799058,0.04021391356486324,0.11715407882405336,0.28067858250852334,0.3008692644377776,0.21627345481922075,0.19739789640610902,0.2548243614522912,0.2881958309551483,0.2110467311962498,0.2200674795325108
-0.17825114390076682,-0.1911496230717286,-0.21699497832534093,-0.19885990864350322,-0.0505196465233286,-0.06430127125031126,-0.2449230854404732,-0.2451179894084536,-0.1893045204040513,-0.13575809226249472,-0.06652772279902386,-0.04730280122455188,-0.11030081958534875,-0.025295867373549812,-0.09618634227655393,0.030851576758589103,0.030943822031567616
0.012049582221441285,0.0030843929026728514,-0.02577695165349769,-0.07482392474291145,-0.07516366786357669,-0.025388851367428703,-0.5324878257993022,-0.46250729777595656,-0.37701089013071193,-0.10115465787019494,-0.05724632827520608,-0.07718821209218037,-0.05092196740391419,-0.04020521081317649,-0.03551803617721995,-0.03617595984416916,-0.03575649701402978
-0.004745433559769266,-0.013209793335933842,-0.06179786625777724,-0.05694062765384645,-0.03772196084310646,-0.022711984772934794,-0.4573133457965718,-0.34956066535215763,-0.31739913086033184,-0.07608668559860565,-0.047202669447977984,-0.07871324045687608,-0.07646254094084948,-0.04371477039330899,-0.05684708614958005,-0.038603819381322194,-0.04163888115695809
0.03998571470444464,0.002793346349317094,-0.04936072865401723,-0.051032648432953714,0.009094517567558413,0.005219966660656793,-0.42354597297747343,-0.3809019383007941,-0.34023753913734867,-0.06369815982198242,-0.03616098249466084,-0.07206406542975533,-0.08160161906977896,-0.02615292363069661,-0.08354789172867406,-0.03847305808058908,-0.037461022820666566
0.023816553874724374,0.005371516077188747,-0.05764051387804064,-0.06803694756333163,-0.01553009170004403,0.008956025440992199,0.1291106185365134,-0.36361675331949594,-0.4136165871872074,-0.07393185034278175,-0.07670305078248883,-0.055709254271794705,-0.0745363043323683,-0.08284801176600055,-0.05912322504460176,-0.26368626483148205,-0.2748416328467972
0.06240248724440743,0.015854153817752892,-0.04877118773809602,-0.04459165769775213,-0.023394063202221232,-0.01599214801037958,-0.4908938715523386,-0.3549085882310745,-0.22514759646671578,-0.07096781854683165,-0.041111109622251715,-0.07882458689987142,-0.08584207001993878,-0.019612462213486052,-0.0548835908229493,-0.012229565778366995,-0.031549165323254955
0.01081432525926063,0.013443627249824017,-0.0186660506724594,-0.029927125785447473,-0.0412060470195688,-0.02208120474378861,-0.41547401571894965,-0.39751710712923477,-0.28611856737990804,-0.04189416620559261,-0.05778279462037531,-0.05188099902567969,-0.021871402057735807,-0.03871036199054979,-0.038250780780132186,-0.03318307030266568,-0.05711467161002092
-0.18681214343909716,-0.16198429351335994,-0.2382285270358936,-0.2766560041449574,-0.05011777870261159,-0.053589485459213854,-0.24635759795417542,-0.2791131470147518,-0.21157679060012521,-0.12588909772154716,-0.10432124801974642,-0.09379864260210113,-0.09551698010396037,-0.08443876654101339,-0.10412812648149623,0.030358820253062056,0.03966187483552592
-0.018203510360058132,0.038063961117167554,0.050172792745661644,-0.036709922600569427,0.04375202847709121,0.013862492046118715,-0.40353600446206417,-0.4012308469765229,-0.34405776343919914,-0.07183153910438222,-0.05751414435454998,-0.044591656960550195,-0.04034796447289139,-0.02740222316889128,0.06034422175762649,-0.014984115477629149,-0.02153399929436124
0.01319734613687853,-0.0033630776602765,-0.05223546477102952,-0.04385294477615001,-0.044445397817583145,-0.03786188993315499,-0.3801528037540701,-0.3970190384849661,-0.310979002383868,-0.08418905159995993,-0.05495193771578245,-0.06066810543702945,-0.05225106587786499,-0.018848910714606912,-0.08631485404084115,-0.016428025400376255,-0.03040173365154485
-0.08147172496852192,-0.07694991339975917,-0.6916645470605601,-0.5181456506900195,0.1466326864334285,0.09414137322845091,-0.23642236761290167,0.5645306702683505,0.5379322306944498,0.12504644974032017,0.18678397687150558,0.22984174122049683,0.21593026817116048,0.21028720302133594,0.14393574698547099,-0.1912132862810774,-0.17823392547561417
0.032232791989544554,-0.010738435159427637,-0.06367100519813393,-0.03687426963288373,0.009424071861706712,0.0001768375231489015,-0.391216735735067,-0.4534092340657308,-0.3528432526923278,-0.06492971164369266,-0.04855719305512349,-0.04909478912940609,-0.056700106194918616,-0.019943062363320867,-0.044483864827367735,-0.03457320099562872,-0.06379473549242937
-0.0719759656464617,-0.06612413854590558,0.16443900504390951,0.21902327657288678,0.028820930008433533,0.08968728257962794,-0.2302489052046248,0.0004260365307078241,0.040966099761142835,0.23698854904970226,0.25677256707799273,0.16164710465857157,0.13549764623331165,0.18608594748108775,0.2700463416879062,0.17370038697959347,0.1635372944519288
-0.12646698702516213,-0.2236788452498201,-1.260061725344882,-1.2815705477648927,-1.259913862905054,-0.3052673382945856,-0.2936089821768077,0.5028633263972859,0.5202074332694847,-0.01959750411816007,0.012882581611476476,0.2201375709703338,0.1661372611734137,0.0712446599578846,0.06282774163223048,-0.45768546476318317,-0.41903974696904234
0.11839141952283264,0.12269817306794129,-0.2016517747641018,-0.29501288485747496,-0.16154362547074982,-0.2014424502677664,0.14236837373336536,-0.4742999398976391,-0.5098864000629669,-0.07354483000408425,-0.06097989662040423,-0.1192444238966371,-0.1213641453200608,-0.07029384236978682,-0.04913179065447433,-0.09627403890352358,-0.13361767198153354
-0.009755123166615668,-0.016350496665428683,-0.06441696472414254,-0.0707232806959995,-0.03842250348250851,-0.022805866704944482,-0.44769160341914027,-0.23176334199941115,-0.2636313484717376,-0.02838826105402353,-0.045665134607253355,-0.06431641305689986,-0.0458396474550616,-0.03458241525864203,-0.06630594745282911,-0.0555325978895129,-0.03615795999244749
0.00398639955487792,0.012873781923540177,-0.06805528204007315,-0.05197072382359291,-0.008981084643547499,0.027314657322459208,-0.3598681316166098,-0.37379611781012556,-0.3987638539116475,-0.021283950117254757,-0.03779227149687236,-0.050779034594908436,-0.028029701250161233,-0.07410481688222659,-0.05860406219067503,-0.019885127847161437,-0.01142293878135778
-0.1222609031071769,0.01708045772466081,-0.46055198155683325,-0.5633234038370412,0.024224153725022835,-0.3632925322342053,0.1538202942141904,-0.35103225485081974,-0.2721360313453308,-0.06769472806147687,-0.011841084819970451,-0.020493600321436954,0.01611471409081098,0.17546744197924205,0.12036763625912873,-0.06865435550746991,-0.11606134055124576
-0.1805535686352448,-0.19631939663686104,-0.26029650063969295,-0.25615519656318964,-0.010371145073498723,-0.023585421968461865,-0.24229433477817047,-0.32477334128655877,-0.3164221703876719,-0.09087855417821714,-0.05644651720786543,-0.05279874013121104,-0.08113924940750561,-0.043890039181489204,-0.0709594099480719,0.03773769727782544,0.05576415395232166
-0.026404721524664287,-0.07714414935187894,0.31396657573067654,0.32892570077130945,0.14639623647222283,0.12612249380319276,-0.13579088165242156,0.0542183424094411,0.0902164559039975,0.26375101892488734,0.3131448034202337,0.25825464170236084,0.1871740279842872,0.2663636526405398,0.29251386299075727,0.2115494709285647,0.21672850474506186
-0.038978558390651695,-0.08294470516842062,0.34283250508036084,0.35889647716690193,0.10607570139706665,0.14015732390193786,-0.156808316666596,0.00559420932935014,0.1492011008628033,0.30072873916748394,0.28691074933004945,0.24369645916007324,0.2058281360415265,0.2987936486753435,0.3010037197169686,0.22532166052861635,0.20602682095366948
-0.20376208378932753,-0.2875062218329729,-1.1938111832852705,-1.224047458309655,-1.199332821823411,-0.2916338645457278,-0.4352829201602815,0.5637599431457576,0.612760289149507,-0.47440912761621884,-0.4546133439996539,0.10628464307213562,0.11686855535394684,0.013905192712546283,0.029849322596093356,-0.564401335125237,-0.3740780492223252
0.008816620403064749,0.018652243633957993,-0.059562326116157874,-0.0498278386896146,-0.0035556774398379154,-0.013965460711972098,-0.42450597120948197,-0.38305122719475165,-0.3327455674461799,-0.09441260179900816,-0.05205207531152198,-0.06751697254750198,-0.03934724959280811,0.010212910440919543,-0.03954494657990539,-0.018042014263531164,-0.028333830194436305
-0.08226559852821631,-0.06433098217550313,-0.08170926566927332,-0.11404010208183074,-0.05921200908637204,-0.037028547038141076,0.1364341656906736,-0.5128337552196031,-0.5746507178780843,-0.11474089158389178,-0.07884194301637695,-0.09738281940231656,-0.07426694081780263,-0.03890998573517889,-0.09733996677626082,-0.07180057331220718,-0.098841037161447
-0.001689698960368651,0.004857950326858841,-0.04486614497265853,-0.0723610346964334,-0.015464785800671375,-0.004337951695146014,-0.47613328423354867,-0.3842911588072676,-0.30389166133982565,-0.05856038325530266,-0.04578453859628623,-0.057140822602722026,-0.07061552513102887,0.0005171618078707204,-0.031237649134325463,-0.03756028018986205,-0.05188336173923422
-0.22036662195964185,-0.208842516202867,-0.2287154293313764,-0.2307198728280301,-0.06991241042628399,-0.041618123547942434,-0.20623891701616262,-0.37527236430692673,-0.33115417075925574,-0.10900252332528346,-0.0994037163222263,-0.09195371942421286,-0.10463270711717375,-0.10421273961156363,-0.13764792413254742,0.0012333881817833093,-0.0035803505955701617
-0.006665673614401427,0.02219442110378846,-0.040194356401178806,-0.03781148940670221,-0.007626407226307741,0.004849060621995412,-0.36450945359441067,-0.274301233466028,-0.26997598804594514,-0.011414118152905092,0.008115661518784852,-0.02382996165232293,-0.0027385151015539328,-0.0254832942034038,-0.035405413239304157,-0.011721899701714765,-0.023312355032891592
-0.005361626503338408,0.006990067700891801,-0.02805899568870352,-0.029521707923120238,-0.019920126239115446,-0.015306304174864236,-0.44824389606739345,-0.53940829953612,-0.2924432568376156,-0.05154939746992309,-0.012815704190970074,-0.05063172648345095,-0.0434658422414847,-0.003761265991048487,-0.014496497554112914,-0.0142526066644455,-0.030681045425732155
-0.002061649306540336,-0.007840467051377998,-0.06591041209200835,-0.051386577894794075,0.026808389372322758,0.12086041616465368,-0.522496746733197,-0.35977868559454956,-0.2800775975982079,-0.07150594877587105,-0.031619251818726324,-0.07829145276632649,-0.054898000029193816,-0.054636471505433305,-0.0628730803281916,-0.12703683884810502,-0.10212478607097228
-0.010821574272219556,-0.0021529986567854274,-0.0440393286825085,-0.030579168717128236,-0.026239439346041515,-0.03882283173025755,-0.4529907061844404,-0.45009156101884407,-0.2131906345560123,-0.06333235417771366,-0.02837026596908478,-0.042693022924377516,-0.04852772248452172,-0.02998622579527872,-0.08729760275254403,0.00022795486194112806,-0.023421108893493255
-0.008715121148675224,0.03310646235451321,0.006929253023882066,-0.022916924709722113,0.08263535012512031,0.035747248649851536,-0.28754586911650803,-0.3514091825289694,-0.2890361960292591,-0.04381498284419674,0.005298114282287114,-0.08206785223397275,-0.014127789018739966,-0.09534270360958737,0.03102996456089934,-0.03566582707802328,-0.03167350279382152
-0.031060442031510937,-0.05473415490599327,0.27468504522191417,0.27928833217354493,0.16368569477738282,0.12703684104966917,-0.18310138670783843,0.010940909942213785,0.11573824235985192,0.30274621026301957,0.23720683082976798,0.2054225849596878,0.1627475608614318,0.23220631416525203,0.31126187444254777,0.19567347977750993,0.21613955709932703
0.0368780171548756,0.004857624285706061,-0.05713170311346309,-0.04664659368801134,0.03670285870373794,0.013554879498432742,-0.48139359831176526,-0.42299998905294156,-0.29696275588129867,-0.05832274431183693,-0.03041457413489525,-0.061014001459152416,-0.06711447818498911,-0.03385944370289133,-0.044467899274542595,-0.03551599899206852,-0.03648206574447066
-0.00796095420720292,-0.011834894615075559,-0.01940586434843263,-0.055007943188838455,0.0017971960287997747,-0.0017165909516806156,-0.5000459019246253,-0.36725601806445374,-0.3138811246954664,-0.04034676009132256,-0.050556664543153156,-0.06678306713923367,-0.06293294453818313,-0.018298617253784805,-0.09453799711791826,-0.013241228381375342,-0.0170217385274065
0.02301684904297268,0.009234135991371056,-0.05701001384386356,-0.05615640730883947,-0.024972422102651996,0.00021553018744042063,-0.4124454818784015,-0.39167953158922164,-0.3510064809765686,-0.02322667430036804,-0.032957627053728206,-0.04570278549776193,-0.052191201231579484,-0.024157732457144348,-0.033514241495376115,-0.04258275702182091,-0.0371938430348925
0.0217319801655158,-0.03478405871946767,-0.19155759826724858,-0.15403668930343262,0.08784198527357479,0.11854622985681498,-0.4035336802429412,0.10976503295944844,0.16359124944772885,0.12005168955742772,0.15007315228251236,0.10193824019684758,0.11820980791719324,0.1066604880553153,0.03154731337872004,-0.05289310195158018,-0.02981080496258033
0.0434752341317685,0.007131346813175326,-0.05394761046384357,-0.03846287681828262,-0.011052966527232705,0.0030882848210448018,-0.37420090898866276,-0.36408516769251703,-0.2850035595012505,-0.05013226281496284,-0.04761895615688878,-0.028762783014135606,-0.0810183913064951,-0.05902621617469066,-0.04243422734655392,-0.03680916512662268,-0.03631845317027219
0.014465305964321102,0.011362113352604711,-0.00500768606193726,-0.031407283215045025,-0.01821521605435748,0.005994296094199208,-0.4057573660900538,-0.39547465635754236,-0.3279584420134507,-0.0489138819864821,-0.006671273893762164,-0.07705350185920984,-0.028855111462922953,-0.019216927907537987,-0.014865821519231224,-0.016976490916104876,-0.04114623224646679
0.006665799310064553,0.0036804532556501657,-0.04248151765188389,-0.04162156078125585,0.01103837872278869,0.037288380399406296,-0.5160137574618053,-0.40127498647622717,-0.23679328778568762,-0.038832607008328135,0.005545284031153089,-0.05427524558723631,-0.04380104426688066,0.003743409086733093,-0.0018901886327078517,-0.02404831846898227,-0.03603094979447436
0.1464741995190084,0.18189208800125067,0.07104506879340763,0.06794936839204369,-0.295475247435629,-0.19890784707131828,-0.09242019915488021,0.3484853685683342,0.35619208914067735,0.014564444509486137,0.030766403091591968,-0.015291621601991956,-0.07532379380158352,0.08827319230035653,0.14654217615689755,0.307329140959418,0.286202573791915
0.0284191280822277,0.010114178453361765,-0.03290128706470257,-0.0702619780730307,-0.002773945600028365,-0.032954240533952,-0.48955834162058776,-0.412838723243092,-0.37179973526818744,-0.06701693086142242,-0.03542987092495057,-0.07797614679010645,-0.05701403539318345,-0.024109657701848346,-0.012785342900495463,-0.006433444957425663,-0.024009167518647713
-0.16385672114124958,-0.1680529453730332,-0.24757306034700396,-0.23933986662753054,-0.042960417088550036,-0.032808116823331124,-0.23417832755499607,-0.36125990678889564,-0.23730291722271457,-0.10958625953211322,-0.06713130791975629,-0.06002315067448476,-0.05810933965264875,-0.08485653600494684,-0.10562145941238509,0.03604893669452714,0.02834459305527376
-0.01748117457553186,-0.028608738829532424,-0.06118068187833596,-0.06455109786397067,0.0016286984806150049,-0.056422457530714724,-0.32033515217900543,-0.3456457147658325,-0.44276788145568013,-0.02002588520253218,-0.03830464883688487,-0.015025432346771776,-0.022205360766626832,-0.10615794594410022,-0.08389375067099375,-0.04610080417806484,-0.03735501606168341
0.021171499318730764,0.02986399971215205,-0.012270570589029039,-0.06205131557278099,-0.011772716599741795,-0.049129411033695586,-0.4751542545556772,-0.3189745519486593,-0.276690218884199,-0.06371426502153381,0.0023270712080519116,-0.0473558412522351,-0.06476577130354229,0.00034242482705772854,-0.04645175539033238,-0.0006333157567440859,-0.02074527314222824
-0.03344060395841854,-0.020920185366999203,-0.037817315711643866,-0.048524585823453474,-0.03549439418778062,-0.07252454079569645,-0.3369346956877519,-0.3124945246254349,-0.290416307187204,-0.06370067864163578,-0.09210066001798238,-0.055069630031624794,-0.04873032075660447,-0.098792231602362,-0.08214723587503675,-0.11205016776779571,-0.07445830923359616
-0.01779557704828977,-0.12158002502971654,-1.1101220333251132,-1.1232601584619006,-0.8443381444367913,-0.3622918280071473,-0.4738877574429244,0.5555095901051662,0.5610323158291741,-0.21444710370474765,-0.23407744001487332,0.1479035167124223,0.14940293127706433,0.0596789925396644,0.027276646361776635,-0.37980800690698985,-0.2577860995578799
0.016920771752661802,-0.019347866830856448,-0.051612831178893676,-0.052979587968670895,-0.007101772006823559,-0.0006663485304857624,-0.39854947228956766,-0.3426509127209985,-0.28318420693053686,-0.052128320152230484,-0.05686195162036518,-0.014455716995546498,-0.06748660909155595,-0.05627201015982533,-0.08425147638908823,-0.041465234640495334,-0.06864220500249549
0.0015900864345281946,0.005843248806923304,-0.06268142082087273,-0.040186201078382576,-0.05652832164141902,-0.10469579912045769,-0.49683638249425766,-0.38654749190045884,-0.28694290125299227,-0.06409988267072635,-0.05406769374447312,-0.039822795778838765,-0.027316654227559113,-0.010840834042762051,-0.10945128149313788,-0.01803768020524711,-0.04159667822004548
-0.07709013934277648,-0.09656315337997366,-1.4121025424387363,-1.3008876587527693,-0.9549069993526841,0.004016270447564807,-0.3661490242744733,0.5542915007869859,0.6339551240672213,-0.26844968946043263,-0.2819594259954501,0.1848522753232301,0.18418278778099162,0.1338157038725078,0.13266613878763256,-0.5190991004725758,-0.36281964373863784
0.014036423799712249,-0.0017610150086611296,-0.04290073917711572,-0.05530968045001991,-0.023592224654861018,-0.017962126647046113,-0.5123650401289788,-0.39358748656001163,-0.31560750722478015,-0.07266945315827585,-0.03799784969010817,-0.06019118737078567,-0.04447410646619877,0.010705233050025737,-0.04466757440041385,0.002178806046037031,-0.0359913876994815
0.04931180236533696,0.025021540482058697,-0.06227120069963445,-0.07180589160221462,-0.0146498191462118,-0.007961399406373611,-0.41821650901473906,-0.3274292206430739,-0.32626312545907815,-0.090667743814985,0.009575047463219646,-0.06366881256659229,-0.053249470944022353,0.00899454688612587,-0.05547830817023296,-0.016268626479993626,-0.022783045189071358
-0.17938763433518062,-0.19868939816542175,-0.2419346601871111,-0.22293454165630064,-0.0275122171608109,-0.06712284157176188,-0.19359734084614694,-0.23111357243227446,-0.31316254954258554,-0.11219092795191808,-0.11802048013066985,-0.04268694402765088,-0.07204322072980467,-0.07773726810281781,-0.09028122631987624,0.045283534025462646,0.016808171584425415
-5.963960373042936e-05,0.029587880356180016,-0.03770790905411303,-0.0531219079169892,-0.01382304725704136,0.012637874073485263,-0.4806097638493941,-0.4159323386683323,-0.265762026607907,-0.04496313838484289,-0.03452944966680566,-0.04742357854374098,-0.06224234331227391,-0.0290223265009445,-0.03714858542589522,-0.026485494785073498,-0.030705067891775784
-0.06474232726956074,-0.07629350310105987,-0.19892425827097293,-0.20409843550097392,-0.0054658794105009595,-0.01526237484756384,-0.27942602802622185,-0.28389114279465383,-0.32845799823992305,-0.0763714965078812,-0.04705544796975458,-0.08455102870049595,-0.0872364862597272,-0.08475421752463329,-0.11384878274645745,0.017170664493890455,0.02588676559567192
3.2568966916463845e-05,0.02078647635833726,-0.02390040685669609,-0.08885107702148864,-0.013632322142009455,-0.02985227366658499,-0.4511526455395964,-0.4157366659957674,-0.3119320761976773,-0.04583260925676654,-0.016218261871972086,-0.05121929185709528,-0.08662383277667085,-0.012274159007623738,-0.027719559711665953,-0.02028801272044417,-0.030520633651472513
0.018188975899875306,0.030449939400281536,-0.045368957965900056,-0.052686000433860465,-0.01470037449248856,0.002299681527214787,-0.5299221126517537,-0.304069705074038,-0.30758519289713543,-0.008944451302051095,-0.017846902061399734,-0.08179589487551024,-0.03647516825256896,-0.07800508198829781,-0.05300298396383802,-0.014057379379978205,-0.0046448800613832705
-0.036483617905422906,-0.05741435646526636,-0.18962881941066684,-0.20658977859103458,0.00410712318810525,-0.013325295158060285,-0.20365355144061434,-0.31224319098900655,-0.24508704779022003,-0.07687145652440822,-0.001972511709385013,-0.07396927475287936,-0.0767711652259316,-0.04557114029889905,-0.04420544223380937,0.02250053804444464,-0.010672917978205645
0.005841903029564051,0.00872450574944298,-0.04561773958442695,-0.06662010095667072,-0.05925258868957756,-0.035409688213682365,-0.5206951783576631,-0.4541273352219118,-0.296467799005352,-0.1004823586212719,-0.03780572065782307,-0.0796432910079456,-0.055109054494375365,-0.04236455481875686,-0.04037426065696303,-0.0267814580834693,-0.03779193864172386
-0.28071445155992125,-0.35284706399682064,-1.1360926810570853,-1.1575934507073855,-0.705147499307855,-0.18160058234861448,-0.35795393683509447,0.5148850102532418,0.5204914116527155,-0.04359796997989769,0.0006622570092206649,0.21867356011902986,0.21499614538701703,0.10515471847870173,0.13135877788617006,-0.5450523858410455,-0.44730207475967787
-0.17860795270001012,-0.2098568061412865,-0.2462281728147772,-0.22980428718191176,-0.05289304555140774,-0.021771007336480856,-0.20922721581680476,-0.37403053103976464,-0.2635274437817743,-0.051022084565036256,-0.06254452268004873,-0.02906749387658449,-0.06259675475931184,-0.04797066898203311,-0.08506010276512661,0.023567130066284563,0.060126583627876595
0.0345235303519009,0.011286983599243555,-0.046136636885344515,-0.04501278267192183,-0.007447080975073513,0.01415367984463172,-0.4781588291114244,-0.3703821799348134,-0.327366189873157,-0.018353156688590683,-0.022200142177886684,-0.06900029085848518,-0.04338766707672095,-0.018991846669497194,-0.04976589963611071,-0.004514251624784376,-0.026767739485033106
-0.023419169846772014,-0.03592632904990235,-0.004020488011991429,-0.07516518269236727,-0.03552950310807565,-0.0889577106488234,-0.351076223789592,-0.31328925399231,-0.3252749165276269,-0.08378196578084085,-0.06702875506426736,-0.07883421623053669,-0.05731253182743401,-0.04628823920015752,-0.07241554107668853,-0.058071044127445695,-0.07245074437466842
0.020246664775728552,-0.009228669696637297,0.33337019923028716,0.35530628230632055,0.08490021689105982,0.13615983169907386,-0.06222341764343081,-0.02002895728133824,0.13397342943585372,0.31147229426843187,0.3152476531234058,0.23969013059642164,0.2083692344768975,0.2446739102819391,0.3004953970638494,0.20589344369595275,0.2110332449846859
-0.029489429674758455,-0.04347240713847938,0.3172827037892566,0.33940982453956636,0.14358221513598365,0.1470600794914893,-0.16606898187306415,0.06309905766640253,0.1189521765855764,0.29022644909569945,0.3217989985938076,0.23469296103604265,0.20322058543339064,0.301923610947267,0.3241737390307489,0.19560778697699027,0.20960294228302764
0.022005142695138365,0.012100761329346902,-0.02987117944822306,-0.07369923029656641,0.021410830680128442,-0.01799411997140176,-0.3942941286030746,-0.3498922321037469,-0.3482817220964045,-0.0678315692213129,-0.022381427667985954,-0.05418221021460727,-0.04225202255327872,0.01147713377868545,-0.042547723898563324,-0.017964933537558448,-0.018104886445762698
-0.0003367970823706815,-0.003676869691281093,-0.08673505841462156,-0.07419640746382172,-0.049184766225351464,-0.031145343856628902,-0.389612368582986,-0.4493830513117736,-0.38000118682052375,-0.03032765481648577,-0.07601092848228606,-0.050783978795587374,-0.039932058458303325,-0.034175779760287496,-0.016027220657269817,-0.035411577051584445,-0.05781788679232546
0.015666870452585333,0.017541722235667034,-0.02154515067888761,-0.019503189383509277,-0.021065211427635237,0.007614666975944624,-0.43847374454509636,-0.4258961733051454,-0.2867844848888015,-0.04229748839718712,-0.011564961388310842,-0.027913516756942227,-0.0331888508428282,0.03492103917593354,-0.03144686525813935,-0.015478960932455913,-0.02332475365990614
0.10639834915497694,0.13922236104880342,-0.004994771468164836,-0.01160504196107316,-0.29466574079402313,-0.2522600043762445,-0.20407666451021822,0.22345561709363446,0.27268176415390144,-0.049299076061159686,-0.04237947317125044,-0.06550568957561748,-0.12032375000460722,0.0200796898443881,0.046559050653424174,0.2761346106757581,0.2880171921765612
0.0065762070150266645,-0.03915717846445849,-0.044457701219001014,-0.05093202238174743,0.005514143183402366,0.002241283457791608,-0.3986813006908585,-0.34789642018926814,-0.1878593862578202,-0.011698734037008652,-0.047072154020046955,-0.0382826600436798,-0.060094281746461115,-0.03988949257895389,-0.07361556391445172,-0.07920550516713015,-0.07564575028158992
-0.0769812294721754,-0.058636670973602506,-0.21599511018319492,-0.19159485138656637,-0.03451940075443458,-0.01357927967093894,-0.23459581679733044,-0.36357421084852903,-0.23429555342221003,-0.08788910167619837,-0.057943711389326094,-0.07552726565764971,-0.05302318951888458,-0.059968944152956435,-0.06764885831755947,0.02847267204992244,0.02866386798869458
-0.018481567688497017,0.016376359691263793,-0.031560813254894515,-0.06279592782288253,-0.05206630410782076,-0.028138825619178576,-0.352995659951547,-0.40230110834216615,-0.3364869691839092,-0.031362727366555695,-0.07166741116905219,-0.016562608799446786,-0.03400787383605338,-0.07087204696086465,-0.05725036949884605,-0.03906806321001744,-0.05524572352259898
0.01513626335142067,-0.0027007084245192063,-0.042903480454911797,-0.06605050933438042,-0.0460770462857684,-0.031482265249945296,-0.3999026348469087,-0.3812704596362893,-0.24892979244102237,-0.0508039070403865,-0.06684334448804906,-0.046963595674645094,-0.03831372430416559,-0.06294556366562656,-0.06623638266749439,-0.043000525900830956,-0.038634886227278654
0.011329595395766834,0.008543071366273842,-0.03410143281097428,-0.08880013847556663,-0.025384258389652553,-0.030988910024746807,-0.4381348944440756,-0.4795024501336918,-0.29663984185437114,-0.07094312597864477,-0.0310653256663512,-0.07217233606904332,-0.031263032522782626,-0.009186523559238019,0.0034057638164222883,-0.031451849575232844,-0.01872728379690075
0.0036954187066393007,0.010126370177683773,-0.03271634187070715,-0.1066787148041085,0.007854078164758874,-0.00815971331362351,-0.40353494744970314,-0.351550456239092,-0.2614546402878227,-0.08165982995945185,-0.026814049080222363,-0.058290424285962886,-0.0445730572135743,-0.002231137571073554,-0.022893235256714446,-0.04989473556990623,-0.02784111606762034
-0.004581810329131288,0.001404118800131176,-0.019521720474464467,-0.04286368792157458,-0.027805165920624857,-0.06339657002499473,-0.3813767427477284,-0.28703151865778304,-0.35663100324375857,-0.009160223971747738,-0.06954711100902862,-0.07298435645457459,-0.02628349231472326,-0.07086615600690352,-0.05042596012504125,-0.033249694196603806,-0.03476338298051951
-0.042209970873615076,-0.02429454991354963,-0.03170139196495081,-0.0619006134772423,-0.047912774647184214,-0.032802385319084526,-0.3504920425717222,-0.37399122613822866,-0.34598498636146663,-0.0722039331962811,-0.055915005870146854,-0.0914730887652983,-0.07232994646871507,-0.034583217081647556,-0.07828667365944572,-0.04513477635808774,-0.0576004890498127
-0.10976388141626543,-0.09441838275768441,-0.12623299693722784,-0.11437270781005728,-0.0758239978923215,-0.07063932913573476,-0.6175820398166071,-0.4658023768728114,-0.3994411357498053,-0.11081291058819498,-0.07061497236615424,-0.10806654866569684,-0.11592329184393481,-0.0694385654464701,-0.09944724206891867,0.04008165558457026,0.029036239805198337
-0.011788409340391683,-0.048946021509129446,0.3432693039379704,0.3206352013687409,0.18229532410854743,0.15815644109884663,-0.16410920183483793,-0.0025790863828472916,0.11939224911865666,0.29231114684536885,0.2824850282274961,0.2279818167803569,0.2155971530144242,0.27872536796569397,0.3059604977086525,0.1996516336690462,0.23395475285298042
0.017089732631642672,0.01624178878387574,-0.05838149130976572,-0.08778871563995934,0.006283658284444543,0.009212773616590748,-0.5434386503232395,-0.329735181503542,-0.3692601228655436,-0.06640930277720215,-0.04183576384090273,-0.06403378945692233,-0.07137428401967934,-0.025950852791728818,-0.022703299631992954,-0.02244906875102975,-0.032631856230206806
-0.0735490819965541,-0.043113289069026416,-0.14702785311857314,-0.18351702543085532,-0.021744803774449314,-0.04225354233284906,-0.14146788451736986,-0.3046834153991876,-0.3481522238052559,-0.04509500220107159,-0.04003041913584978,-0.008479242358014213,-0.039784421247418524,-0.049094332823513075,-0.04875339242974963,0.017083242768837763,0.016700175335982097
0.025382155915150938,-0.004613715895836825,-0.09293411426983354,-0.04499002764646069,0.003942568474200174,0.007052751305049188,-0.4346584196675533,-0.4272134982290504,-0.3533888586124399,-0.054202528304657806,-0.06484048860636601,-0.0662579252637135,-0.05669589289077789,-0.03808183449387089,-0.05636970639266803,-0.0073114282220364405,0.00015682943220583897
-0.05984259450131379,-0.10590756909991643,0.22715593704729858,0.25569186545537165,0.08544938133005461,0.14296055972325403,-0.19934404928242705,-0.05352877470168258,0.06138476405556784,0.2460290128436999,0.24577109984759907,0.18013190399101947,0.1571449000984872,0.2289826380531795,0.2815292356207768,0.2098037141143563,0.2251869045705438
-0.04987361921685891,-0.02457584162491696,-0.06527564568724845,-0.12946936389095248,0.09944827603296232,0.0626921126408282,-0.4094178009282742,-0.2585740545275801,-0.20211568143043854,-0.027699229160820092,-0.015406277353063366,-0.0599525842711322,-0.018214509628595214,0.04889670571468248,0.02878719096185458,0.14785927156296577,0.14935351501965718
-0.060887678347890474,-0.06910994227850283,-0.15280412239292662,-0.12430379889877637,-0.07345846538630271,-0.025761202098065768,0.05871201625469274,-0.37311639890105097,-0.2803340901918099,-0.08167123695948195,-0.10743482952899111,-0.13817127084688927,-0.12156050297821305,-0.21402190382830696,-0.1732969256637954,-0.32637932742757464,-0.340249867716734
-0.03777613795690899,-0.006804146501159433,-0.06693920507876937,-0.0795726913720737,-0.0021574954843046356,-0.01799490410288718,-0.4639073823503127,-0.3615930782263144,-0.449568925557883,-0.05869812386272929,-0.03403477327410974,-0.0641175138010818,-0.054366069830438714,-0.0057599296398140225,-0.04139020480260393,-0.011850817645747773,-0.01676708323874389
0.0037783938924514687,0.006458977736076402,-0.04382386901044571,-0.07348180487073988,-0.048204374186517365,-0.03362287229507704,-0.41746326733754424,-0.37431508531950924,-0.3100069450690996,-0.05895332762214896,-0.007599231397827585,-0.06706581075120983,-0.0577453278316217,-0.017180570437304477,-0.08271905300662014,-0.033874416110456336,-0.054891608759781094
0.029120888496510716,0.03386578216183056,0.025379141591349377,0.0026889091579498053,0.003556737898295597,-0.008565705283083813,-0.38404234027587164,-0.3363956021215681,-0.2597141764463259,0.026332532638798735,0.045477542943756735,-0.042811085733579265,-0.05367992981952483,0.05216558890590674,0.03442926385073869,-0.01823525846326449,-0.03523654329321458
0.03786724646549346,0.0214057104281765,-0.024089434727354912,-0.023814245911534814,-0.0005102516904196117,-0.020224019691279425,-0.5407457458751262,-0.386412877872063,-0.28908562176826763,-0.06354398144260015,-0.021075005412270604,-0.09159238348318936,-0.06432248456379472,0.017632954888474644,-0.06456686772984886,0.0039593255571525,-0.0104047040198317
-0.08822202485219816,-0.14660524346955164,-0.13478685061617238,-0.08957936840274654,0.12147711976014293,0.20283679109405145,-0.3064283105376976,0.28788401980042816,0.30178659584398027,0.014131717563012871,0.05803284573719928,-0.0061905258257041774,0.014348212510218583,0.0601192542383295,-0.036664208148490696,-0.08324077398177204,0.010350221307457882
-0.1910591999220667,-0.19440902005230185,-0.2719963791361821,-0.21979075737961162,-0.06467657729435292,-0.06295100188550767,-0.18235468618039422,-0.33593796007411203,-0.30294207294580733,-0.08518941903802309,-0.1143153599051771,-0.04424325677642229,-0.059266691661921736,-0.10513518982477879,-0.08468076682950344,0.033151843138195754,0.01775151992073133
0.0010909189129774692,-0.005422353248051622,-0.04844871049765485,-0.004327898465051995,-0.056178367593543235,-0.018933886102641604,-0.5706682523117459,-0.4067176824842734,-0.2845550537930899,-0.058687208977142226,-0.04877316815641672,-0.0515116454113296,-0.055791468550069535,-0.05160406906777714,-0.08020420051264097,-0.015776740356199637,-0.016430628546064214
0.015034717101182357,-0.004793274417912279,-0.039236995456762146,-0.06592695914127886,-0.006465776961787847,-0.030181539681890784,-0.5021682834047422,-0.41479192602504217,-0.3402342570574148,-0.07016980505056714,-0.020837739460769958,-0.05457325392121705,-0.04017036349564563,-0.012553864881324685,-0.029990111341821748,-0.03195805506117245,-0.05200234724488655
-0.10147520683966749,-0.11608774096360443,0.3715267242383336,0.3751046624506187,0.14669261045570198,0.12611348376610446,-0.12255336555709295,0.04472335199697087,0.16792575635536508,0.30998856379109296,0.2845228552858522,0.18721678872758923,0.194550744866597,0.2840087094768452,0.321338392427992,0.21840892820622412,0.22135638743902486
-0.08597537724224542,-0.04546370912678693,0.25446889161971953,0.3165880825731829,0.12931977636115446,0.11674180048744238,-0.25298927620912065,-0.10012224555561745,0.11541391830061715,0.2036067108506549,0.25330629605001675,0.1720987959159963,0.17467238630089554,0.27116606525861703,0.2984405017275083,0.24177628256420713,0.24694038682975009
0.03806013480011355,0.03063593521796023,-0.046122323450727816,-0.05041090720826211,0.003506073663158227,0.04596317382011769,-0.6119870041449256,-0.3850178537523692,-0.23651383975127724,-0.05194036946622138,-0.01182348274395847,-0.045971460825447875,-0.05805120022530769,-0.05111679430736487,-0.07174891060569481,-0.05658661012049543,-0.04662049253459073
-0.010093117145128271,-0.039177683134706674,-0.0824528661739108,-0.06813257947897783,-0.027516866465312668,-0.03164628644156033,-0.32392252689583795,-0.3670323007944825,-0.25925585963201897,-0.0701290732681039,-0.03410740472481366,-0.058356096039202346,-0.06237995295749491,-0.034822654880992454,-0.03266426095538,-0.04803538259235542,-0.051945421247875635
0.008844439514255854,0.0003415887350410017,-0.06902261783624795,-0.0450210716403426,-0.03866453490389917,-0.02996707652134011,-0.5522109985275361,-0.3616984708332976,-0.31702623694136595,-0.03349987372165861,-0.03917915531366343,-0.04846611884164723,-0.042537126472090354,-0.03358508077322349,0.0071310456314804815,-0.057443333112911256,-0.012493379145481638
0.02731759886106475,-0.0021836010455916926,-0.08032163879857387,-0.0743498846080927,0.004914933016340273,-0.04690254495193838,-0.4776331052418613,-0.38891627046712374,-0.32190841763273265,-0.08069165237550793,-0.034264448252978155,-0.07959649760993966,-0.06606786652321668,-0.009930872728659767,-0.06547491261671863,-0.04699488901822105,-0.042107350010897354
-0.075564548942703,-0.2687046206920032,-1.215446010109505,-1.1421614831428797,-0.9243623315596144,-0.00481266263366906,-0.03313306327280541,0.5265497170176038,0.5618547658848562,-0.7734023228421972,-0.7794294499004207,0.053921894859976637,0.027033680955805522,-0.14450406231830898,-0.11264252494195962,-0.7309632510856094,-0.6139539592665122
-0.06433024059099332,-0.026717710438368826,-0.023615821500505296,-0.013168386169093339,-0.05038714548358864,-0.06720395242831037,-0.5019063614705817,-0.38634294002333147,-0.2704667328502641,-0.0644041373199931,-0.08707684439941943,-0.049660204668077655,-0.05876235393421089,-0.02277191234775874,-0.07277528983437001,-0.028197325974624765,-0.04291797064503674
-0.006578662635391162,-0.011014028397683399,-0.022580317182181855,-0.0633595507618752,-0.024799286908635487,-0.0027051670937522365,-0.3642919383202341,-0.3023448437661898,-0.1827010390120593,-0.06506681158817403,-0.04119919762073303,-0.02933733226562621,-0.05868089799412274,-0.05382206648926946,-0.08937304942041709,-0.05939291910036783,-0.07047036689565893
-0.16107121576060454,-0.16249974553981544,-0.25488990945891643,-0.1984774959203558,-0.07835854308782636,-0.02639266399341701,-0.2091996854521562,-0.3067046674124329,-0.29687551603011436,-0.10669840574053106,-0.08457818768136541,-0.02550433607971042,-0.06363599816827428,-0.08234464539215285,-0.09924122759044154,0.024145756436900888,0.0548751100260507
-0.2156116565093209,-0.18662057089410602,-0.20932989079830994,-0.1757386279824851,-0.050267252112881786,-0.020055378577449705,-0.15136263431955602,-0.26792008339612555,-0.2052153027011441,-0.06792441119454491,-0.03200642227694342,-0.06139703048522552,-0.07773860469045607,-0.09024797674078526,-0.06810111617379425,0.08811213364860426,0.06460831075861204
-0.08578299809296934,-0.10839685618226427,0.2613060219583316,0.27211426461930793,0.11591424279206125,0.08493439346220194,-0.2952378683921732,0.03310821913444005,0.0828790816527703,0.20969608111679439,0.27886319952973365,0.19636224482488765,0.15013569388827727,0.2632168768308985,0.27035143083113083,0.21612680358973374,0.23194904134689875
0.027355010274259073,0.017852900372074394,-0.036205473145157145,0.00027728400553606036,-0.029690810372323146,-0.0072254227402883614,-0.2808784439317175,-0.4583136717651183,-0.26099550014550327,-0.04417039366114207,-0.016203983664266192,-0.08399350671839717,-0.028308323281020415,-0.03786970797692003,-0.044106289228265455,-0.028525014728070765,-0.029244762410243444
-0.04803420967907352,-0.058995747172118855,-0.1726244031843526,-0.18054980008214175,-0.005798010405217588,-0.030446174541016197,-0.2687861241439571,-0.318519538040327,-0.23678071157375824,-0.03931958069895815,-0.0108486175329965,-0.046336807799530776,-0.05609538507945349,-0.01907391832005922,-0.0760834488395824,0.03393095064091033,0.014484408720931524
0.02726331895157665,0.03022112283242384,-0.015579009733310566,-0.029593134093946868,-0.06061615268194809,0.010002272125221728,-0.41869047522853237,-0.41098652722160944,-0.3387765726279476,-0.055505394155938595,-0.030017427669941997,-0.08341748605546662,-0.06790381819589086,-0.008783926488222365,-0.02080988811938288,-0.00819841254028602,-0.024649731407581425
-0.18189349221775591,-0.17566005582629313,-0.2256121754523382,-0.2466706643368731,-0.052235920968573955,-0.07012609081694808,-0.2029326066549776,-0.3126726152045418,-0.33140985452239713,-0.10932200853155273,-0.061351277786481084,-0.05308650641376468,-0.08126150551804992,-0.0673776677394533,-0.09072138619005657,0.04229858677178595,0.012209533312716988
0.0022259586541707073,-0.0021276661770050927,-0.06022000745900424,-0.036275639962401414,-0.04823286600800836,0.0005715430065618778,-0.3931866994125712,-0.40087092750003867,-0.341893537643667,-0.06580327912603819,-0.04799996169302515,-0.04778101449998283,-0.08889641172568195,-0.09096485035812624,-0.08790882771776319,-0.03510652932116092,-0.027893946680334063
-0.007447509654078766,-0.009776737466421569,-0.0972681169945951,-0.11111716672746612,0.02616053708306949,0.003674009530258883,-0.39559569922913274,-0.36788972002020776,-0.34353937164232073,-0.03124909524725282,-0.04708706583960344,-0.06920134966949595,-0.0691836544884006,-0.07547570675274165,-0.06442629145727342,-0.02005818964164557,-0.010969410156283626
-8.171443469519828e-05,-0.007841990395247356,-0.08591965928964276,-0.0696560581177329,-0.003983399148692333,-0.008419593381206921,-0.5130976647111141,-0.47854472367033285,-0.33402576252571764,-0.0691286855642436,-0.05225260258244997,-0.07486314145796982,-0.07111361493557591,-0.029433617584853078,-0.02279321205508921,-0.03376620197222959,-0.030394561573979927
-0.013111956398838182,-0.057973383693972154,0.3196530184314844,0.3425328985629667,0.13164019179917338,0.08640020482105987,-0.14427979956909914,0.032291473082681946,0.10322619446315205,0.30411924352599984,0.298406662984718,0.21179241070639956,0.19057964998602572,0.2767318696990568,0.3102365490333294,0.21666741743493476,0.20737038519624523
-0.15015848523624947,-0.19522856554057424,-0.12513205324895604,-0.07325748837269518,0.20386395617944666,0.2116469082402139,-0.2495717215392411,0.34712166074074896,0.3251254405643422,0.003145271290731192,0.053254138081811356,0.0011826788153659023,0.01140395393607505,0.04524391369847315,-0.04707343106069132,-0.06514251975781139,-0.02261914626681714
-0.01810391205876758,-0.038024111628485145,-0.036770445687195154,-0.04434052114036093,-0.035843798273419825,-0.05864945409669707,-0.35091279238447837,-0.3399462803868454,-0.30002359513623816,-0.042979969255116275,-0.03688135266416606,-0.050287661701900736,-0.040943595041739216,-0.021994478083046692,-0.06691952604440125,-0.03345459527195623,-0.04858696108852482
0.04084214418975277,0.027265325743348074,0.3274885573253258,0.34542492384119783,0.06471154785818864,0.06519140919161716,-0.1249455837964813,0.04771755234991489,0.09573564957276712,0.24050061953865984,0.26035619996425036,0.22235744151210313,0.21013303575021305,0.29007402177702696,0.2725920088326163,0.18937003479442474,0.18385109922670628
0.021511303347877795,-0.008250198952597104,-0.03362309592473624,-0.035133359849748365,-0.05191648459774039,-0.028001648217968505,-0.4329808461241115,-0.31332051055423854,-0.364559145106595,-0.07096740970658658,0.001610300292061441,-0.04671767316484713,-0.02229999181670952,-0.022155530762198145,-0.04776079517618659,-0.04207315447824491,-0.025266295357575207
-0.016996285428926405,-0.04844102398374396,0.2959871559142426,0.332005237302165,0.15306620989937195,0.1621524952210015,-0.14317245606810328,0.022252102150545065,0.08868395809969315,0.32773317911704913,0.3007364855858985,0.2235933645423902,0.19531502521515653,0.2583664002781657,0.28224058394794665,0.19134995064967672,0.19029354614409652
-0.022498670430027866,0.022348039774572094,-0.04494793533416315,-0.051194480929437625,0.003855319583470534,-0.005988985299177438,-0.44160295876020883,-0.4051353539475986,-0.30564799022338635,-0.024522707469527037,-0.051451551792043825,-0.0689617456360498,-0.08841177687051667,-0.027262527624906153,-0.012642567632897188,-0.006895932675719101,-0.01612300133751735
-0.029600931871365223,-0.08813218198217865,0.2767432550631488,0.269874520160981,0.07559188075635077,0.11106460682674534,-0.23219213296163893,-0.03983978294694944,0.06767446698883377,0.21436927484959384,0.2836939692214515,0.14937477063634266,0.17226285742515798,0.270338889353951,0.25125941402505,0.2346995128023374,0.21673133958285876
0.02421300302396625,0.02921168562680251,-0.06203774580847078,-0.06030188079333149,-0.0007591407377089743,0.007366336076300131,-0.5377948176086739,-0.375633947259992,-0.2688169542069861,-0.04967840155035718,-0.027125219334601568,-0.05883728911654926,-0.04613982425649639,-0.030653442190611196,-0.015979527192794933,-0.03278492379571014,-0.021101422614131962
-0.13918207856021583,-0.14556632678674938,-0.5453719444261029,-0.5988015484006648,0.005779751322779816,-0.0721520471720799,-0.2028745770473016,-0.27725815191089703,-0.2607149370069688,-0.05602844924610677,-0.06565955316823555,-0.0671560667034777,-0.10531121079891848,-0.0028794534629797246,-0.05127610599361295,0.0846628351231355,0.08949818098847485
0.004507580934312646,-0.006186669308678321,-0.022984835954678196,-0.046803201635242216,-0.04864869293154357,-0.032983863110489585,-0.44344200674621026,-0.39263492840944586,-0.2733889666330707,-0.06839082662111291,-0.031228835359300128,-0.06262782136020066,-0.030883300647772113,0.006156044780768961,-0.012322078045456784,-0.026982280861980533,-0.03446753150927566
-0.04832461486699052,-0.07659878292832131,0.2298249535520387,0.23759791193690813,0.09858103989197338,0.14418389121083414,-0.3917476090834041,-0.04540124817823297,0.11143600592520087,0.1895728789501144,0.26819508270637915,0.19684660573631488,0.15108110107267056,0.20357517437751385,0.21098760977684977,0.22496233060085943,0.21061653277767856
-0.03632631789385217,-0.05489030294315676,-0.17370394247992182,-0.15961095293350733,-0.010002138152849189,-0.01617786240268424,-0.25418693004663084,-0.2862520687429423,-0.23708997506746304,-0.06838151309555711,-0.03781750341878165,-0.028637549907695594,-0.03229989987597894,-0.01672559581415572,-0.03647200607622081,0.003162371666871401,0.029789927032962772
-0.11883016366736097,-0.18187248527560945,-1.494867054233482,-1.3806859687429722,-0.028771399693486088,0.006402748989995339,-0.4186880758640852,0.47352598415250824,0.5093294275506614,0.15187351235035784,0.21439597387164402,0.21047682209327281,0.22123389408392982,0.14243930258887352,0.14033389697646423,-0.2663143383977643,-0.23582298024100692
-0.18979534490718702,-0.1854529147045952,-0.2355873222483323,-0.2575826431168573,-0.05171122211908519,-0.014583190782781037,-0.24682349777965748,-0.3307493396837708,-0.3302134305067524,-0.0855474014590121,-0.041095778538176905,-0.07905578501462655,-0.062021496434128916,-0.08777417785203559,-0.11657682237767497,0.013053961195771357,0.023388480526229837
0.012310338681938962,0.030955362898935558,-0.08488488469754218,-0.06821553917487076,0.006468330073493973,-0.04994896298808371,-0.4754529521627825,-0.49842902241353904,-0.44955942803176335,-0.02310613862439413,-0.06427201914846314,-0.06153126503347564,-0.05822480574957726,-0.037518324083783694,-0.07729461144141872,-0.03890688131005737,-0.04269107959009208
-0.19905728162246086,-0.1757502508605374,-0.2341097634220672,-0.23520579381464088,-0.049054448676692654,-0.04959685546687489,-0.2338451493976375,-0.31793575883577496,-0.2750163817589496,-0.098938945064391,-0.09644027778453458,-0.07097943381248954,-0.06939516311894227,-0.06818284621688618,-0.10017360292848079,0.027283641216450688,0.033919053810694044
0.031217361484217093,-0.0010219585652279253,-0.02981784442111714,-0.04697915759080876,0.041456590520350965,-0.029599678504223282,-0.4761343889144266,-0.31264304130699794,-0.25003596772426523,-0.08292268249783885,-0.015016683734260197,-0.06976903516182492,-0.03254852940391991,0.007553989403568141,-0.022935651071092945,-0.012350680137204233,-0.011112465305072825
0.0260144553835614,-0.006805085863547511,-0.03217299597676627,-0.03665135194065895,0.0022003125584505712,-0.03513876271450312,-0.36517721839029493,-0.39420186592668244,-0.21130029893746857,-0.047657503470226535,-0.021882729620130794,-0.048322835681421934,-0.06030624689960811,-0.006658628467170344,-0.04242437816409818,-0.00716881162615457,-0.03956545103782035
-0.008451884375266996,0.011149477398115124,-0.0027760902361290995,0.003770420767963088,0.0034873348168225006,0.0010674353258110867,-0.32694209369669236,-0.19127399598315717,-0.26543728630406604,-0.015545024433363658,-0.07997648697596418,-0.028013618257222612,-0.014614038940930985,-0.07223684131695578,-0.0442218252375817,-0.051302438422337816,-0.03144121708259906
0.005523448389295251,0.015389878573826886,-0.03281342297087512,-0.06779477798548042,0.013497928858635608,0.03331174849948606,-0.3842555827350814,-0.3616014691224832,-0.2463491156474187,-0.051670347029053994,-0.038976974967083,-0.05340941767802813,-0.0417714675168686,-0.03070979065095089,-0.04511375757412559,-0.017373882227382297,-0.03433578211167432
0.010200883323334216,0.015452915423102273,0.009151500009648381,-0.03943644362337993,-0.041837388257815765,-0.009564063481546928,-0.4559646170527489,-0.47982683707175017,-0.33939193690489483,-0.08322483288967768,-0.03966987018403149,-0.05947802640385714,-0.05683802322540937,0.008815898577013122,-0.004038987930793308,0.0037923874938714185,-0.022646373992543663
-0.016086734472666443,-0.0028974074960318548,-0.011020701142204742,-0.04138253732041889,-0.026793523963618036,-0.026210825741002516,-0.4961717943849857,-0.4718749175547938,-0.31006951162947477,-0.08316816816476665,-0.04206546504402102,-0.045272177375427256,-0.038107952536915415,-0.009469747537838703,-0.0015150632530598212,-0.03555027335451359,-0.05726425037528067
-0.03836318173171874,-0.006863220897885239,-0.0342370133220794,-0.056170218548207126,-0.02119070355880401,-0.04196345588527487,-0.3288216550035641,-0.3328421466981102,-0.25682204700863925,-0.049115804601072476,-0.09855267578697544,-0.046619234616988574,-0.06484171265623039,-0.12985254729577278,-0.11848836628683501,-0.0341374250354818,-0.06600851634166882
-0.039737869440627155,-0.07445222572883028,-0.09663731889289279,-0.0862357899488031,-0.04350984279713308,-0.03873308281744914,-0.47367402517351753,-0.47444799637205354,-0.33506950897596244,-0.07538212726976436,-0.06899910438406039,-0.11116432737724866,-0.10260654223374321,-0.006643354670253521,-0.06980933842753848,-0.06017761814825846,-0.032405109045637724
-0.010357983072312001,0.019324538046789474,-0.00896055743484963,-0.048975950692780566,-0.03529386984790468,-0.04219782909879673,-0.4917409409486366,-0.3428158053324103,-0.38762507236318994,-0.0284352791549489,-0.044815486430577534,-0.06810731709085989,-0.06334134046448454,-0.027911172868827112,-0.051963232650986034,-0.020329406833850233,-0.03234772367384381
0.06532430811340413,0.03684876296499934,-0.27084671545482303,-0.27886944691334775,0.06804456566118883,0.010068729854065962,-0.34229610101968777,-0.3481751044872171,-0.2925676002561907,-0.043507206439548855,-0.0022659163105880975,-0.045799903211808816,-0.010668907510868138,0.017157496517657626,-0.029200990032783584,0.021694056056659944,0.011996198567323403
-0.2126260531958915,-0.16100405085717062,-0.32183490692422695,-0.321009809173958,-0.03960487011447124,-0.044077183673459766,-0.13415426556970034,-0.32337507946994765,-0.2525451620024416,-0.09211549099071663,-0.07555555136448795,-0.03725644170366011,-0.11306804590818914,-0.0707404067285479,-0.09375610369447392,0.08612008022161852,0.05155795721261518
-0.0010423588193557677,-0.010755915360402562,-0.05906216856404195,-0.060718111174067654,0.013896463350343228,0.0030651144243459636,-0.42615100119371574,-0.5043475573053053,-0.2899211657372867,-0.010232982589906608,-0.014466946322199517,-0.04269300753245713,-0.05622671149973449,-0.10981216883839655,-0.0773379525027079,-0.008734186233169697,-0.00986625396929
-0.016328401086704053,0.0365825284097271,0.00400283455223233,-0.026813973776188667,0.002701007658282035,-0.026321143292436115,-0.4287797665808999,-0.3177876961708707,-0.2939868379195647,-0.03259154578822558,0.00954093373436192,-0.058109756569204495,-0.04704456710635398,-0.024848966453573033,0.012429082748272546,-0.04163127369572375,-0.014627351806475843
-0.04607449137188508,-0.06343402709194068,0.39500152947096856,0.36644012413961674,0.14659228540602745,0.009359026852406542,-0.18670574446464475,-0.06313411186430805,0.08591719328349122,0.2546157347839364,0.2777915621782305,0.2315888177636428,0.1811956470753649,0.266073365008721,0.21953794656678657,0.2667197607984418,0.2303191280979158
-0.046160273659241205,-0.031081482470322046,0.31870618353908525,0.3666950403150044,0.14722531799815516,0.16532913488271356,-0.16450148206402185,0.04143250937421581,0.15088096816537352,0.269638056011073,0.279393354324928,0.25260279659863305,0.1877236262851602,0.29082265339928576,0.3236318179984996,0.22558946104543937,0.204316063368272
0.014000507029311025,0.026326583362922058,-0.04682052969122045,-0.04453149229490169,-0.014172602999573954,0.009748065883540389,-0.4375674192076212,-0.47309462237259986,-0.308444218801106,-0.04382947893105213,-0.008887690290326529,-0.075817904451708,-0.0502219099521354,-0.04289098053980049,-0.06813285100414743,-0.03755825780046429,-0.014530781567506262
-0.06513667376013256,-0.07133462860788638,-0.18571327222554976,-0.18287559641121923,-0.027864493615687252,-0.010562702720920445,-0.18650314008637384,-0.2719560662738174,-0.27635932688559783,-0.03671803397604083,-0.04427906567393846,-0.05714029385635589,-0.07624560180483296,-0.08193486134046965,-0.0649406228658861,0.024907217099632475,0.016767246846805167
0.06657419038242164,0.05354069526742692,-0.017736027307855104,-0.018230977722758914,-0.005807006312938064,-0.0029734972824085625,-0.36365818773945874,-0.33239281970631773,-0.2218819424824162,-0.05651409130799212,-0.021150545834652458,-0.05212388246198146,-0.06272886136580913,0.007854889806355228,-0.07743872406611298,-0.008580467655242638,-0.014432671560006544
-0.0014755537210563187,0.005606159852174957,-0.05000697767922234,-0.059002695012121374,-0.009960383790879912,0.0196936718153051,-0.3778710289103883,-0.2939106790435607,-0.23167198121946225,-0.06865106501915194,-0.005878249421935718,-0.055859397788231784,-0.07391749904727656,-0.022758461213861828,-0.042036701892164,-0.02712287333971182,-0.011645423171493596
0.022570201912980793,0.05324374051580908,-0.027086294080310762,-0.02497437248214561,0.004555537942012679,-0.05750783955971185,-0.4292493207850903,-0.3806526637481575,-0.2788642278796207,-0.09068380341269354,-0.009672783315413968,-0.04913837995761173,-0.0306782568105326,0.028000742170260582,0.002651283982857021,0.018925434118651583,-0.009966529105490222
0.00302473334110254,-0.011329133000654508,-0.08084828146011205,-0.07674522127327954,-0.03296012846452676,-0.014025177949040396,-0.5146295687625395,-0.4354681174150557,-0.32306042646408883,-0.05762807461354523,-0.01797888974829966,-0.06098633411697725,-0.0438840407472771,-0.02602901247763361,-0.05105170494881163,-0.022055668593982,-0.02654296035331679
-0.25160267259686464,-0.2779762196486311,-0.4853536723819566,-0.34423234399821595,-0.018442827327348164,-0.014968210579397418,-0.662663638843801,-0.42570382407673074,-0.25884386098398254,-0.06726493163681196,-0.07470659627240377,-0.0954163570576885,-0.08900194251451819,-0.20314749093507015,-0.1361911585646084,0.21537191012009257,0.2174065871032757
-0.14927284346730793,-0.30503092127254,-1.206161163716671,-1.1036251001733677,-0.6029325823053895,-0.2914058291483578,-0.3701507826121894,0.5184760054537467,0.5473162968313607,0.016110836062887098,0.029071276390272936,0.20277614938044988,0.1941711214521867,0.07533830725495101,0.11261777347170354,-0.4991796586026879,-0.44776376525886835
-0.279550270256077,-0.07876922494062494,-0.61464773105491,-0.7550309814466232,-0.06990929167057325,-0.5140680487796897,0.10626288294171077,-0.45510448120774105,-0.35434179756632744,-0.1119846458190566,-0.08145698878166441,-0.03125971026514066,0.02545846735302681,0.08613579685515645,0.05209463723031325,-0.12486611870821897,-0.13917183830992177
0.020371237232816718,0.003732589539731825,-0.056542765383646075,-0.031951020453079584,-0.03558271604294708,-0.04124590368866905,-0.4206438833885191,-0.337749632572824,-0.2794499253706201,-0.08811041080148499,-0.020702493344138175,-0.06672869319058185,-0.07385979063330717,-0.028666021558810987,-0.06107216940665455,-0.03421040977766814,-0.02678898105219707
0.026189470191594594,0.02062708606756474,-0.042251939500972835,-0.05788024038423902,-0.006186669679601931,-0.01895054164828952,-0.38404542524159024,-0.3868846317211747,-0.2713698262423829,-0.05328834346610403,-0.03672591773779486,-0.08183407742038498,-0.06508920358544554,-0.047901150441828015,-0.08099412454750898,-0.061997810451298895,-0.062012017677624154
0.07317269597220899,0.03335450722780259,-1.2285989128733938,-1.3219194183727447,-0.8704557800730675,-0.10624287574452625,-0.5206013409829829,0.536975297212101,0.4984271723413858,-0.2857103897531895,-0.3039500263475874,-0.09600113177781602,-0.0722725108496703,-0.1468685697479913,-0.12000666927288672,-0.5872958012287477,-0.51567315098508
0.04413762966786291,0.051630055211855694,-0.02115460714300244,-0.03913645117076298,0.0005326387434002219,0.012450141213484506,-0.43198624699070076,-0.37039937633583253,-0.3381168606812503,-0.05750896657600007,-0.02931698497507637,-0.05520033820114286,-0.08392849554943942,-0.0033394917389566936,-0.037429203338757135,-0.03984552939279029,-0.02012018884665299
-0.17553644854991504,-0.2184990871479194,-0.28592913699367445,-0.25882417240615946,-0.07047568769181727,-0.06017077705515976,-0.20483230307962064,-0.3249910110344472,-0.2599440675281877,-0.12724788110251475,-0.10197737686471259,-0.08361353548391216,-0.09936467987746835,-0.08937917319795333,-0.12008248615078959,0.019150168303100238,0.033212027813687574
-0.003431482987268034,-0.015547070682805903,-0.09139847590705377,-0.04445347606958498,-0.036924455897712566,-0.02598704196672604,-0.43297892874063637,-0.44088941639454143,-0.33555392569618986,-0.08110220850245492,-0.07445990699086787,-0.0758895956344681,-0.0804637508325736,-0.10375094973435221,-0.09748306179291395,-0.08024911704123609,-0.08242019283974603
0.03643010545202251,-0.004080519341530166,-0.08599812243158615,-0.0857962923725959,-0.023012801628733388,-0.008622482237433097,-0.427970263689581,-0.35502064400569916,-0.3119921627173996,-0.07018787423860358,-0.024946524506647156,-0.04327940024274976,-0.10098453691061252,-0.018829535389931543,-0.06284023548987783,-2.4030435539220844e-05,-0.043578771635239995
-0.02557856751078611,-0.03823377914322733,-0.0366504947973005,-0.038188071719715944,-0.023818151035598943,-0.015450073356351398,-0.41684486575285973,-0.4009519199260855,-0.2846394736053079,-0.03954410661456172,-0.03286143395245317,-0.08242026240725384,-0.06731867433668993,-0.01681478553329168,-0.05499986479839017,-0.046721145387360864,-0.03927852544044287
0.026231758013996832,0.010858277303844638,-0.06563724376030775,-0.059993376748562026,0.020247149712892164,-0.012054573016322864,-0.4734939867197877,-0.4114511310583365,-0.3182135240644239,-0.04391115574296463,-0.02810600991151336,-0.08541440565532589,-0.06817504817762028,-0.009412566274968455,-0.004384559295410874,-0.03350018367955198,-0.022123485559682323
-0.002547610827910469,0.010531701798348012,-0.05314141987239929,-0.06829742052272778,-0.10920087976783813,-0.00044875720317560296,-0.5021645339394201,-0.5572086321849983,-0.36070509360783837,-0.020279167390604643,-0.02866489824079793,-0.06139753359930246,-0.05370999048175241,-0.12445528415057626,-0.10674257994488391,-0.056642054697944,-0.04040173149065056
-0.11031383664172888,-0.11945719968250823,0.3291398869832258,0.35383602830904226,0.12535876890372966,0.11943725628990684,-0.2220510832492982,-0.009925549155228221,0.1058503749725145,0.24694274573603517,0.27034268596371525,0.18925681505572572,0.19708220781531688,0.24211035003157275,0.29164271587207363,0.2191626309458498,0.19207647852095308
-0.060302458559472125,-0.14603842031634987,0.3142352015164575,0.3459611313129101,0.0991160365349144,0.13785775171709477,-0.11356634001734675,0.024831370992851726,0.13431696146816482,0.2983115676289104,0.3016361867484593,0.2369539122779678,0.1679671199226601,0.2660118727876399,0.2744995088862939,0.19462398734784056,0.21887617734401218
0.23670883653300276,0.2739075476493423,0.24769035131603132,0.2865215838387414,-0.10158822789419304,-0.10127818558974076,-0.03477997347012172,-0.0448765198786954,-0.09466211112416337,-0.006490887081612648,0.04668306884848912,0.3141064929270956,0.28788406304798275,0.08700510162818502,0.05032069018781795,-0.919991790951642,-0.8286802822770216
0.008825412039123888,-0.009832149911271602,-0.06491026099225145,-0.05458171066370482,-0.029293064992956287,-0.015193075444333815,-0.392582987089215,-0.4332472860061121,-0.380829052888036,-0.06041916420907624,-0.04035474617594401,-0.05760450511910569,-0.05977383123496707,-0.02893214987871985,-0.0713981648059057,-0.02332456445027395,-0.022316625834693474
-0.22407253932985524,-0.18079901529797932,-1.114557056454355,-1.098812141357756,-1.1250216436092058,-0.16071078238363823,-0.2211565053299236,0.6196202313081753,0.5843757795107987,-0.16110461605356438,-0.130228684756172,0.12871181499034484,0.2242249809203396,0.048685863173718855,0.09518527591409717,-0.5685930217299993,-0.44478459298887724
0.018641952616246134,0.02069990663543411,-0.28763627239020584,-0.31219884200071785,0.0523469128040063,-0.033509588495562945,-0.3070049192211259,-0.41468618520613454,-0.24885624185438107,-0.05018771083920039,-0.03465431021880995,-0.10194520995553219,-0.08204996106952107,-0.0013101129806864082,-0.027453171333499175,0.008983777982247074,0.0014421440695382268
-0.03203343084060937,-0.02110629881493033,-0.11799575231678612,-0.08983237640960778,-0.06339357690330677,-0.03707498547596658,-0.529396860726374,-0.43112757547456715,-0.2996777428267825,-0.0540945773115132,-0.0321991389015322,-0.10469228946798495,-0.06614947373382418,-0.06570385814176703,-0.10807243751195568,-0.04865753938304104,-0.0824194803201837
-0.016784907665751334,0.05717484259568177,-0.6690300878103419,-0.7392771600224891,0.07421548778116693,-0.360758380132114,0.1423327217225592,-0.4569530546513386,-0.28181958034889326,-0.11460406061590417,-0.009841936109725464,0.0035854188955059146,0.015050540148612176,0.19770272436923428,0.09120279297216875,-0.06819964556656219,-0.09803331067136194
0.007174200858075557,0.030092522997829833,-0.08280572407939593,-0.08725416652002659,-0.06443740618050839,-0.012985693795836698,0.17930176905188577,-0.3374324715155841,-0.25680063847030793,-0.12162603848611084,-0.06813050311244843,-0.10152284229749003,-0.0900353921809314,-0.07518986904480479,-0.09072104580912584,-0.3331860443003367,-0.35457316468666067
-0.06912820973481805,-0.060568092167771086,0.16797459299718132,0.042605104460697506,0.02078225655248036,0.13842358890021803,-0.20785263188706266,-0.6749496928632573,-0.36964617671957056,0.19816426204390747,0.05434144075197753,0.16850075991166738,0.14034958197307895,-0.12823471640545303,-0.03317363412425094,0.08675362938141948,0.02696798990567658
-0.05985088533635571,-0.07757977170693339,-0.22559430220736437,-0.2066549925810075,-0.017193825415844587,-0.00426749599754539,-0.24057436432138735,-0.39256795398869443,-0.2466680353849198,-0.06769580884944293,-0.05794800216445544,-0.04086107252448735,-0.08226281299298048,-0.03707763949944131,-0.08709652581202156,0.0070843695076316495,0.003796833960267011
0.01357864803548642,-0.007618107586810775,-0.055714836622244225,-0.053360429697963396,-0.0031659153427203365,-0.05372487860431947,-0.4137414535103841,-0.3515326117628638,-0.22246437890162032,-0.033378159375999326,-0.048727044035634416,-0.02289735876147053,-0.06416638092646089,-0.1125156961828698,-0.059464820364877914,-0.026178699665376046,-0.019389607284761887
-0.008018090208078008,-0.03658592601016422,0.30735926729840635,0.34586374849806134,0.13270607124868128,0.18893234384638252,-0.10138206830621072,0.026984042952386083,0.12808577993837408,0.2907966002140723,0.3048275682149673,0.21653117681884082,0.17935609361247004,0.2938720942361208,0.2970320758152433,0.21392009449157565,0.2149890475430576
-0.022403314894418942,-0.027132059897180177,0.32271084948146045,0.3508856424894042,0.1034204725528531,0.10886429320284921,-0.23613106681288396,-0.010865942029731436,0.08182537321444278,0.2760199109473815,0.3295282042742016,0.24107925917338124,0.17890398414095532,0.28568883105480763,0.3123844168885021,0.20795420365470063,0.20734014911956192
-0.20564851839906148,-0.17241873394595655,-0.25109332235036064,-0.21242897497530605,-0.037646766886674184,-0.035987193541816155,-0.24302727544574748,-0.36615160875602876,-0.2138805588344352,-0.048492603034632306,-0.044757489326532784,-0.037608780675861854,-0.05870639702920535,-0.04943194633672791,-0.0751776285396965,0.050760486069717316,0.054289480161389125
0.014522292929240952,0.012869389528641438,-0.054988128616601045,-0.09346973351311534,-0.0510965144124507,-0.052560722611423305,-0.36218599681148644,-0.39377481561761896,-0.4403809844467605,-0.08209317088319983,-0.03143266659866531,-0.05744484446716476,-0.0732365930781622,-0.010792942322226924,-0.011467595686075683,-0.0349624805985365,-0.01669646968119072
-0.023364783930425848,-0.0009091801156726952,-0.05524296635085264,-0.08666257061284854,-0.009468937539126072,0.007051170422892037,-0.4715189822798276,-0.5500555171886853,-0.3322243968271587,-0.05704293345723144,-0.07199727988982645,-0.08239451874932402,-0.07916271233155053,-0.0476801831535974,-0.03918412376545252,-0.03813452206499174,-0.07138970887019877
-0.20772651319167135,-0.18283853649756823,-0.2279645406321976,-0.26672735290606203,-0.08198843385919052,-0.04227133023101465,-0.20895862195489395,-0.2504215849615758,-0.24346819340500006,-0.1107884971348685,-0.0881494960682376,-0.051930495424093136,-0.07624315745869108,-0.061949402667058284,-0.09528647983370718,0.025859807959019335,0.02434923587842054
0.0004538519562314309,0.002597080328299498,-0.051490904695572826,-0.051697210818192625,0.002781267471994681,0.001662528714257034,-0.42491639831178374,-0.34896332334227836,-0.29619453370173504,-0.00359421132485843,-0.036763907148808936,-0.0417775218926443,-0.028995926232571394,-0.05484568238824006,-0.03329344041272739,-0.06889052163658485,-0.04775905047845008
-0.016621912751878538,-0.026676513721715,0.32892812262293536,0.35964972350857916,0.08269365622188654,0.06508767633168436,-0.1443802885242514,0.031682876640854674,0.09132645607748449,0.298881581770948,0.30813592605021123,0.21050027166156418,0.18399083499165877,0.3147023848402465,0.31413819732861065,0.19504425067585554,0.1924816593168075
-0.04927394427941051,-0.05696329453126197,-0.14435111767407827,-0.1628136508795129,-0.013307938211174637,-0.05424299425632631,0.18440278788070918,-0.3606483192284768,-0.2258963338828285,-0.13369159771037237,-0.10808544507796683,-0.13972178950055758,-0.0746359971363581,-0.08867527905057934,-0.13951589057626368,-0.18395450595981333,-0.17101701660442886
0.00814856800693716,-0.015633189296620872,-0.05810011711629725,-0.06405179301487929,-0.05549488883813915,-0.04234076245230096,-0.39587608025729104,-0.33439530384977634,-0.3645920605236881,-0.05424361706079407,-0.03521722841920858,-0.057468396257998475,-0.04636047873944559,-0.010833232591349945,-0.06573719486844755,-0.03438932096270064,-0.066960446286112
0.4747408660077451,0.5665027904467262,0.3139930092038759,0.26782375610277853,0.031166855914780873,0.04894929496373511,0.03694140542960683,0.5516215802399925,0.6103780153176495,0.19191495813476697,0.14132099707733659,0.24889542848593815,0.24677722143875544,0.3758132159572862,0.3711522373870758,0.49841007483507693,0.5025171511781009
0.04239201677721385,0.028498221373758032,-0.03511944761592899,-0.06523553341251567,-0.028222091009071113,0.03496838305184706,-0.37675757766540363,-0.501172882558111,-0.346371690511595,0.00575040440306368,-0.01515834702861527,-0.02706900000163442,-0.02645147748827137,-0.08361555030292293,-0.09147800819981997,-0.025913988230452652,-0.03305971617101334
0.00795891356211799,0.003375653979824898,-0.06491205295665323,-0.05436587182626079,-0.0005827485987708516,0.024287005499007273,-0.3857801321756926,-0.4488325721826079,-0.3483676434658639,-0.01920849786564721,-0.008886146058667884,-0.017213436960799616,-0.03817278495209006,-0.05696731306328544,-0.03462417602186912,-0.05090896019334396,-0.04391358501200281
0.015461284040740342,0.022931042713447994,-0.06143386736635863,-0.07048864386883555,-0.09018437301552729,0.023093480020715793,-0.39052917259500136,-0.5555283092031096,-0.39639278695177915,-0.06139644906954668,-0.036353697983364366,-0.022127748656765638,-0.05666156586099637,-0.08342479447908259,-0.11227882590560657,-0.027655399217498492,-0.043751314775387205
-0.09398423345803886,-0.07824725705753353,-0.1865404537145636,-0.18403350024870302,-0.02467736459808704,-0.02070374119991964,-0.2508990764945649,-0.27271452371661403,-0.31316801047133447,-0.06785785753653535,-0.024680613117820622,-0.09017404483255374,-0.05084400907806892,0.0002991769413292108,-0.052933248857235236,0.041886088096631226,0.015509991930164883
-0.022076795515852718,-0.036205762805791485,-0.28161453412405674,-0.2577316482975525,-0.17812512079365694,-0.14370404129010006,0.20089082665912916,-0.5822599386653535,-0.5939147736992969,-0.18157017395179129,-0.19557883569340792,-0.21592557337712942,-0.11536782298320915,-0.18972654334216868,-0.18234236900305545,0.11214655558432654,0.11721012935087095
-0.01836635006355624,-0.03230678963071549,-0.09071970048260436,-0.14422267930658877,-0.02123681909382971,-0.0665022105017409,0.08198949019552196,-0.4741739792048656,-0.42639746510991017,-0.12118326861232011,-0.07760811106424807,-0.10730853697066774,-0.11536375212706146,-0.003594561706633943,-0.15085829505612608,-0.0942949102477061,-0.1214592923375508
-0.15803923095975808,-0.3321345855689009,-1.2767616285885288,-1.0984745566777145,-1.2540681899461064,-0.042049861785166086,-0.23709461663463893,0.44582988095468107,0.5033750743781824,0.00900274548060973,0.013191910421774027,0.19524310867825695,0.21822651712949542,0.012067159077770118,0.056059584005042316,-0.48925109648705367,-0.3944064069548704
0.04999121084492972,0.01769577861967197,-0.042767330768762934,-0.03684909222717086,-0.013314344781382262,-0.057497605161534744,-0.4540019333764463,-0.45525264327770343,-0.30653061565030537,-0.08155808279933685,-0.008311345008707217,-0.061778165357654014,-0.08872337047754146,0.0019802039771311935,-0.02653309700275961,-0.04041683849784352,-0.03154223294255998
-0.023691719181319234,0.005102693418435456,-0.025727949882713735,-0.045977589040946246,-0.06778017980213877,-0.039537104465165465,-0.48086467060464244,-0.3364316112640383,-0.36778411270447153,-0.04976941669589378,-0.04222008137484263,-0.0332091379192842,-0.061880887189610205,-0.03093972291516624,-0.025139834377379836,-0.046531028992077075,-0.048474504393860786
0.016590293889702713,-0.007569821635934239,-0.042490044443239346,-0.059966318343041156,-0.057797123917970615,0.0011507662602374459,-0.46148520683190936,-0.3727602436903328,-0.28220226964588063,-0.10169174363638328,-0.03380274080685574,-0.05385527886433897,-0.09056815153494056,-0.021083953291594168,-0.07027041472655088,-0.026407841899550144,-0.046553084989973195
0.006614565422104854,0.015618309480220697,-0.06604011538208718,-0.016052983102150396,-0.028527095480720216,0.026724561856233425,-0.5463950599476319,-0.43612204382610636,-0.2642688342770632,-0.060522520627842386,-0.01870820823744713,-0.06759098618456136,-0.04400130710430809,-0.0696396297267788,-0.07655063306293496,-0.021191081817418262,-0.016730053712305126
0.013895761086490228,-0.0019139428179622156,-0.018852449126581915,-0.011469452353666917,0.008485808373970576,0.00021025626641949354,-0.4544644697326964,-0.39769045528023567,-0.27803828849618284,-0.024932680318524265,-0.020563097954791186,-0.05534370901580099,-0.03709628981607107,-0.05735752515385825,-0.07691774959901425,-0.003666019192827513,-0.026808354056712305
-0.6231005639495322,-0.7694390246566923,-1.3170372398724588,-1.2050847136317206,-1.2031655086537483,-0.25037929695297995,-0.3928944043337507,0.5415831448333498,0.5695925518413786,-0.15855118202037677,-0.12645015814619243,0.10033818475163467,0.12167565977144891,-0.013495928799468215,-0.03539516291796558,-0.731628526796347,-0.7241879919964819
0.02795068248527673,-0.0028659547005304184,-0.05676099349394257,-0.030238443909059345,0.013198897910923777,-0.006647599916706829,-0.41755775758224195,-0.33581691814186493,-0.2090746060712636,-0.04974253964735834,-0.034163706761561274,-0.062413726272715866,-0.06492643912254036,-0.008332590920869696,-0.055186838395504395,-0.030981190546340426,-0.04181932027804495
-0.01994002830052533,-0.007835845879891666,-0.08306320629652147,-0.047704998544070204,-0.048298597071071585,-0.048313133606255165,-0.38035742107285064,-0.40295923951821483,-0.22073280625394728,-0.06273569015869447,-0.022515198640186224,-0.07421553393795831,-0.06665136682443042,-0.05862466700617288,-0.020648685088350383,-0.033145529312237944,-0.058595582697073184
-0.027908187433438647,-0.020010904373271056,-0.05864695198706646,-0.03644932288738967,-0.05643548433114244,-0.06799121860973019,-0.35162572056328534,-0.4044556372194102,-0.37007622119046574,-0.05136509641653482,-0.07310656012119271,-0.08775682267304354,-0.03743568948899516,-0.10690945787890678,-0.09504130473613169,-0.04250875080687132,-0.050829367021585005
-0.23824572353502016,-0.06629440797113521,-0.6294452438135775,-0.6918938724561424,-0.06815114958156276,-0.48354920340688573,0.09139218039771878,-0.4440535748902863,-0.3244268780120723,-0.16041979965092226,-0.11506579934631393,-0.010968147071460191,0.07283783635622439,0.16283734181234613,0.0910138291433545,-0.10124724603465421,-0.12298986189031275
-0.0014975066858448278,0.022153630609452937,-0.03988991411293407,-0.032854934953915914,-0.0469581400270426,-0.03502259057343651,-0.3461820317298635,-0.4004017979985569,-0.34672685176891604,-0.0573268831562132,-0.036596382736663643,-0.036880486031712297,-0.05780411493153768,-0.04834746880805338,-0.03280448795747168,-0.025724022362972047,-0.050873596398572134
0.025339118754982286,-0.0007364531848261421,-0.05035661359643939,-0.05151769437212968,0.011661028540258973,-0.01841911702778723,-0.5093880772326618,-0.4446377418185585,-0.3939161451369744,-0.08193470130636801,-0.030402584028842713,-0.05819580533076636,-0.05629478364679435,0.0002217558649735845,-0.035341593395738294,-0.01877422215633662,-0.025390363624312122
-0.08387521776814957,-0.01890672607335289,0.36471304959063133,0.34050796711527626,0.08480871506359901,0.0810466360184476,0.02343344880305387,0.08892476534144433,0.1446595108116116,0.29466188470898036,0.2762678944352733,0.22997507344434456,0.1906659864688603,0.21000585200474048,0.29454853647185947,0.19295679555747858,0.18362428239408427
0.026096610495867936,0.026578567355783296,0.008116956671972202,-0.0024935034710196788,-0.01019099908820541,0.01125689431587267,-0.5160129876947105,-0.32671431494569564,-0.3369632819318714,-0.04346216492742093,-0.0025287006911918937,-0.02873435718195618,-0.032950595030492774,0.029246063862178026,-0.0009323361654764535,0.004923181985012445,-0.009305049302220947
-0.043439029936298036,-0.08333417917646968,0.24163042085935413,0.2649218395377887,0.10089580294044906,0.07868114087816847,-0.33492474008543227,-0.05249340705253333,0.0632000917292085,0.24482229054667975,0.24344440718772153,0.1783158002583251,0.14917695704243378,0.2834153050969346,0.2571816580826469,0.2465384133129902,0.22086016410823867
-0.08138946987025979,-0.08263467911352405,0.37897831366460893,0.36607449933817926,0.09509464480714662,0.08461312834362279,-0.010062566105386084,0.04228558552613864,0.11710679055044107,0.295794042627349,0.335647099258271,0.2335953979463302,0.2041544537400228,0.28159967649198697,0.30241888017268787,0.2125112246099715,0.21448124044988834
0.04131925790532185,0.012612204122759686,-0.04258177370907363,-0.056686995334563776,0.0013469436684441529,0.02934156812243784,-0.3857807803296295,-0.4717383496109781,-0.37637067383131595,-0.011085163486336147,-0.014450808714815763,-0.09452894484002083,-0.04016320178446379,-0.07391744431526676,-0.04722731050382585,-0.00952020506036515,-0.009198014559284215
0.027088989228674636,-0.0033241727873958926,-0.05376897129742898,-0.04233887784277731,-0.049553854305298725,-0.0209958890014267,-0.42567250295365633,-0.3794738339536866,-0.3253378641660751,-0.08336856942614665,-0.024600649377093088,-0.0473720926524733,-0.06586415932436689,-0.024934875318115602,-0.03332575655789846,-0.030488599929510862,-0.03816298524518653
-0.0024565950618384816,-0.008664310620555053,-0.0835650959830172,-0.02270947761209994,-0.018124151812168476,0.043238578819628226,-0.48918985280889915,-0.42252623893004276,-0.315454666516013,-0.021225857002644424,-0.01622935326654791,-0.05102486274710533,-0.03345161614642513,-0.12524187627749586,-0.09379503417556521,-0.06271383056191467,-0.0343856599114545
-0.02496881142952907,-0.029796897176671916,-0.04899746528554773,-0.061145212750848985,-0.05452893930350337,-0.05053138449851173,-0.4069821285833871,-0.39837669248069735,-0.32517529792675837,-0.060259881087299065,-0.025966591952363328,-0.06690249564256057,-0.06295546851501552,-0.012526019345594608,-0.03199165752369637,-0.03884547985483104,-0.045513559844806935
0.02147429342438011,0.008971185462972401,-0.01869709073167386,-0.02397087530873773,-0.05466811443874327,-0.008924601540442827,-0.5531668717357162,-0.4134668048129666,-0.3518671402969056,-0.04593988059758687,0.01065457119430547,-0.050743761989307426,-0.05166231142884837,0.010823643603631515,-0.04353160082535845,-0.009993362100066374,-0.010076322179900942
0.02131687641420921,0.021388284821103123,-0.04797784942915463,-0.06292289061125539,0.014694371667110805,0.018181901270463794,-0.4351079987313208,-0.3138508530723175,-0.39581273387283583,-0.09896472075726043,-0.012095273434852512,-0.07092068708940079,-0.05002433807979945,0.005009423758795273,-0.033956907613995675,-0.014693319015948106,-0.010132536717297205
-0.0032549303328318043,-0.035188051553431486,-0.03354119871267344,-0.02220469814862369,-0.00731787329566102,-0.073768448239712,0.1606292905015403,-0.36040943178669504,-0.2247415005434666,-0.03666025085171378,-0.032030741476311055,-0.07516865753025842,-0.054559027009952014,0.047985604797157376,-0.001660286023282263,0.009538569588645246,-0.023449195410925727
0.005105387743968762,-0.005075768980630421,-0.06665048565206362,-0.10043663343064636,0.001690442352349938,0.012437063982647989,-0.4539047145407488,-0.430355311911055,-0.3017350221783046,-0.04814109304946603,-0.022041557411275392,-0.08169325687859698,-0.04360067556100676,-0.0831115677536212,-0.032387473550135965,-0.027164559792826892,-0.014098202627184267
0.03687525243260086,0.0020225590360704927,-0.01973520235532202,-0.05899144680722468,0.028510410935447286,-0.02219176911255269,-0.4982334779677222,-0.34849640629786155,-0.31450191365802044,-0.03266275474971182,-0.029662076940396,-0.06587376248459478,-0.06626323655667166,0.014083144273583894,-0.020385166641022433,-0.001273373612723061,-0.034019757742411734
-0.019948302724274163,0.004345264134792558,-0.05326721919011368,-0.05012579245766149,-0.037612860929846205,-0.02508329815724682,-0.33030887886434784,-0.4364739902853203,-0.30241218039389345,-0.06591255240790779,-0.03563315542579514,-0.048187941032635,-0.046738752436493856,-0.11491671338214715,-0.1046390880445956,-0.03857664474917151,-0.04744658700843954
-0.062184047094848656,-0.04968528302938351,-0.16596768690416078,-0.18522892492992402,-0.004515805041872426,-0.0063638189363594225,-0.24368770703985498,-0.2711522838672406,-0.1693018342693956,-0.03198858226414922,-0.04680911181743895,-0.03679629386554143,-0.07511129183131846,-0.037517740883623495,-0.0701730399284103,0.026988046480463282,0.019370895156603025
0.010929204141486447,0.009619269638766791,-0.03765069287545165,-0.03571658113792325,0.044597931579621275,0.05651450397023196,-0.4483674396315225,-0.48365765355368157,-0.3538608991753915,-0.021117920938053963,-0.05052433575104105,-0.030994105866932627,-0.03656215797617438,-0.04350857119425955,-0.02193321030426859,-0.03572483111809077,-0.030432519921416473
-0.18822615542622317,-0.15755107055874265,-0.20244280665200018,-0.20299777613620645,-0.05327168463486843,-0.0767978227787729,-0.3201212354407469,-0.3734760592923434,-0.28102997519870593,-0.13081436746538105,-0.08700010879490386,-0.04944641211117662,-0.04965789456413524,-0.023986734064050993,-0.09389611389526506,0.0644318394384001,0.07382288285274011
-0.19486245585410059,-0.16868977214324807,-0.2081633476098401,-0.1931686708348836,-0.08605487004894274,-0.05292773212327197,-0.2544131481437144,-0.2573539549755563,-0.31280008304933943,-0.10379254799271469,-0.10651773322126758,-0.040774061116201375,-0.08614880152360206,-0.1090452786480765,-0.08598130169912986,0.0323104590321155,0.011114851163571268
-0.04133432877453487,-0.054576682813532895,-0.0639240798574398,-0.08360849364222012,-0.10401353152609011,-0.066189202836864,-0.3963770746949386,-0.3667689483938829,-0.3679670629801924,-0.06458790603020173,-0.06557855366343822,-0.11097839559566858,-0.07315142715656717,-0.06561446008497361,-0.057157591387905285,-0.07333490918170187,-0.06401039697716553
0.0011161418932391374,0.006381102729796513,-0.037080318686295556,-0.049644792205208836,-0.04324313140529438,-0.027216891053927852,-0.4086896003557372,-0.31617371248129994,-0.3364056235800103,-0.0756241083752823,-0.03521693681940048,-0.09722102941234204,-0.046636417692209865,-0.01892075980533754,-0.0911392719346103,-0.030605759957003573,-0.03802502446760449
-0.008487399523102948,-0.030831021635711383,-0.2108959079830072,-0.22303361207974745,-0.045710434499104925,-0.07363741594614139,0.0720260419287562,-0.30832692654324534,-0.24218776798479175,-0.05217026463372509,-0.019153597538903958,-0.15977672132725895,-0.13940340443547755,-0.022307004184593054,-0.06632763511158601,-0.05586832622696177,-0.05385735965700386
-0.03573720933494213,-0.04593178481061707,-0.5062351195307613,-0.5455955068498095,0.015074522822539236,-0.01990828225915405,-0.1883987765935009,-0.3051312370015036,-0.26818473640340657,-0.02872577162922345,-0.031681818676143544,-0.04392689868816023,-0.06395249135564901,-0.001809865107681495,-0.04274716601211514,0.08346421926720392,0.057940980829852606
-0.01915180160924186,-0.029798221429861042,0.30480390744356833,0.3165758243991986,0.12633844000622943,0.10341469442142119,-0.16236089262584305,-0.0036125210265341855,0.131534719308161,0.26454902293456883,0.3347712796503045,0.22155560189091034,0.17852968921068152,0.27274613562140615,0.32314087327943025,0.187477581500826,0.2131911214407027
0.0525554677479123,-0.0022885984249303025,-0.05691738754296705,-0.06778934464828577,-0.022586647111470563,-0.031769047477416795,-0.39497730657736163,-0.3201303644792162,-0.33033927387932116,-0.08572298317382605,-0.02967248527943905,-0.07072474516639322,-0.03469778373332587,0.03503334590336293,-0.03613974976378667,-0.01878443903978839,-0.042482755318567954
-0.17635635341138967,-0.193693284120889,-0.21756586127720426,-0.27688105306871186,-0.07290745416254192,-0.1343878529438478,-0.26010130102519713,-0.4102395052378352,-0.31107938178184447,-0.12441211838032937,-0.07099748945420313,-0.0648052717457081,-0.0964735165677805,-0.11882457580321855,-0.14933122497390508,0.03766625673025123,0.03368794235932384
-0.03798212884599559,-0.00037518618050531584,0.031928674302992135,0.006763451568370974,-0.049015951837546014,-0.05795603473006715,-0.4045742780604037,-0.29677656524125257,-0.411756673484951,-0.048200976076915494,-0.04109719045666745,-0.06209230001369444,-0.02475844858818154,1.9291875408160894e-05,-0.0148952131735878,-0.03979012360771292,-0.06708475821985069
-0.049864904772024585,-0.002889795220487441,-0.015292368114611073,-0.018641059557734523,-0.021533199874451764,-0.03943880101921503,-0.3456376714646745,-0.41774369841882375,-0.31658039896153267,-0.058075708330396644,-0.06082076705230535,-0.07819997686545853,-0.03550474570829241,-0.04903492862234594,-0.07554044776199084,-0.006661713467741493,-0.026388799470151582
0.036256488737341414,-0.009615377415561085,-0.07044213776196369,-0.03713599074082982,0.0012166204830380627,0.030335301072354954,-0.46934467890428383,-0.37118439091461786,-0.2349225415169811,-0.05949106469719069,-0.021507065470115844,-0.06847510732124697,-0.024047086421269792,-0.030478809862661903,-0.043216363344971996,-0.027139623134993622,-0.04346626898202415
0.013672203104544763,-0.005101969127117886,-0.034378141963903264,-0.059985573987664305,-0.03142983748938687,-0.004833146355089377,-0.3485035152832486,-0.38972850166009093,-0.35256034503297107,-0.03134848159833215,-0.050464927155662365,-0.05736617870819841,-0.06759549806187753,-0.03794277153696367,-0.03228840503819404,-0.044528792045201375,-0.05766706910045284
-0.041206795458084554,-0.009036128710601015,-0.032795894909231266,-0.034758407149274716,0.029815412238181533,-0.02854792445664399,-0.37958784518487687,-0.3192677501015304,-0.2903429155438609,-0.015613611531254179,-0.10927358166441302,-0.04096418094805653,-0.047535549359733115,-0.11625340601326468,-0.08346399694242417,-0.07204401553900706,-0.06594691035132565
0.043429479750651874,0.06907233770285866,-0.05373856336158825,-0.04691159995803056,0.03569900261740508,0.0004377796973040812,-0.49353044668155566,0.014250396259342074,0.13559112054976927,-0.029262215970314802,0.02225954950616744,0.05563965755565959,0.05376279169588349,-0.044148235169328205,-0.05132339009308797,-0.17743436588135253,-0.15270438518070178
-0.20408131773344582,-0.19127031942629158,-0.20892354988980402,-0.24177436241672448,-0.035540527467484345,-0.049276138071957756,-0.16240204907153571,-0.2844810506252958,-0.2994199945831692,-0.0841828133780566,-0.09589572204109327,-0.05338701722910301,-0.04064080299737646,-0.08013101458069294,-0.09962996574642934,0.030577916334577796,0.012389575647109385
-0.0040609546058140945,-0.009791427446785494,0.29145790082057466,0.31894006846112744,0.16559681170308238,0.18233321220853388,-0.09414848462774317,0.017713251370927406,0.13061130607343663,0.2698466702915815,0.28335817068370567,0.21724628367167703,0.19071628821610842,0.26970189520611404,0.2930141442481842,0.2360040428389565,0.2422470065864972
-0.028994245897474194,-0.007177011532420452,-0.04308073490376885,-0.08247737303837815,-0.033682951579261745,-0.019163882094592903,-0.4812464953692775,-0.4232819621053065,-0.4105740113446042,-0.06409261803546706,-0.04511618383565212,-0.0920207476214346,-0.0417428846112061,-0.08651992084248783,-0.07367914262047442,-0.03657468645588605,-0.04041669722848507
-0.07598858430865131,-0.09539530671327957,0.24923365333987987,0.285310590319429,0.09142997429638787,0.10374248137022687,-0.2263101874203827,-0.008645648035550842,0.09307220107974738,0.26751260553194095,0.2355963793256459,0.18477494654747487,0.15302886675722535,0.23251403974787271,0.26463713369402864,0.1974366508214788,0.17665757624775355
-0.058411657965341326,0.004320318033595218,-0.07918642370814796,-0.05875040681318666,-0.046843525586107826,-0.009369205302015246,0.2386764701215572,-0.23201098688532837,-0.20613329701549316,-0.06113530393923256,-0.1078067717406491,-0.11040923618279529,-0.06667041019535165,-0.11240734731482284,-0.05883852988252534,-0.6038191808984862,-0.6078300994072319
-0.08235298673992907,-0.11962808528921569,-0.17155616620206482,-0.18074861904920894,-0.15946460255794653,-0.15557247372233998,0.024583946142709694,-0.25335897694252196,-0.2104130919112706,-0.1430532318241935,-0.07711567632112482,-0.30190224858751885,-0.27282701344038907,-0.4116044465975963,-0.4940984627963864,0.018438934349875324,-0.0013051456540363944
0.004392565990868626,0.021866560583699502,-0.06530163509568958,-0.03619037660748485,-0.01909418961255197,-0.00819647619764118,-0.41695397487099717,-0.3856169647458662,-0.3553373334757696,-0.03980908345702583,-0.0482581928563891,-0.04892934469543616,-0.03420432561880151,-0.040313447414539905,-0.04990183408992355,-0.013493200219255588,-0.03380880198871857
0.03372767122785766,0.032112073737041245,0.029151437188795974,-0.016716138224121664,0.0014907976962978964,-0.0594715056821506,-0.374318508258241,-0.3512189530073319,-0.2714965865326077,-0.07297068440407882,0.012265431498960004,-0.038380134977542835,-0.03691971301237192,0.07254816692813143,0.002636870408952327,-0.0025440024241665028,0.002656612855756389
0.03206921154114623,0.016578881057508328,-0.031100404081250886,-0.031231911663030295,-0.040217002965565234,-0.03742396096631192,0.10273093691673119,-0.49145565328943785,-0.31686849196183103,-0.035024286935161,-0.033560821298463425,-0.08482315898681,-0.04020250618314909,-0.02709679283761844,-0.06467135432737596,-0.010253300165542363,-0.023105045505893707
0.03099613248289721,0.014024940806806172,-0.08175437215987802,-0.06822345319238629,0.024242750840464608,0.00809790753541459,-0.460316656397166,-0.5324292539811213,-0.3951170265047382,-0.07416115241794234,-0.06532075391990111,-0.027369402545476332,-0.07514854820164028,-0.07908713993246845,-0.08640060835068505,-0.03138214051833456,-0.027880227539554533
-0.011279201602856857,-0.013345638103502162,-0.05658573012842765,-0.045343532914049224,-0.059903302479840305,-0.05685572313063707,-0.3701500100795006,-0.39822714305340784,-0.3763819376248994,-0.03118599540374198,-0.02893640815968629,-0.08516502015426079,-0.06947591909624257,-0.04062294678928971,-0.09545950811048713,-0.010528934651330112,-0.054425528652249235
0.023549380408685996,0.03164939318572791,-0.013976431337981283,-0.05512932999220455,-0.00751074291567345,-0.016270192023973902,-0.46180785046266326,-0.3702475712049398,-0.3131784723706036,-0.05463344873717955,-0.03873244997947167,-0.04721369255132968,-0.04110557310921869,-0.004752153321277934,-0.06852177852437437,-0.10501971687144114,-0.11588942405118696
-0.024068231078882465,-0.07160107508660418,0.2836011509802484,0.33208843676577643,0.09741247790735531,0.15008752316983875,-0.06612002254692995,-0.039539924347306465,0.1262778022964968,0.29088320488253466,0.2958322167723333,0.1996018414402063,0.16604988468237428,0.24015574228120826,0.2776991515878021,0.18857235566860558,0.2264907679404866
0.018745471285879757,-0.0026607163945314705,-0.05044189367660758,-0.03984358452791769,-0.044117253543099644,0.011111373414801682,-0.6702499576610983,-0.49313313724726165,-0.3503360815342994,-0.06549178214470254,-0.040732605020228504,-0.05166747037713698,-0.09361497393903576,-0.0766066108168495,-0.12891748023078448,-0.021243903141701787,-0.007608236092539351
0.04160097737102709,-4.3823256578862896e-05,-0.07077626863449084,-0.08448828787320008,-0.07087431274133459,-0.016131177639422286,-0.40542032257724125,-0.4550304429545454,-0.3957104567656849,-0.057512793452070686,-0.02165293037326007,-0.08345412909492843,-0.08438638458795306,-0.047553537699301325,-0.06776590168529345,-0.04103867111962206,-0.050422133224873995
0.017253542415439364,-0.012979047349512768,-0.07328875687852666,-0.11548391543797659,-0.07143336380013215,-0.03791053662706267,-0.4254607200383599,-0.37514029921252273,-0.34609495219055514,-0.05053682642111044,0.003683005566619254,-0.0855906164344174,-0.05344319404462177,-0.026512312772920852,-0.05560192060989465,-0.01356807771787116,-0.03739543142871291
0.008873233570099273,0.009815504846844242,-0.05053375793102045,-0.019585035171021215,-0.03897287830759831,-0.027818084754875592,-0.33262865915055234,-0.3414148201581252,-0.2746246371329452,-0.06430224175783913,-0.05801355459609977,-0.07470111781063518,-0.08758484576489968,-0.02846131993514069,-0.08865712171020361,-0.011636081429164828,-0.014424728488999063
0.0003656852033890371,-0.016483018331294293,-0.09078368475697414,-0.05980450845433225,-0.04703461760511548,-0.07470220904178719,-0.3092468588906645,-0.3598105897469094,-0.3011043199258567,-0.0847236649384742,-0.05607463008408391,-0.05560085744437287,-0.04553372599564964,-0.026161494335984244,-0.08619246982685233,-0.042055733442703476,-0.04522037832864793
0.0074997431671100494,0.012747467640324497,-0.03973760068457671,-0.06392450421527734,0.015994920672876712,0.0014390167310985762,-0.39007359677267683,-0.37652933862486143,-0.38844619591153307,-0.058216985573279735,-0.03259225411805692,-0.05004322463599979,-0.03992782172589006,0.0015027557954513794,0.005721193318912454,-0.005555180371566808,-0.026486285950077036
0.051159404046367776,0.03234265644959863,0.27211090528037585,0.33742433080323,0.1506401562814004,0.25073606267603665,-0.27878534422747975,0.4328857544891175,0.5126826276543864,0.2835343982361457,0.3132321757715758,0.4427639185099762,0.3901966215219869,0.12182681606807838,0.1398406544884648,0.0036503488693274276,0.03004284608180943
-0.07094401486884952,-0.07485631431195612,-0.19574446439774557,-0.2057177949488365,0.021306134133351102,0.022614214217808622,-0.2538255134610734,-0.3637213570012916,-0.324433654738922,-0.05310575651751485,-0.03820560313803972,-0.04947574577444411,-0.0424420332848634,-0.03619352425379161,-0.035351764457320856,0.04052036140550867,0.04265739991277119
-0.006080227468129326,0.025565543873100078,-0.05162105888837761,-0.03907531346025966,0.014273481782937277,0.0061655703101509045,-0.4947318694850722,-0.4146277525818115,-0.28242627213199956,-0.03811382192611767,-0.01290784411974231,-0.070904888433385,-0.038310070450369514,-0.011504831814129186,-0.05761334237487834,-0.022565225963129914,-0.013855510475618796
-0.06847408268694069,-0.017147425859024512,0.01061175250806439,-0.023904192199586182,-0.01925907855665114,-0.07300376074792476,-0.4281032718796225,-0.39400638957983186,-0.39689776780299046,-0.05286129245049584,-0.10538512269736991,-0.031894894991633414,-0.059957025176470106,-0.12662997473033324,-0.058559590051929455,-0.02268552212344122,-0.05705957853427577
-0.018760538765864775,-0.012496903712711014,0.33020014409444476,0.3682669568768262,0.11091409109188431,0.15686125716580412,-0.14033354764580136,-0.03784536211077734,0.158761321882161,0.2692352721565678,0.2947208441082603,0.21415557911346528,0.1945845266467452,0.2609344161521607,0.28456356624561696,0.20242469854774164,0.20417169786906753
-0.002348876314164599,-0.015355421144730376,-0.06243503416313376,-0.07712496958030883,-0.008746109853024533,-7.741585266294316e-05,-0.3756706116959096,-0.40823073811931915,-0.3253067447921341,-0.06082254252580636,-0.045779473350958756,-0.06321220336000109,-0.08070996321540953,-0.022734873690785865,-0.0467508839820321,-0.017121744126439832,-0.048877665902436515
-0.01187759292895223,0.005575268268828012,-0.035469883823129045,-0.06505351706944204,-0.01734562290259819,-0.03170966654050806,-0.49935563990118736,-0.4965376195560323,-0.35287142317078163,-0.06962882434961319,-0.015230331164980702,-0.0614321126895665,-0.03975274465860478,-0.06009992206174556,-0.06706205606894827,-0.00855880664005357,-0.028963010303035285
-0.02930748756568467,-0.01295636782334447,-0.09698671887722496,-0.1040930758308928,-0.02020961373028146,-0.019209110607031926,-0.3405668951785429,-0.4446106393367085,-0.3201022557982108,-0.043852142246403325,-0.0525901430594603,-0.09084864546422242,-0.07389561567760926,-0.06333644809449492,-0.05747784951045061,-0.0636644656859417,-0.07388716873427771
-0.022482998520052994,-0.004279984178771964,-0.03912943884861705,-0.03160784678891356,-0.016198804951056796,-0.012104241694488267,-0.4789822109020873,-0.3772084752392618,-0.23105993864408114,-0.08485662433001633,-0.032668568230594705,-0.07173351954884528,-0.06289788682043206,-0.028624465241166002,-0.03216471802042403,-0.03305816284046986,-0.06182306008761709
0.0281050486525674,0.012252066171123281,-0.028602817624434757,-0.04853414549808602,-0.009110944323709265,-0.004145031860189433,-0.4500601346450096,-0.38225478982014793,-0.3522029956441014,-0.09108110358285744,-0.027462993144791906,-0.0592007559303339,-0.036988541357893125,0.010031555230878344,-0.018798497353523975,-0.027190793348773085,-0.03033653627084368
0.01011538211069434,-0.009522728618696585,-0.02937278147407288,-0.06887628518026341,-0.06013053817778073,-0.057517810731634915,-0.3701510747722458,-0.39510148642128023,-0.360475274273484,-0.07075865319629052,-0.014540164538225625,-0.07254922755408319,-0.046565534111677236,0.0020986489999064734,-0.0041124599211213725,-0.033034237268522226,-0.04256468081114392
0.024970728698067532,0.01657693825286731,-0.0328188700385974,-0.039067358751408654,-0.022605170797999036,-0.027458004722919618,-0.48401968344308427,-0.505424987271759,-0.34986312064554154,-0.06768142431066335,0.013068542897117561,-0.06932926398257079,-0.05756077907654935,-0.02641620443260291,-0.03980247314791796,-0.03329300532014534,-0.014853780210230014
0.012499159856137787,0.03228399413405826,-0.07141535477794887,-0.07385674931013854,-0.026814194952434096,-0.031133349514518807,-0.3748696644832472,-0.44170250304757963,-0.268852051860241,-0.035226252046861285,-0.028764169337620916,-0.029418139261506018,-0.0754435266361145,-0.053717687966946204,-0.05630039300191266,-0.037049724100519106,0.003806703654120729
0.0047372240545772,0.027627183705870875,-0.03496455575807884,-0.03516265192733251,-0.012319869470373675,-0.02564747788227522,-0.4186916426088496,-0.2650077224490922,-0.2454901149704886,-0.044593249245480186,-0.04965672078444631,-0.0557877829922272,-0.05328054661178463,-0.026396961137117154,-0.023351113969749177,-0.03897944223343592,-0.05115167113581286
-0.18412523321957766,-0.1735142334939003,-0.23594683467071503,-0.26328995660957416,-0.05962740112469331,-0.037434210840939876,-0.2627601458722545,-0.34272981558304905,-0.2664004320293618,-0.07701126298278356,-0.056443446226869955,-0.04790364122696153,-0.045654601641469936,-0.0813115432613977,-0.07214796369607696,0.04572907410568309,0.036235260399032604
0.01299139127871492,0.04877883706370867,0.047035479326248714,0.0668290684909551,0.059099810106384154,0.04698255542224742,-0.43429792752435925,-0.26987436736974924,-0.1687951053231736,0.0020247177130319222,0.021057808055858704,-0.002729410747575007,-0.03176892548401407,-0.01830087415801029,-0.02473545716998699,-0.033897438446834,-0.00788443154520455
0.01095546190153444,-0.008121202535539968,-0.09083018822217738,-0.04728652646268527,-0.032988713102313355,-0.03411874128558331,-0.369067145969909,-0.4361100774107785,-0.3353431556159038,-0.0600310711582809,-0.04870765282024606,-0.08620154116836348,-0.07347665066512822,-0.07035837398486756,-0.10017788904482801,-0.030697485997660902,-0.03330081015824019
0.012076132148663923,0.010624462127497257,-0.0039755672664042495,-0.036523317551252835,-0.025906426325375223,-0.02051949811985698,-0.37862786650859986,-0.3374874412130937,-0.30627399069182615,-0.0688409081533025,-0.04978299884840349,-0.07464528709112,-0.02150208782070811,0.009296133901750792,-0.012219369554087846,0.0028596318825675595,0.005076334116560882
-0.03177909133980741,0.015377741939897823,-0.0080492666070201,-0.0472605596223362,-0.03142847472218845,-0.08349212037795865,-0.35908771099475845,-0.33464909290659933,-0.36466677368706885,-0.08824557421002205,-0.0010866059646894482,-0.0788083527714293,-0.04239993922717396,-0.018630478326438576,-0.044989310106178126,-0.036080868160426806,-0.055624470877689944
-0.014428115777940752,0.006215868707327396,-0.07603363481296367,-0.10279864894817306,-0.009848360027083163,-0.0562931023268973,-0.37620033696652355,-0.36571633193068165,-0.3005009977256205,-0.09648645713200386,-0.05998019219847377,-0.06060750659058174,-0.10608700145061908,-0.01315553730975853,-0.01793244613392809,-0.020120163576731336,-0.043630968410705316
0.013725147534420865,0.002697570980492408,-0.0761033095021114,-0.0422216989568384,-0.0650237673706689,-0.011846732821788915,-0.4971044859209133,-0.4005865475418487,-0.2247163303946012,-0.016909952606035433,-0.0301087931416678,-0.05200385834257836,-0.06599162810305881,-0.008495473801382108,-0.07163201178879322,-0.018491664739989387,-0.032061851994533715
-0.03646020021501266,0.04625495581410488,-0.36333727715704633,-0.450242146941435,0.07895054549577886,-0.20223701627249926,0.23763729446012846,-0.4194457984553425,-0.2085782703753829,-0.04638779200494133,0.01325937067993569,-0.01379433258284307,0.06339809658730344,0.1755394738062804,0.11080662241193695,-0.0601026775870384,-0.08425046178141916
-0.017730464123983505,-0.08846010515416766,0.3108205143183973,0.33835368045482556,0.1289695464340647,0.17302525091898013,-0.17148910378118581,0.038677144504086144,0.11190385128731516,0.2638676293849998,0.27995085287072,0.24059366265915663,0.19964025431479224,0.2717190001564018,0.31875174532384115,0.21745334813434358,0.215773703772691
-0.0033926290859162163,0.0018001702125136473,-0.06343305746375974,-0.04408450721043319,-0.002268536044032635,0.029363622273549023,-0.5487358272719991,-0.46828457256093514,-0.2951663960729991,-0.03714950990590667,-0.007693712147623247,-0.03607205591884969,-0.07640171563369698,-0.10167358569336131,-0.0788127378342146,-0.07830903161791634,-0.044643645277968526
0.015353950172806849,-0.007910067920739821,-0.006822297897052065,-0.06288349622242617,-0.0822971881834486,-0.06587543088612893,-0.42392913577930924,-0.40004712915772234,-0.3349199455836616,-0.0666300479523113,-0.04192033640633266,-0.05835578413806359,-0.08397123614493213,0.00647738380795436,-0.041436199315246315,-0.022925904938649082,-0.06174083603329667
-0.04917927106685041,-0.06769821346365319,0.3360384029528402,0.330595311151946,0.14686091317861732,0.14586168417349374,0.026771321967005907,0.0781513795397014,0.12700222031068448,0.3275116504523253,0.2883108628385322,0.23421944580552717,0.17670958896475197,0.2519716698415791,0.28808082484214764,0.18165175307716974,0.22684512898119932
-0.07787857021210587,-0.08496142644644247,-0.21098370806349354,-0.1989739024172552,-0.08341809834987407,-0.033992155769875285,-0.26345367275163717,-0.3922200992148933,-0.24179671332020272,-0.08454382848766362,-0.07136461537717985,-0.07858043255004146,-0.08577613562163584,-0.04723646753938133,-0.04999316024749047,0.024031122000312512,0.002251820783427275
0.02476501387210772,-0.01971655303511475,-0.025035874378202788,-0.048230622427674986,-0.036431969954364825,-0.040095562275818265,-0.3918056922962976,-0.5290942510625467,-0.36515697930686986,-0.039837748102034894,-0.0681446462220092,-0.06982029146052308,-0.08159190849969633,-0.01198730185850322,-0.08058968046601639,-0.0129836913444713,-0.023432275786683297
0.020952938046449786,0.01968762057943826,-0.06867118469862439,-0.05413026398947477,0.0010747647750962881,0.006029697048883742,-0.4593202100450395,-0.3912735505290193,-0.3670529510265951,-0.024220307754823554,-0.024158036911203235,-0.03499912464730765,-0.06804907664883389,-0.042204738206868396,-0.04982131868874271,-0.037608993050860705,-0.06444512571522389
-0.011266438534454862,0.018973117107750407,-0.0565628455311485,-0.08573719958015841,-0.02956510279620718,-0.03983727901259035,-0.4075343836395606,-0.3440329374383791,-0.24225016412022066,-0.05286129326508006,-0.08170511082416321,-0.08516949398943116,-0.04442972295515072,-0.037948610660318155,-0.04948786425190558,-0.022465025550874547,-0.04095753420076236
-0.2925259950253148,-0.29336043677553975,-0.06604939292404957,-0.11886914930502544,-0.1875933912727172,-0.138937874057765,0.11574619425064182,-0.3058922116703269,-0.3257787896187813,-0.1701909937151787,-0.17767923015358583,-0.1122195808270397,-0.16017899134275046,-0.2294589554190957,-0.24252783762412464,-0.1400751903080644,-0.12553288242689534
-0.09233847251046967,-0.1103635475750071,-0.13339611417364167,-0.1272702754950972,-0.07784881739102986,-0.048012925595582505,0.06652847878541675,-0.36216578105354863,-0.35637710733593303,-0.08247709082501868,-0.055327423514879966,-0.1412889794079687,-0.14437206973753722,-0.06684143748136263,-0.09953269675796429,-0.022776217304439277,-0.07055315905881379
0.03345691182552479,0.07061299192486015,-0.09046449188767922,-0.08503140309430353,0.01888809293631185,0.0055546173491156856,-0.6006479284256141,-0.46229750330126546,-0.3170702233860243,-0.06864679385509231,-0.04134603736168618,-0.08018543789322789,-0.05971244411969417,-0.07425235101410453,-0.05459387769572274,-0.046106427109431636,-0.042192247040517765
0.0009043047834164985,0.00839826460613427,0.03415986903782017,0.0042512583074835126,0.006212803801327099,-0.03985929539233498,-0.4141750528808881,-0.2623698490097811,-0.351996459843418,-0.02736220679269063,-0.061628473133876,-0.056705024731456034,-0.02997520763527719,-0.06177360715695325,-0.06261299208225209,-0.02940782185178779,-0.037044758227736105
0.017651622804997588,0.031954410313214415,-0.034893387575077324,-0.04669373245385038,-0.019455659995833985,0.005454314917944284,-0.4527531672019143,-0.40922748091148026,-0.3819467483008928,-0.055991163807766774,-0.025874971877980782,-0.05107418030520063,-0.035814601470693146,-0.04795389813581552,-0.052772392981448236,-0.013628893365679108,0.0033648434487704984
-0.010384757136406221,0.009095355877938556,-0.05407091958084816,-0.06745298385319133,-0.021729465784600624,-0.00966346388177638,-0.393728099609018,-0.370261593775071,-0.2964119156926907,-0.031847556957392435,-0.06127197690970961,-0.05780062015841864,-0.042741754039893644,-0.09003883006153819,-0.08276735372955496,-0.04871012699415942,-0.04289464137534147
-0.0056841672105851365,0.0030208715055107835,-0.044749535166255384,-0.07200415656889783,-0.012848871253356507,-0.021986393360907006,-0.5522114823265929,-0.3929597461806321,-0.3093530769260822,-0.04007028066144432,-0.04049039980434933,-0.07162912472239946,-0.06419372632980937,0.007015066145751429,-0.07132282913140021,-0.02608328694143435,-0.055918713717202105
0.02068956658057402,0.01663483008061374,-0.056638165552291724,-0.05964491588925258,-0.032755387920663716,0.0014884336127697192,-0.4583175338165406,-0.523466758027503,-0.34392229421066,-0.05067782080002148,-0.036536989178919094,-0.04694547233560648,-0.04983029572403438,-0.02280716125924825,-0.03475070428717942,-0.025986466832241407,-0.020528776858613693
0.028839724037156494,0.022036476174104536,-0.031052285700883062,-0.04655020086708028,-0.03316061080817873,0.001702081742959852,-0.3561084568439165,-0.4735792364637511,-0.29776268333751416,-0.08879438511369506,-0.030205938176720463,-0.055497254544783194,-0.053436049288798255,-0.04812455282365154,-0.02250643618131871,-0.027722275201642693,-0.03827376524687973
-0.013545445922693387,-0.061977548597549614,0.38449256322633646,0.3748619490881755,0.19656659490302997,0.2101318596866452,-0.1079854317172676,-0.03688963187495335,0.06680658301718599,0.28535182316932284,0.2942526097004251,0.24304233703803726,0.19041208557483844,0.2627408227071473,0.30988335545709145,0.2260511248755355,0.19964425255506377
0.0031995196349429824,-0.0013437001211173843,-0.04510023795623563,-0.05321800930010178,-0.03618362333543629,-0.01714092648079124,-0.407114616163609,-0.3616931882654041,-0.31953919067130954,-0.06333651919107305,-0.02513467560242277,-0.035419840821168044,-0.059781212344472666,-0.005563726461383189,-0.06336038919341937,-0.03597951649160808,-0.05621449408445552
-0.005382175055518694,0.0422958500049209,-0.06293119810998904,-0.062141396397957384,-0.044438347002702445,-0.018001490210609542,-0.45084281506220375,-0.459907278064106,-0.408399589324453,-0.07419880669515407,-0.07381158869528447,-0.06110543299889724,-0.04781430976914907,-0.0521489705446447,-0.063688534952617,-0.01926336590977192,-0.01656824007089537
0.016732751903269123,0.029767723884494605,-0.039700453747248114,-0.04699336578342219,-0.03085589081903065,-0.017545430151483764,-0.3912170342098315,-0.34235574541943287,-0.31353375359024327,-0.03663959489588883,-0.011036893405497942,-0.06084938011771087,-0.05037515530906093,-0.0031020072669189444,-0.04847465450509814,-0.013642609187769274,-0.01951165650982337
-0.02878528398034294,-0.004022901432340869,-0.023720235147902155,-0.05594519090700463,-0.006146320705244953,-0.047335294957560614,-0.43588814881174964,-0.3495586424574015,-0.3393472168901132,-0.045919732697367634,-0.07814134661678623,-0.04946700662825835,-0.029614438240280507,-0.08662991852810753,-0.01994155798729782,-0.015434633241562782,-0.030543428099823838
-0.11276948002056511,-0.11000255628419059,-0.1575320851567188,-0.14787707263987998,-0.1668712611777378,-0.16257624034638077,0.09328226738469611,-0.27568485941017307,-0.19538824619666156,-0.12958299670046425,-0.08188266916733608,-0.27342122101694355,-0.25968796891718615,-0.38595024085463714,-0.4472209139481757,0.04849706903015733,0.043385046866174636
-0.02855470386563294,-0.048153300742810705,0.33925579023115215,0.3645534591673445,0.07069423233942217,0.10322984987637386,-0.11197639295097467,-0.007807050957967592,0.15658120789854998,0.28263409552221613,0.2916838219786427,0.22042905028548257,0.21765884196574972,0.28104344873039694,0.2817503668467686,0.24335096689410862,0.21146654094263506
0.05249791257725167,0.02551813975392251,0.008140001500351489,0.00040794233180167425,0.011552107835109711,0.024850593530723435,-0.38297392898075727,-0.27191204674651026,-0.1880318018331638,-0.050765543628326575,0.010623546721449044,-0.060477905802128175,-0.036907157560480124,0.006764470992595168,-0.023876248524530574,0.0080720405677445,-0.011845807867322134
0.0040286641025104345,-0.022409143281387055,-0.05304757035923699,-0.033801616066275915,-0.08542357564301996,-0.051435188978429795,-0.4194641841377089,-0.35938771376239215,-0.3780319105713702,-0.04485117173762118,-0.02863254382360733,-0.0621372257307173,-0.06529256878933382,-0.03407243122645135,-0.07240823450587541,-0.032394734531525436,-0.03597903236750989
0.009163891730045018,0.027064619914042572,-0.039687898275697596,-0.03733580768236192,-0.07949220606474065,-0.0343159586485642,-0.3962173987012269,-0.3070986340706357,-0.3070864775073082,-0.08211895553580796,-0.03965957166323439,-0.044980578229711965,-0.02938193934460391,-0.0045947782387567426,-0.0383377271994477,-0.02863070602532112,-0.038889942012454985
0.02381531792748537,-0.008349971673511817,-0.03913112590887613,-0.055609093799087864,0.014988684361660622,0.0027871548785402102,-0.5370538173738211,-0.540762198082075,-0.3977358749797858,-0.07009988446851782,-0.02203647252630347,-0.02377139220862237,-0.0730894102481416,-0.016150694087090946,-0.05640544444205142,-0.010557564859612687,-0.02476035576714217
0.006607419407342636,0.024395264307829907,-0.06915088951750671,-0.08322976594553642,0.0012793440260658365,-0.003521479417404876,-0.4549716898228,-0.39819047187356627,-0.30340956229610266,-0.07481031655523615,-0.0620397816691938,-0.055594770631181956,-0.07314472199137076,-0.07165385278610982,-0.10826138781459035,-0.02260168190258854,-0.04217285901296329
-0.1087937185811925,-0.08640794326813062,-0.21147160544042679,-0.19771257836399073,-0.0716828301132552,-0.035035327636260626,-0.12740304575848002,-0.3673010227640524,-0.32393718718757875,-0.0962252358414853,-0.0604739854811674,-0.06356594365950086,-0.0659933881415576,-0.07171129302485636,-0.06371703020790351,0.012938468271861656,0.004695214750226482
-0.11851130556155687,-0.1396295385332924,-0.15399198420879645,-0.06889601346134834,0.13298577992119504,0.17409460706081586,-0.3187911201444543,0.29772892434846077,0.26602798650353215,-0.02905273640976494,0.03962812661145045,-0.004852533284357888,-0.05234060198372592,0.009618522814014643,-0.03839598983111973,-0.03283349483727942,0.010067275132297031
0.046169871161090774,0.0039671207800561535,-0.004777519317660537,-0.0015886739356620312,-0.017399480476753982,-0.03522725048043549,-0.4269561494709411,-0.40255707283694103,-0.3467040149240944,-0.08240691144425298,-0.03203581710339897,-0.03311287117918005,-0.02663980821760516,0.019120917852676656,-0.057140754055252346,0.006279852079504139,-0.008998375577426746
-0.14835863214674108,-0.1581696988215857,-0.17705238349500366,-0.2267424662259177,-0.0707308874641002,-0.04957502988053882,-0.20919828602055715,-0.41033299840914556,-0.30507740373915254,-0.06676066398313897,-0.05978904651138391,-0.06556138323279426,-0.0739654506293744,-0.07586245727900756,-0.09034405762761513,0.08018145608572777,0.05301771438181614
-0.025664696677530203,-0.009928606441016674,-0.07486945473892714,-0.05009448929980772,-0.08316764780323187,0.01417163490365264,-0.542241885671434,-0.5368182035114893,-0.3160637116153022,-0.047262179933321,-0.07711065139151914,-0.05814462536737256,-0.06313862095872813,-0.1148642314099349,-0.08396126725628103,-0.026820021918951806,-0.017637749812274377
-0.0014627630656347502,-0.00970142978676928,-0.08718905180244199,-0.09163010371493581,-0.010642316185333544,-0.010227711100290358,-0.5637910866399702,-0.3779647246457437,-0.29010873827885586,-0.05344652553568698,-0.026886947364049847,0.008296744468106737,-0.046902050781027896,-0.03507401724156622,-0.044051085234288904,-0.04981991197904931,-0.04144971973720749
0.011524094225880292,0.035086876198339355,-0.11644211426731592,-0.09478660811214129,-0.0822173075584318,-0.057748899266823424,-0.6197826539027503,-0.3636915701488657,-0.23828703368618462,-0.06106496713564198,-0.06564054517237265,-0.0776190347766854,-0.07678648716555209,-0.03671498555278813,-0.07098649385357518,-0.007886072815944823,0.00611350811589201
-0.026793207560189436,-0.023078479892591427,-0.03408995169075907,-0.06363466093931859,-0.01568999923120007,-0.06211758807925994,-0.3332126474035618,-0.400222647639179,-0.29439022394116926,-0.05562664137615117,-0.07920935420418629,-0.06439179406355,-0.04247151718740622,-0.10817330011983783,-0.10066130163389804,-0.028261256795442752,-0.04201668104611477
0.010130770393803548,-0.004017187520179436,-0.052574867983982705,-0.06979454187779606,0.043998412758619994,0.05342179598598679,-0.5058015297819647,-0.4946328991704358,-0.2801512147313876,0.00793378358411898,-0.023567172597236622,-0.05288648406490723,-0.06415876374202079,-0.10559640919945801,-0.09521610815977924,-0.03117560834647269,-0.03782661450306686
-0.096814730888368,-0.13246875899847643,-0.22141229556103736,-0.16472004129251583,-0.023580812921723166,-0.01657305990113197,-0.5550697367248627,-0.4703128805392284,-0.08714979540218581,-0.046074535942505546,-0.024557689010971263,-0.18562395146878305,-0.13645817970296567,-0.05656755506769134,-0.10270204984718408,-0.043533437809860576,-0.014985638344022147
-0.24860420030735306,-0.25915135727921573,-0.27380953901744803,-0.24915948659867077,-0.15150238340877684,-0.10765750543239425,-0.22102144857262007,-0.4675208378532905,-0.3289544628089413,-0.12233289930995517,-0.12966537485867494,-0.09538846155095003,-0.15534823313981588,-0.18679586394335057,-0.17206700615837486,-0.002814430036372568,-0.030878928677763547
-0.07769963809446653,-0.0917654728394135,-0.17680250777025774,-0.218035586120672,-0.008373494570421278,-0.02057675305671075,-0.20707012058616558,-0.3119404611236457,-0.2815784124170273,-0.044010183953819226,-0.03681786978113468,-0.05881890993185484,-0.04704265247551332,-0.05207299760529047,-0.05772209145592527,0.0248693947110791,0.020112642313810915
-0.005621776925736922,-0.0813545814399795,0.2952775203563786,0.2993995236661654,0.13070253742421448,0.13430608625918708,-0.20588547447913486,0.052591889908407914,0.1738846931110539,0.3421461825487985,0.2925389502715166,0.213250209125389,0.1852503008403715,0.22787037641592073,0.24774351974079822,0.19852477522397177,0.23925829730465667
0.021947703877481666,0.01404245103388832,-0.060455944458027884,-0.05497755044988655,0.08422890997428696,0.06581164176850154,-0.4949857407536432,-0.37684757459053964,-0.31846595168342895,-0.03444452120939893,-0.021573575276669248,-0.04413037513333224,-0.036116762500933666,-0.043767312769530865,-0.062392600120380275,-0.026304654360177412,-0.020788365262851664
-0.05392229374234834,-0.08335979865845512,0.297901217084947,0.31000292645652205,0.16848284807280256,0.1362297014951207,-0.028794316657659413,0.06139195837377979,0.10863740246667895,0.306263960464637,0.29349589051558195,0.21305260624681294,0.18935920706929105,0.248492736464355,0.30475399728160585,0.20424664537095713,0.22683141212721708
-0.04849104820720863,-0.1220424407545135,0.32532300559282623,0.34945852580777126,0.14268503337990404,0.10590267645493327,-0.11804884483882672,0.017722255157894207,0.13667301918399904,0.22974455761303356,0.2501737233886283,0.20164290997413395,0.1626397088885178,0.2813185723674649,0.3088331186110916,0.23078888643544698,0.2111494853984898
0.027763877843407433,0.020449008437371567,-0.0680806521126088,-0.06479732737993031,0.013400460672247289,-0.004514041776920082,-0.5582952064570732,-0.3647808164536434,-0.2334610578279129,-0.049316687146885065,-0.030128903438387245,-0.08516596716900782,-0.06213636847795748,-0.004851077257986482,-0.05864726060878048,-0.021555671670881314,-0.013294592004466452
0.00443488929906432,-0.023339354048098154,-0.13945721363421038,-0.1466090515121541,-0.0852652150808112,-0.051464377557045526,-0.4483699825312408,-0.42135471567820887,-0.3277905138833023,-0.09773836968130306,-0.08767448657383693,-0.1050434254321963,-0.07069887958778165,-0.057828252827706705,-0.06310218069697704,-0.05431699464420289,-0.026658209606153786
-0.02624545215626569,-0.07225020398426979,0.2980413485934781,0.3481714096613607,0.14563593216238674,0.15640127255652844,-0.13980188632654303,0.02966017939380011,0.10468117533940594,0.30008788987595175,0.2843025213267859,0.21197016461662382,0.20379919034700572,0.2822791987553876,0.2700662787797044,0.17240381372394536,0.16661151734371402
-0.010420165115980956,-0.020303976277142623,-0.036366363698289224,-0.05767685083269752,-0.053553613496586605,-0.042187757878636906,-0.5215426838769404,-0.4466530192218626,-0.39490168600723136,-0.0771645556885283,-0.04271935193342329,-0.07139741284425817,-0.06452679477210613,-0.025821895161927705,-0.06067169934639438,-0.024169380707009858,-0.045539248060403624
0.010666746641442362,0.02950079078079836,-0.05580203239330174,-0.0486398778180951,-0.07162953463329369,0.03426360141017668,-0.5873348558711665,-0.5846274923069382,-0.40089821680176624,-0.06602426505546212,-0.04947198587167504,-0.033791740442888574,-0.07161764076496092,-0.08624973549358113,-0.10640138205324964,-0.004252020146464952,-0.04206793278524715
0.12462791701773716,0.13888259342754225,-0.019510227492394564,-0.031977678329471536,-0.3381512948448983,-0.20230150861179017,-0.21906289190431688,0.12210892990505061,0.23578774994444518,-0.03190429374906895,-0.021679519120690494,-0.09858897838928303,-0.11902945795511682,0.03366734612269837,0.030427045589623843,0.2978918186708611,0.29133987060849237
0.03559031469912737,0.024687522686414467,-0.009604339798100214,-0.003910984834037834,-0.04118197407713214,-0.016365542858166427,-0.4660471779675084,-0.45833039507532,-0.30559905938523535,-0.06168848185753806,-0.030397751527826238,-0.06993024959789362,-0.04800417818976261,0.003596292804179854,-0.03867032187993798,0.018671899574854423,-0.03686248931104114
-0.017781550724995356,-0.03151013852046281,-0.06508464889939303,-0.08628228320935034,-0.03630181202562092,-0.021444704873248174,-0.4861614063800126,-0.38234426570393715,-0.22712714433732206,-0.056728619920136766,-0.036100469763009645,-0.02852952628855315,-0.08101980301781442,-0.05294392793171271,-0.06006399072732082,-0.04510976833262752,-0.05059703350925952
-0.05019546017226063,-0.11142245788565211,0.3032248742571779,0.3199981068382547,0.08881784086483095,0.1447873392034526,-0.07936460609321114,0.027889140927595302,0.12136724246523813,0.2619762105296414,0.28601409816270473,0.24543358661993367,0.19352524740297963,0.2893503767792461,0.314100315851029,0.18540695881996413,0.18630207111182254
-0.013087381671042396,0.028794236849097602,0.018220715798748455,-0.01201411658934816,-0.016828295675581407,0.007860225154953732,-0.38827679422782463,-0.2918922651589599,-0.25951950972250126,-0.014569687958105572,-0.04271697831687664,-0.0397280859175967,-0.033613601248897,-0.0347821929747806,-0.022086578282516384,-0.038369833286003366,-0.03537382018385086
0.054818768675376384,-0.024981622321375175,-0.07924996998076898,-0.03776685913339699,0.04265451250597663,0.02475173711250749,-0.4407946208434683,-0.4477553664923612,-0.2008566595918245,-0.0661416804844691,-0.023399757883919153,-0.0546784134212384,-0.05294436055578201,-0.025392988506260216,-0.07635506977622893,-0.01540789953028381,-0.00034067984594764536
-0.20253024552999302,-0.2197478372675672,-0.255019173080389,-0.28473901091574194,-0.11161156531364282,-0.06298942240907175,-0.34734293872143507,-0.46030745539234624,-0.2998134711935955,-0.14784642782664126,-0.07341751504701317,-0.13227729410957867,-0.13258810026678539,-0.12798640809432762,-0.12357836372948396,0.058858879488474604,0.012596470305950382
-0.35575961537033773,-0.4323831628025358,-0.1425525419548466,-0.14589512037693503,0.15819546645883867,0.17069055491734803,-0.34921004169273734,0.3525597110885022,0.3396968608696543,-0.06387646611221132,-0.011051231808609806,-0.00012857368748632827,-0.043961099137095366,-0.00821709655433596,-0.18353025103145773,-0.3700197097866798,-0.3044741485226521
0.03406966948189964,0.045285172540801576,-0.0485518154333743,-0.022597087312982246,0.03157324971748166,0.015363721525294983,-0.4580683902842496,-0.4323597455503199,-0.3320268127810251,-0.018962375799941405,-0.025971304294229197,-0.049919107080181595,-0.0754082492211301,-0.028508077036797197,-0.0496062446503574,-0.02141688832909308,0.006004407588358811
0.0009657290894182046,-0.006372814467063167,-0.028426733170189816,-0.0677269137448835,-0.03889256710806199,-0.04238955322789079,-0.4435570364583755,-0.3541514131325427,-0.31555634517773673,-0.08904084948709767,-0.05444570795022428,-0.10254304365045956,-0.03613013607000706,-0.04015264409926707,-0.015936124263373343,-0.03686503414181629,-0.03741634223301708
-0.14689983277631333,-0.12479962794423327,-0.07371848554538954,-0.04356690635114787,0.004450546149053298,0.05096279666856334,0.10916761359067376,0.13431962624761953,0.18281561037785063,-0.004509569629530735,0.09894396922777235,0.02729320024513754,0.031897507758883344,0.07620278961589447,0.1249755163362064,-0.41087690830155166,-0.37350419216887587
0.026158085779184603,0.014480242659333113,-0.04195718370915703,-0.06319505675472778,0.027287315209093648,-0.002124026619455944,-0.4011191824828388,-0.3635403704865082,-0.28215340867877564,-0.04012839249435594,-0.012898476366645494,-0.031219559281375174,-0.03770075772970338,-0.06817725559576805,-0.037165619451875645,-0.008364765517767065,-0.015446141960699144
0.0018113323066546608,0.010649378064439871,-0.010755036537695491,-0.037718213247227794,0.024677765357621225,0.014788185429735796,-0.6796711409910098,-0.38717774677861067,-0.360934658714294,-0.048149402320534454,-0.005250904807031598,-0.050762418427937106,-0.043999469930768254,0.059486027716448245,0.001112620401153105,-0.03490256268946757,-0.045698181611903387
0.0027776380667499227,-0.006207474172861285,-0.07027626381563355,-0.03889582817453323,-0.037172249090374865,0.020529531889367382,-0.4512362062913583,-0.35125227417842714,-0.3894328602419215,-0.07349470574434665,-0.04816585502600292,-0.061939224561586695,-0.06986621863890043,0.004329133039186752,-0.051860611490434194,-0.042758609777245535,-0.023696146413282302
-0.030755395175080538,0.018143209450678432,-0.06687978631015677,-0.04695913771263879,-0.05271752152481437,-0.01288739427987689,0.08247472124840555,-0.48039667915700096,-0.3428341353225161,-0.0944227680314944,-0.0628421025350525,-0.0812472939040369,-0.0916333080405268,-0.06105062366330305,-0.1267622645756966,-0.20260227329828165,-0.24044586508672694
-0.05959666412651331,-0.06420892525836275,-0.1617762316762922,-0.18506938749456153,-0.03487369338622104,0.010159446929131939,-0.2679822628948673,-0.28034110598872036,-0.23907455411679898,-0.11747887537205372,-0.03970943288671704,-0.05282160743865755,-0.059001278321917754,-0.007848985817187445,-0.04725739872385615,0.03815917692790435,0.038168697147929975
0.090361235119238,0.08393197199147463,-0.22129628980454114,-0.21701738933545484,-0.0613956253692782,-0.01070648291310853,-0.5320200628430634,-0.43756575275431686,-0.43142865036718653,-0.044371510652438155,-0.048356217654763015,-0.061671108357124686,-0.05382216824537895,-0.0777680360693721,-0.06362271312804066,0.04405207180295549,0.028829619671259694
-0.008895228055009289,-0.0367333625093304,-0.061951692410801874,-0.07594154574366642,-0.062068733008747,-0.016405525493498403,-0.42044846490108595,-0.4192241227040583,-0.3345775973549155,-0.04618127285214621,-0.04825171257679919,-0.05479241439305024,-0.03704255867290885,-0.06757171387984443,-0.08437633111552155,-0.07357332363867479,-0.07601974811388935
-0.03671857995292729,-0.005933666822014578,-0.04046435245876495,-0.05510878531468747,-0.061178247897834125,-0.07196849947607689,-0.3764490410250866,-0.33734933467607287,-0.40280747892176194,-0.07024379747260254,-0.06871531350355498,-0.08519364484138574,-0.0371509609072072,-0.03259790053083245,-0.009146838948864986,-0.05154041467667806,-0.05884600889836068
-0.012403408891597347,-0.04713959202732785,0.3281736770990728,0.34953012622710183,0.17421814276796213,0.15735540386007354,-0.14353147989034382,0.05638425139868315,0.14599364856629837,0.2799096044844343,0.3223236066044609,0.24703643161099248,0.2055884809990635,0.29704566273421623,0.3466708740321937,0.21745225605945764,0.19505489044130764
0.020283001894053687,0.016253415654146067,-0.0719747902242366,-0.06432441448057391,-0.021046202160309013,-0.012668864533316067,-0.5039507668455944,-0.49734742264758675,-0.3958460460343194,-0.05321796909939635,-0.014373022802136287,-0.06740891312306667,-0.06445173428158056,-0.012840187235013888,-0.03953872490228246,-0.025492672530078496,-0.02865980627795254
0.022857060448889212,0.004055128483696405,-0.02455402353289961,-0.0730917436542625,-0.006361827515309975,-0.03572708877463993,-0.511393596564129,-0.4191773243887736,-0.2732512985376981,-0.06676264840996508,-0.049259719414403665,-0.09115714869917727,-0.08568917955280295,-0.023600338703223915,-0.048194319050719324,-0.05455282211654728,-0.02497523287649414
0.008615638859103969,0.017934007732031118,-0.07957333285354139,-0.06897954524853626,0.06139867812802028,0.04443571065137753,-0.3651774181929745,-0.34103467980107494,-0.29748275755714965,-0.025464014839816525,-0.010879500060877258,-0.0414747028236537,-0.05849670877654332,-0.030925678028923237,-0.03706075840152544,-0.022271142963938177,-0.028122251898843837
0.020184460033279044,0.01006787963954273,-0.037467175996214595,-0.060221768260512384,-0.008468623546554076,-0.0368665064378713,-0.7013822087532722,-0.37367959961684366,-0.3637887764353912,-0.05781909365230569,-0.004348509221341658,-0.06515962488495097,-0.04340694368799295,0.015892345109197122,0.009942914788113075,0.0029470661202226794,-0.021693980511984193
0.00914283403632107,0.03130608794989212,-0.03251618114593808,-0.05085421406658954,0.07426415541245111,0.07378234619227833,-0.2908274368633779,-0.25229203587966115,-0.2765437430273076,-0.02028657208440184,0.008858914002335738,-0.049891961569829224,0.003521598619414384,-0.037814972043909156,-0.08452795485430864,-0.012634503021227164,-0.024653737407561497
-0.04320776762772559,-0.038623442977114,0.3468194999549213,0.348332472925077,0.02860041224690808,0.07318272036895089,-0.05146723341470871,0.022516332647984517,0.1336444172629437,0.327697658362429,0.32945176441029916,0.22748997816190172,0.19170071613587103,0.3278362845238781,0.31080169926580326,0.18974057554530574,0.21979215047643155
0.03164888003321381,0.014626364079425054,-0.04942279661279392,-0.05080793507894251,-0.04984232976791372,0.028471612478786434,-0.4612312032059508,-0.5542018193237215,-0.3894919056670187,-0.05489401615431138,-0.028190791717133918,-0.010422941140845115,-0.05395998010439097,-0.05261263979673852,-0.11266807678650155,-0.019459882717953344,-0.03203715227589774
0.018938817463224806,0.01415616036581699,-0.056892879677833845,-0.03623318211224676,-0.00901960279182199,-0.033978580485995225,-0.5249111759818568,-0.40264612144497514,-0.3012152234477552,-0.06221046887981401,-0.05160598692162458,-0.06950595141428333,-0.050214236068224394,0.010335473293975102,-0.06995965640723811,0.012790877463473252,-0.020560184840338256
-0.07123007770536686,-0.04398165856635512,-1.1198975099921755,-1.1638475970979112,-0.014509192387492043,-0.03655320510770501,-0.2675070622079528,0.5728333831677104,0.5429895976349148,0.04938719055248245,0.10715989004691501,0.2299418373060648,0.23734511424138519,0.17996260303280986,0.26513762167333166,-0.12655324023440503,-0.12547811630099573
-0.03067136824386413,-0.05866095189608017,0.33526331580299656,0.32808362287030723,0.1165439682417332,0.1394450526574939,-0.12032442071276225,-0.0006274758179220304,0.11514776374554732,0.2777773060586449,0.33952249950866625,0.2226467688932238,0.2118777746233859,0.2722177946026105,0.2768221786601167,0.20269620938838104,0.19623856001050488
0.05031410273423248,0.023545766344550932,0.026391876291117358,0.04105098130203687,0.014732157831582044,0.0553627551811117,0.3270568107654983,-0.22067902136079784,-0.2287005381944467,0.031286712383817306,0.04728374755650969,-0.04222147005748902,-0.030571567001693147,0.013882088644418415,-0.014637407003146561,-0.03044963371610313,-0.009374238927059311
0.019560279236498026,0.01933610399956815,-0.06939856601693556,-0.05008713811713011,-0.07876936135969059,-0.008704113796774132,-0.4695856247356123,-0.6942680995087982,-0.35999055235214333,-0.060769699768610685,-0.022798106512248888,-0.00805685104982422,-0.047828825073353336,-0.1145747055240303,-0.07148888531826221,-0.016258827094551283,-0.01945770766673938
0.03486856007955607,0.020663661645762516,-0.08846587055631605,-0.06021434684182625,-0.02029479775765502,0.010787106854662994,-0.5768199028505162,-0.36163572754304196,-0.3544270299015837,-0.06031584005264338,-0.026870174527892407,-0.03552094965733616,-0.05061478126916556,-0.04826987571447265,-0.04121606050728162,0.006259723989839543,-0.030825325049318612
0.0017688847280411591,-0.013027671430916283,-0.07482795676670796,-0.08872587116676334,-0.069894584881577,-0.07383225600537326,-0.43429939575587206,-0.40153830247002065,-0.30179819924136664,-0.08067859410242233,-0.085497218548747,-0.10884572617175134,-0.0698041837223115,-0.05502816410194564,-0.13626118444064977,-0.05481519065260536,-0.043524437620690005
-0.005199857311657225,-0.010745957390428584,-0.06664165372925249,-0.0427280473890869,-0.01603866811273023,-0.028006919990953356,-0.44028153621404187,-0.24747636095441614,-0.27273928569990086,-0.0402509864873412,-0.016122652012120542,-0.013316458760768013,-0.061330774840728706,-0.05675573611774893,-0.06697168551129218,-0.05851029269072594,-0.07285237996425438
-0.23073285309445898,-0.3213099905333761,-1.290281966743899,-1.101229377628769,-0.5842041319045553,-0.10542756701459573,-0.3424822804214756,0.43383464013028533,0.5145758857531735,0.01312159602934788,0.038644991940737894,0.21435492379219434,0.18076390877625767,0.07144598052825554,0.08698232131788128,-0.5000545512351485,-0.4071483827761739
0.028376722988148213,-0.013005708932129875,-0.05441860922569549,-0.043205421726502546,0.019910415667115884,0.008412701452705207,-0.40970848422802575,-0.30475880951518514,-0.37842832041630237,-0.037040896647936715,-0.05779933312696254,-0.0973404575197351,-0.05046460082720519,-0.047948928554343226,-0.06545802256290548,-0.03336993542882927,-0.02591972255150015
-0.100078392100878,-0.08042130411684832,-0.15153595630474784,-0.16375001839511652,-0.07477199245821292,-0.05746090036023647,0.2112291094095466,-0.47591772551663225,-0.5670692001160916,-0.14980438590878703,-0.16718640177148544,-0.18295300260732664,-0.19829610875558576,-0.16699607517195947,-0.13456987833784728,-0.6111133833325959,-0.6516540905852674
0.04499125385418478,0.031601803342205935,-0.03716045191551982,-0.0750191491348317,-0.06137972401834719,-0.036970901937385975,-0.4566757105793676,-0.2929613996892481,-0.30136535388381863,-0.062020393322540536,0.004757682043311121,-0.06749512668396888,-0.05241381648317158,-0.004635711806102998,-0.0407210863300057,-0.03904607118841085,-0.0523460818900105
0.03642729565962766,0.027161886381329492,-0.06240638341164481,-0.03285350936723847,0.061021265315676844,0.03290209520453405,-0.45370339632956747,-0.3178957899460402,-0.3069374074734517,-0.0025225055170503535,0.006624678936972423,0.005344551700966652,-0.051409677709746845,-0.0484158926886948,-0.047803693245157965,-0.029424323718163732,-0.015086337554427764
0.021805115145903785,0.009779530390948464,-0.0784784225151968,-0.04572206732477768,-0.006327696285530934,0.006334592852993838,-0.31180027601082516,-0.42910583008531616,-0.23888587684023588,-0.02002736738402104,-0.052535700427751235,-0.04118613177445032,-0.058531618358232534,-0.0844458438749235,-0.06381529332382704,-0.037279554168202604,-0.02042986536165854
-0.01061207516714656,0.0022055843603437453,-0.019810880100275104,-0.004054422909582491,-0.026598562581721448,-0.029853263641262492,-0.40509256123022197,-0.3888642948250126,-0.2836482552173367,-0.01740216882350938,-0.011427272754440918,-0.04935146403652972,-0.04958457108849377,-0.023843389083133156,-0.04019516242151205,-0.025954742297831512,-0.04051526383075081
-0.0814221429268161,0.04695531277044417,-0.41599872595889237,-0.5281719373984303,0.08197319885385687,-0.19011638918161733,0.12188664274044791,-0.4592014502592565,-0.38569570440882384,-0.11286897326799153,-0.017111883408590472,-0.008405864347267682,0.044020300496966466,0.16870962740075146,0.05438647632976031,-0.09082368390437373,-0.07228981395761973
-0.006547579092324079,-0.023864137597111812,-0.04793105679960841,-0.0677851049499185,-0.06448997440511378,-0.04052246557439545,-0.33710880385321196,-0.4091924273406978,-0.31854081079381436,-0.055891542890261305,-0.03917589739923163,-0.07859914319279056,-0.07690835468776504,-0.05702514421158622,-0.052336224066205174,-0.03683674512472767,-0.046686243965773214
-0.12163940931356915,-0.15814854969837927,0.0003381023166192297,0.015891609324911356,-0.03657922342647459,-0.07264956085083585,-0.5074902528989307,-0.43499336002658295,-0.37118989241538053,-0.06952656500878737,-0.040999082021360246,-0.05868670192902997,-0.08571937980711808,-0.02914508150453225,-0.05057980989418953,-0.02681977417271683,-0.03427279476245302
0.027690603902800953,-0.02604024703680094,-0.06942810136173576,-0.06843058473625405,-0.05431959736840501,-0.0548215894066831,-0.40829654280197636,-0.450726324211937,-0.26160528031193775,-0.06404567950224807,-0.014883645320175323,-0.08158535049512088,-0.06426811992902279,-0.015626082878605767,-0.051082283448300125,-0.0331551917249526,-0.03798352399118308
0.045813141237491334,0.04285853536108202,-0.04325744835368457,-0.053297763590137874,-0.13560608777693775,-0.021005580597608358,-0.6363245621905156,-0.5118012700608943,-0.3302294650276279,-0.035282409465892235,-0.06311746055995286,-0.043610853174980826,-0.06512078545662808,-0.031021669688881433,-0.045373502105882514,0.20163558548716118,0.1924234464227212
-0.024964098336286954,-0.06443805145743965,-0.09666849008846734,-0.084028215140709,0.003350538889963363,-0.029640634634221615,-0.44529927147437265,-0.41905340722690265,-0.2509238980729817,-0.026399960743186117,-0.06313979905516079,-0.04006746700698522,-0.09981016818999773,-0.07856141570177816,-0.09756970352027075,-0.05882636156001862,-0.040026002974058464
-0.06581932911063842,-0.022731952607434637,0.3007708437406781,0.31089909450190917,0.1148836392942927,0.14326387217738512,-0.15832862950576823,-0.01307787539532021,0.12371800076022799,0.2886564333837193,0.27881896481637963,0.24190225020983627,0.18074551942788408,0.287522271748198,0.2914903684037345,0.19758625845869549,0.17832067335790658
-0.005888774850691249,-0.029732324686372966,-0.03105344215864209,-0.06301479026569934,-0.07593078470074666,-0.052491520436068195,-0.36804150579304384,-0.35575500359638523,-0.34734693142922907,-0.07799720984772789,-0.01965667300490023,-0.05189706670851416,-0.04694977433539993,-0.04908884304634363,-0.09255073854832892,0.00031987885894469516,0.0008462850617851268
-0.008702487423608582,-0.009449075357894207,-0.06338670579820174,-0.06920307733647187,-0.06154117874633219,-0.03201381207607084,-0.5306107628309016,-0.3852714410409398,-0.2777707265668824,-0.07255558883750032,-0.055998471330211685,-0.07341895415487591,-0.082204814571188,-0.0813586601679788,-0.06872860100794263,-0.027433910276473336,-0.05178906636436279
-0.17399985499410928,-0.24168306465957212,-1.1412976006024462,-1.0179854132882138,-0.2796429674088066,-0.16665559431586696,-0.5280931603881841,0.3377016586701872,0.41036418272304864,0.08596751586548432,0.09948349959017622,0.11224718589364453,0.1079087503779846,0.07826268574956971,0.09446304939333286,-0.19123491166964943,-0.09275012116587805
0.005646849724433963,0.010476851995335355,-0.012593067480707834,-0.0357547770663251,-0.06527279727561176,0.003512621685010545,-0.34512570742089094,-0.4152833220159287,-0.4137045068552802,-0.022669903131135836,-0.02932225913705165,-0.04251535934398417,-0.046994215708312,-0.058304378154929615,-0.07309553731438136,-0.00825919109912482,-0.028826081392972696
0.01932936564284628,0.008439686169053374,-0.059224806842413484,-0.06846793452767963,-0.019078974162395086,-0.017950419172632976,-0.47242855509821924,-0.4604222581815364,-0.41085747059061584,-0.0068476407486170315,-0.02382331693639407,-0.04602217209105602,-0.07116502856132106,-0.06858252828023165,-0.07087542563930448,-0.024698212122290786,-0.016932202527636813
-0.00846159703874322,-0.03594589020148162,0.32665900507397183,0.3766500010369304,0.07828638775619765,0.06524077592070027,-0.1455976745837935,0.04484625562272813,0.11966004622551166,0.2595194024608429,0.3015598964774122,0.21129732175440397,0.18909806499488355,0.29423636818377125,0.266798444490669,0.22937567552453642,0.20516268726129203
-0.006748156551618997,-0.0054065751875344015,-0.07591458108335233,-0.07884703331970773,-0.0006657766272492387,0.009496999250706045,-0.3569503230196204,-0.5161904227812952,-0.3480689920547341,0.0035342938435162594,-0.047203624801696244,-0.0165660707808812,-0.056223397282162614,-0.05293558126999016,-0.04490290158789463,-0.03422601305908228,-0.037770506418848715
0.0428867486534588,0.03655804169042894,-0.04924344365615905,-0.07512219744361374,-0.0524278110100117,-0.03802069796381767,-0.4392147637002277,-0.2906862792602952,-0.2300575989414883,-0.02267170319855782,-0.01728779352543529,-0.035647881822649906,-0.07622368818872069,0.0421391500885711,0.02736185380256862,-0.03343756683978076,-0.0507158694077437
0.016083996989804727,0.026398603988675908,0.0055724629187659655,-0.03975815271914277,-0.010481938915026712,-0.0038187450901237827,-0.48997027145614175,-0.4128782381633509,-0.2913509623209926,-0.07522211966483491,0.0036927839430917248,-0.06940216897867553,-0.03678137334656232,0.0640860079915917,-0.03790438441530703,0.008266822845297474,0.012630432206877948
-0.06805593347676693,-0.05079988260886453,0.3192885992129652,0.33234447279299834,0.06475194643966165,0.13105134051955736,-0.15579040951848427,0.014164779106935454,0.09905360235193543,0.2697059923842222,0.29442988773400125,0.23263459833612452,0.19364153990548513,0.26309998824919845,0.2892795321513342,0.1802580560836425,0.19513561101949903
0.04672077136428085,0.013359637605360271,-0.06180677887084603,-0.09808689114854527,-0.011305216339278749,-0.027069278020240672,-0.4614843887846154,-0.4746402277466309,-0.32450357021603626,-0.07242698141718361,-0.017661318469297027,-0.11291197252325445,-0.08659855743635898,-0.010001690834971003,-0.03492322448621882,-0.028539352440480156,0.0027467972358854436
0.03272548943025382,0.0438242838447915,-0.028897576331789968,-0.059730840130692034,0.021848024079968817,0.008071261168879596,-0.6689004015342142,-0.24237428611986284,-0.19282067287241955,-0.014765351058596872,-0.029098817068438632,-0.047950943071082504,-0.09442693792763363,-0.07029956421147372,-0.041424416022466264,-0.05767314737846027,-0.0577654686013036
0.04088249658981754,0.039187172985807095,-0.14421162679197538,-0.14747000838253768,-0.014873869379610188,-0.023392207659204113,0.21461383446407872,0.05197111970214454,0.12170362161975912,-0.08766654254569842,-0.10235433687764316,-0.1648223879675771,-0.1486050300167273,-0.025868629936454945,-0.08197878434938165,-0.46865067747832806,-0.5647920963223445
-0.2140475488925842,-0.21438493984574794,-0.2508940190907755,-0.24033828823931092,-0.0738347856093664,-0.06656159596490875,-0.22136998548624567,-0.36828759298818253,-0.33129454954062404,-0.07955369379792401,-0.07483441810491986,-0.04451103653723685,-0.09150885890814223,-0.12986879680092175,-0.1450382103443925,0.03127144912268825,0.03668958636944647
-0.07344899310046774,-0.1788260336347155,-0.07993953989221511,-0.04451228599441293,0.20850737786384954,0.18732317415669186,-0.47388611744918674,0.3181535298718623,0.34398701015849226,-0.02173353547457709,0.03918439040219038,-0.024826106688329106,-0.017817698605613465,0.056884010275595955,-0.04800315098420305,-0.04185320672390557,0.010533365673493864
-0.013565610906052118,-0.00356109034290217,-0.05557059816519015,-0.06507339910696583,-0.07391743074654555,-0.0661208385545871,-0.4538258375938916,-0.4068212476994815,-0.3645078125732466,-0.09508477287559433,-0.06551398386877051,-0.04534002188525165,-0.06340728963956327,-0.0072885529461689975,-0.04245701824168335,-0.038439440696693625,-0.05879364644595824
-0.042438833000420464,-0.06489540977945427,-0.14068937133092144,-0.13618337176335327,0.04985226069596367,-0.0280939857934274,0.10293280676318907,-0.1608967645597471,-0.07728037034215787,-0.0354558469022737,-0.006849882783836491,-0.10088961578459577,-0.1383473780453033,0.07067650780857594,-0.03349627300002345,0.07699518745959627,0.10622852451831383
-0.2251323752517461,-0.2398392566620304,-0.09067727311712175,-0.05878849456993023,0.17495153295557161,0.2099792573145096,-0.37892541194148466,0.3184165077184653,0.3315959826947296,-0.014895366983932755,0.08228635783822032,-0.03659141632537642,-0.01859151911170582,0.09674741729998367,-0.016629983480924076,-0.024674186107424622,0.01166570258893978
0.029786725940062198,0.04134632473717668,-0.16438144824864073,-0.13846667783944913,0.32550767690949256,0.3189290668964852,0.026436415765653365,-0.1112109829635849,-0.11446705006416918,0.0009578068675684242,0.01755654607904516,0.08728790979775357,0.06930111130751387,0.1231396353698876,0.1541293205841027,-0.057822441671563016,-0.06928514539561699
0.135415040538435,0.16755901570516318,-0.03654411417555042,-0.0118353032337544,-0.21748366939240169,-0.125162640217503,-0.0074292466105156385,0.551658378700005,0.5746296920341043,0.1034517454309491,0.06023430607628575,-0.05118283335790755,-0.0993399141832037,0.020598811065645466,0.06938255553842433,0.34738064221020387,0.3426964625532108
0.010601526638325523,-0.016503830666062404,-0.06800014192143254,-0.07293882128438951,0.024717849089478154,0.0016299043019330256,-0.4373293083273987,-0.3553852022775518,-0.29611463259133736,-0.013420522682764195,-0.039064298824726805,-0.030572412457110287,-0.0997133035797931,-0.01737149802811568,-0.07029032695975783,-0.01868395225654832,-0.019510296399553522
0.03696580884867984,0.01549774785966928,-0.033157329698280134,-0.0559617867717884,-0.018983121212669766,0.021299724116960475,-0.5758415353446025,-0.42718242505603765,-0.21778558285162783,-0.031333514660608276,-0.015733919551608383,-0.06151258941556463,-0.03949315862269267,-0.022169645347221108,-0.06593274607082496,-0.021450494281733904,-0.002232749527330332
0.011223179345997644,-0.0037710677015402316,-0.11427051764405967,-0.08681392651077646,0.06959373477521298,0.01942191974550757,-0.42673107011774625,-0.28871679355136326,-0.2902127562958286,-0.00937001306100161,-0.04625150172800367,-0.040525286800050644,-0.043005555005558055,-0.05848884329257916,-0.07063075447092489,-0.0408897520524747,-0.0035371994525451146
-0.08395391239869013,-0.08016856678071752,0.3139060068401903,0.3482671051705256,0.11605241165741753,0.1312466392394793,-0.15251348158795192,0.027670179005264653,0.1244585333683394,0.29172308734476654,0.2938561633554532,0.21571634531360384,0.18786974257568687,0.26721618499690486,0.28127961005950847,0.1978578956336022,0.22022205308113832
-0.16957438186952514,-0.16020329368173755,-0.27119893853210075,-0.24082748293626882,-0.023461978168297603,-0.024317063582902514,-0.21861582258135176,-0.3307641506171613,-0.3276774760348892,-0.07930813277105689,-0.08831231356129225,-0.05398519139727265,-0.08262026863974832,-0.08652450337464467,-0.1218870393101893,0.03019115354000514,0.020264643997807006
0.043025416205787224,0.006452321503253422,-0.04190072340134955,-0.06002648184479621,-0.02881616285848949,-0.03079308785751197,-0.5249113488503974,-0.34276847715655406,-0.3322345286448984,-0.0715402987484021,-0.046202589486765956,-0.04848338525223792,-0.06914875521071182,-0.048933757630050034,-0.041685218946927706,-0.018785674388450246,-0.03781511391462056
0.0013001274436186927,-0.02048621393712388,-0.06466154431759107,-0.05695195482466076,0.03562486207343997,-0.02191985316227868,-0.49914987120720616,-0.5189979472878775,-0.3867176927865439,-0.03409740322582097,-0.008874145975996237,-0.05114541987049211,-0.08181298246607044,-0.04893365047924485,-0.022548606324733076,-0.023030543572082358,-0.03879970065509716
-0.06424482241772894,-0.04079331561654216,-0.1007355920665811,-0.13828975664009144,-0.016481441363514697,-0.012437280140168672,-0.32134938432519894,-0.32062850302373447,-0.3297280457874984,-0.041412492199642846,-0.06638278113695628,-0.08578282551353264,-0.03148202053048678,-0.09565320342848807,-0.06436367576549802,-0.05152267945518363,-0.07666118539940998
0.033412185251975264,0.022142499195038662,-0.03203310470738119,-0.02819177866588798,-0.019901906345303214,-0.0481731122438742,-0.5637914522966979,-0.32301426356452717,-0.2787329856500265,-0.06908928181301298,-0.033612364645321795,-0.07238101744196117,-0.05835855520778702,0.017891250907433934,-0.05714206326985114,-0.027267689224382254,-0.010198556414670499
-0.0747788765377799,-0.07681418965616121,0.20502426306021404,0.21178649829565888,0.09697325094598738,0.08416569596344287,-0.27659922403218196,0.05008804774668696,0.08432030185600455,0.2532196975934116,0.2908777314604347,0.18356955221881277,0.15119554976164978,0.23525900905582858,0.2272040415580442,0.21955639509893926,0.209202020879843
-0.03930884029746528,-0.09739489632834084,0.34353251247974687,0.3514641205996131,0.23693576310107178,0.2556724300511422,-0.09904541990165858,-0.02927994767130996,0.05560224354319671,0.29223721224739835,0.29870457075505463,0.22247267019439063,0.2074483192712102,0.30895614029858703,0.3070232447878179,0.27200826410350243,0.24747402696520848
0.10845528734034196,0.13099591911747518,-0.0182406597331851,-0.013510103884467327,-0.2954477861330705,-0.25409787942179973,-0.18466902435275792,0.21600004142857798,0.2493624141773195,-0.037106047901433535,-0.024674266336777478,-0.11660118310200837,-0.12300193897672525,0.061927115406567444,0.0756838013892386,0.26601513986282055,0.2641547482548693
-0.041706284721953354,-0.02188874724081069,-0.02436172295723063,-0.06868979993665948,-0.0903975133872262,-0.08896831362440848,-0.42867058607967023,-0.424261473576176,-0.3543724696221991,-0.10171908792046894,-0.06449660182414052,-0.08005430435827642,-0.0803148162171881,-0.04138185656322859,-0.03773471781595066,-0.04600026400516189,-0.07159880682020549
-0.03454818363752332,-0.07356937107450258,0.3361906810293937,0.36179404505445073,0.13883114229100615,0.15608030837000206,-0.11274722274550114,0.04835960467040547,0.09613712313190924,0.26394847659617726,0.30982961572212203,0.18162444397674563,0.18208369571295657,0.29754051095813383,0.3154836373867494,0.24763859757605303,0.22152487702825643
-0.2366269387399347,-0.18718551595087968,-0.5579709686771926,-0.6231255114021897,-0.0679011889184541,-0.08527519460329633,-0.16204507895363057,-0.37162914356844445,-0.26194559277250523,-0.059700953601865996,-0.1272949374125234,-0.12273842230925688,-0.13241829212342046,-0.07512157422621386,-0.08399645634368508,0.06465696325928193,0.05335968906802988
-0.018293192309670414,0.022083083043184213,-0.004094084943323687,-0.04182223816419748,-0.0912128352690929,-0.08660296685454497,-0.35956211242551567,-0.32496161492997394,-0.27937992777128756,-0.08359917761988656,-0.037459780881434535,-0.035195955760597995,-0.05342596600054611,0.04126267991027908,-0.04306884128003006,0.00637902579165415,-0.027082724702638606
-0.10975079785304091,-0.10213231607645162,-0.24165357040023316,-0.2630466167728885,-0.062412804627318054,-0.05452149281946619,-0.3066847119432584,-0.2806054517967915,-0.2516456726940025,-0.07044441452072311,-0.09064462925993944,-0.06649218779600677,-0.09865093854870687,-0.030433878882786664,-0.07292747089251093,0.024906000601088243,3.859508077698351e-05
-0.17470251254462066,-0.19514370201612474,-0.2137831259679956,-0.22693225916808027,-0.03411141024355191,-0.02216687369507016,-0.24193465092998884,-0.44271336233252356,-0.27480642455910315,-0.05587295494470646,-0.07165620664403473,-0.01574523874527281,-0.04860463146533596,-0.06840690265034052,-0.11098328939745464,0.06303091516223194,0.040828154400812354
-0.0014181295975238175,0.020976883513969584,-0.03765114409966311,-0.05056434671995399,0.009469982371090006,-0.00587684939646064,-0.44301161149718277,-0.35695350136631626,-0.28691302171771355,-0.01979825020595955,-0.019468576176603487,-0.07866549435253309,-0.07825653325185675,-0.027109687924964637,-0.03359446002590679,-0.03604604102966489,-0.0523668076013749
-0.008553147031830582,0.019585874202799385,-0.0354642277183676,-0.031360683642068475,-0.01589757385236351,-0.01598634573688564,-0.3673891374138085,-0.36673055661235504,-0.30589501943552516,-0.057724239347794984,-0.08063797580470522,-0.07875689100757392,-0.0650880566077953,-0.02778342205436425,0.003009568122532391,0.007739266214840147,-0.011800671360135179
0.021888173553059453,0.006178226328952346,-0.02924349412077621,-0.029932351774613845,0.021996082167875117,0.005940598615864815,-0.46070627174868495,-0.40733896670972464,-0.36874569096236703,-0.022346136114011574,-0.009741955050246455,-0.05976645835247533,-0.04876475784957754,-0.041760723029679904,-0.07635827354460926,-0.040438229907442155,-0.025097430472906943
-0.037218442230332584,-0.04132667282002757,0.3296440663188666,0.33511365048802155,0.17827189950568204,0.19372719065904934,-0.13071280203468436,-0.015299162888304702,0.10521604447709716,0.2907466553023777,0.30359624405424485,0.2160728227518927,0.20168370801249466,0.22517676886466578,0.2778342266222204,0.20142655356759698,0.2176229782769458
-0.06752769198627208,-0.08528557547417259,0.2857299959673661,0.30682994228640864,0.14139250280432486,0.15677622005799233,-0.06700335099208835,0.07746816051350044,0.11917101960155704,0.29087867713590543,0.29118205600683594,0.2167290314511074,0.19735878528762482,0.2658071832293525,0.2497254050119065,0.20873244719991582,0.21514659042712408
-0.04760040434209876,-0.053110493989355884,0.3445175770188902,0.38163905965099065,0.11312335827691267,0.11229831310473166,-0.23024832461668596,0.019670350820006212,0.14394327152214678,0.2656624126212626,0.27575968570746284,0.2230532751160037,0.21139276011091207,0.3191438175549412,0.32693887899543533,0.20994500194306046,0.22311175477073295
0.022227603187618638,0.0005388575884266889,-0.019351069299341626,-0.052059461384918834,-0.0008424736364150992,-0.013180683982689593,-0.40241710916664203,-0.3222427475507815,-0.30436334930975767,-0.05587933646609299,-0.0020337270139600106,-0.07118634421342197,-0.03296318195836671,-0.00511125592572065,-0.039813920654087176,-0.013027501910948178,-0.016927991742266616
0.01623172611673591,-0.019553408073523435,-0.05907552905762496,-0.07825771944030631,-0.01414153699060465,-0.05192410655968554,-0.4774017806243307,-0.30453408698242557,-0.2483214733570821,-0.07653208674943346,-0.06827404466506043,-0.05296106889746107,-0.0961884096018733,-0.03646436951586869,-0.05177810792013273,-0.021937426678669127,-0.044282132721453045
0.014347413223593833,-0.006289616526509083,-0.04782054383147744,-0.020378130417708293,-0.023910635509696042,-0.035568306330023794,-0.5639971447764882,-0.41894315847028546,-0.3903423161292836,-0.05307046494019655,-0.056759599588971504,-0.06848890029368253,-0.038033615773707376,-0.09875336005324846,-0.09157833337665236,0.007425432141776989,-0.027337772923282454
0.006390205337891175,0.017186482771158692,-0.05777673651501002,-0.06447670297385241,-0.020978698839221266,-0.0006114848879055762,-0.39533494445469525,-0.5149869437174379,-0.3669537333600711,-0.050449416660242746,-0.022098811828185832,-0.024936917380411205,-0.024630935834831825,-0.08850449429650556,-0.05090231121108887,-0.06036475190171853,-0.0969529267549809
-0.1110651229074082,0.018476067852883294,-0.49153217562291485,-0.6308252072668271,0.0069471316271559475,-0.3892344316545886,0.0879737289401908,-0.47026506142836544,-0.37913222516634726,-0.15914670536448952,-0.04692083556778848,-0.019762193644053662,0.05473390384137471,0.23052320617700398,0.048681091809487625,-0.0645965820767244,-0.0966933920081165
-0.004210868638139478,0.040761681150670526,-0.024315422362241573,-0.004101443064580017,-0.02001988560044812,-0.06983347319199437,-0.4547304597647934,-0.3123376513572706,-0.38434270076117577,-0.051350702925749454,-0.041353873007174725,-0.07633522444423917,-0.0210759129971151,-0.008552170406239058,-0.12269130530778653,0.005556905165573418,-0.011644919439097375
-0.003617784360555979,-0.017362149267515597,-0.03538153316436848,-0.02733848754915556,-0.05691205891188819,0.012120545140044847,-0.47221592160524206,-0.4869916285294821,-0.3750881376215937,-0.045066835622674176,-0.036241995611700044,-0.05421453845027296,-0.06144649741315721,-0.047958570035848275,-0.06700722777279976,-0.03270420923877024,-0.04355108721309221
0.01613905897504194,-0.0041933756940944,-0.05507982527281852,-0.021491856654000947,-0.025145601540500623,0.010191077926440511,-0.39094345161858424,-0.4602330378826246,-0.3498339997936308,-0.021340954524284594,-0.0064274592318157246,-0.07062185612929653,-0.053645888220144856,-0.06361734893374396,-0.07219541205766726,-0.03659344071069265,-0.03700547925746622
-0.014924164456377488,-0.012251047440069846,-0.05710323321798094,-0.07073634202359345,-0.02834076589103425,-0.035628985460949586,-0.44911447534918647,-0.48336566822310495,-0.40062553960241737,-0.08853843251006173,-0.04787318965258039,-0.09709997853912453,-0.07090180567572883,-0.034325940355160484,-0.08671039699327765,-0.025428331059908178,-0.022930284952642217
-0.0681490194970639,-0.11162718935532324,-0.18147008207182888,-0.13803453191833748,-0.06364770163412693,-0.02971379080197092,-0.2344350189611072,-0.33394661423352506,-0.3279450696167579,-0.05431217075090454,-0.014197332112411096,-0.07223719750790308,-0.02306637000078996,-0.03275014130924858,-0.08126640687801774,0.02816124823543478,0.015607228496480323
0.009781349601062713,0.01731423627049083,-0.060360533815288164,-0.039360049583519185,0.0020921861880668705,0.018715212594470454,-0.39016186480103554,-0.35280613533468913,-0.27801967489737806,-0.04655686523760149,-0.043986684963332835,-0.06085458940022445,-0.032902832925062506,-0.0576234965231228,-0.11741563718217003,-0.02680319397061045,-0.03746689024409339
-0.037854572636582505,0.015437688715037895,-0.004955304167147461,-0.001773260757096064,-0.024616574272453853,-0.005063027196953637,-0.3620875341248104,-0.28202838253667767,-0.23510679459557227,-0.0381948253473782,-0.06362559981443734,-0.04884867945643109,0.001479031916887541,-0.07145237088813748,-0.06895041657487753,-0.018248304296406594,-0.03335493080129567
-0.1953742418709896,-0.20604233462920066,-0.2697783012250893,-0.2693622384964856,-0.08600185880204506,-0.051675830380670786,-0.19047908384078327,-0.4867953091171554,-0.33907757346846223,-0.0856082039146636,-0.09750581487063813,-0.07628277076917347,-0.08199200409444615,-0.15194800405553419,-0.14981071672801735,0.0431324698580805,0.01955037295092203
0.04786655858287413,0.0533318751304772,0.08358492104553357,0.11103259658265495,-0.10965753239773206,-0.05522319076049472,0.0257965466960259,-0.4114957521438145,-0.355487559849154,-0.08050962232275306,0.006807540941301274,-0.14957857869629063,-0.12992967520431786,0.10878048585879116,0.04237735974238149,-0.4792976900686206,-0.48549773725979334
-0.006926605433129962,0.030909877601394863,-0.041909904571640406,-0.05773990617076602,-0.065201050661016,-0.06525381692992611,-0.37337856919237644,-0.4011390017124656,-0.33221890230081064,-0.09842638031384077,-0.054429926397950065,-0.1250686238214229,-0.07737432995817353,-0.06047069039999427,-0.020626900349243218,-0.03254771092214679,-0.10318746003559871
0.04304697519787181,-0.012736610753432841,-0.06261070517500442,-0.0661120140933462,0.04175886833656133,0.025741370879241148,-0.3221800286002454,-0.3894688155676317,-0.315890340919189,-0.028710389353595836,-0.01829593604026924,-0.06455487124655791,-0.03672744762011381,-0.02633240157262518,-0.06959866284744196,-0.03630334398353928,-0.02364182430274469
-0.030635058700269533,0.01488508983349166,-0.01788398716624389,-0.033360028571761964,-0.13081779838839072,-0.11603236389850011,-0.3597330038672391,-0.3700643308828068,-0.29574613196709143,-0.07321191263148451,-0.06723461608675906,-0.06135181033554674,-0.036912396823268065,-0.010285276361179995,-0.023776517982683057,-0.013922980690261842,-0.0596723850455881
-0.02368726887339487,0.010854777416475643,0.02414230531438482,-0.005666925479575432,0.013019971021802083,0.002500587199262275,-0.46912676488267524,-0.3143020481073814,-0.2854580469220567,-0.06787824756882867,-0.06026419966215708,-0.03172941032643977,-0.007728514603877652,0.016387545769639394,0.027027184647077117,-0.010403076783450354,-0.012114021879289337
-0.011012808560573868,0.0035742154106496297,-0.03313362882691688,-0.08328636536444602,-0.0178751190437122,-0.02870499526349886,-0.423064355076303,-0.340211380746638,-0.3003928366251503,-0.07613984725734402,-0.06247002210998444,-0.05180431157701004,-0.043914496389404166,-0.011215162093682804,-0.06492761719401151,-0.029281922216593818,-0.03790248196949613
-0.00027849950230011766,-0.005431420498254923,-0.07656054868486387,-0.07067547958313491,0.00402049010972054,-0.0012728507166138746,-0.46050763614927975,-0.48080037365698974,-0.21625902062932184,-0.04711049641722579,-0.020780560116611356,-0.057294058168495775,-0.08952681843210875,-0.06335447829566929,-0.09882005535118153,-0.019111481097869705,-0.035495294507936405
0.02306236626882613,0.01189149730589938,-0.04033471711491565,-0.020060281323889168,0.11329379111684434,0.11983042256599938,-0.331615028108842,-0.22875228023317035,-0.18633565965483753,0.07176887430619054,0.09157909722816826,0.01008288641375704,0.004256726023035072,0.032489569279249716,0.05184332603097444,-0.013976899047612928,-0.011591819299514165
0.024024268031625145,0.025827206696306438,-0.09007602094748826,-0.07127212971722276,-0.0037128596752054677,0.015858323936638413,0.1410985900740898,-0.2740979402284665,-0.1822775808309397,-0.06970611350149081,-0.015533895173538793,-0.03988295045003663,-0.03423705681324085,-0.01853156935438246,-0.07156597504484552,-0.2362955567986511,-0.2908761692530873
-0.17157281943651467,-0.21523941054737208,-0.18536518357991527,-0.01731266446846842,0.10410333139254072,0.1591284226299414,-0.019575986697342174,0.5034682194313703,0.567165744374926,0.20164942856479984,0.20462524347643415,0.17696528539875694,0.13613631303401127,0.07662763881448516,0.05414606786570845,0.07195145373214094,0.11008861444640107
0.039933239740597655,-0.0023853402522063297,-0.03293957363230372,-0.05950299997264637,-0.009169343969360942,-0.06513978802352799,-0.5715574792022565,-0.4905336154520736,-0.33319830309885523,-0.06376610381696464,-0.021536418077002042,-0.04408827746944868,-0.06763108664431733,0.005884571253818871,-0.019957404285420782,-0.01337542614722337,0.001724415621741665
0.01833796006086355,0.02406675208034657,-0.19460145735254003,-0.16411514652518905,-0.09337247895924523,-0.030252626797688403,0.24589021554736146,-0.06438033190911586,-0.030351163027250015,-0.06757460595805864,-0.1092037350386234,-0.18720338231937358,-0.11780791285601502,-0.1119542986851372,-0.10113238424959792,-0.37067018562738335,-0.39758026638646077
-0.1480812451478483,0.04693078592227456,-0.4811610027698752,-0.6664281001817478,0.03939676799309734,-0.43611077948523524,0.1424570960621908,-0.4375752903307337,-0.3822517031808189,-0.10384448482138879,-0.09458965169583823,-0.013429552743291242,0.06752518140610891,0.13252686415922796,0.07197305573732288,-0.07192803701941093,-0.08084894092799032
-0.07603943468283292,-0.0857894503395278,0.2861690699804176,0.33452443437364254,0.1646884604036299,0.12459946393732113,-0.0404721308363267,0.07033248931302265,0.12863941418069208,0.29515005217793555,0.2995276533846784,0.22711201757614757,0.19329414523140756,0.21985163276563968,0.2812601039785204,0.20555528085800204,0.21566821158373975
0.016162430344154557,0.031027018371353115,-0.026302699902140337,-0.03777372984554027,-0.07077989056342943,-0.04420765299309002,-0.415732533277154,-0.4035058402237171,-0.39177244207809403,-0.04947227468928644,0.006633941597477141,-0.046718329927219644,-0.03817937191318193,-0.007886586514167787,-0.04811588668859501,-0.03905302184822988,-0.03940222667499686
0.10344596484374996,0.09481791869155291,-1.1677281979800405,-1.2028802899769888,-1.1389836230513481,-0.20577613274823742,-0.45084523514751845,0.5013778272238634,0.5193313030262242,-0.47778065403934306,-0.571596902801482,-0.11494031862044918,-0.1522333157476739,-0.10099057653585371,-0.15217074111863232,-0.5621855543105531,-0.48073749506953384
0.10914004642112092,0.1524273363792896,-0.0036361825070381215,-0.058995523077472446,-0.3434196689936895,-0.28754404325969424,-0.1468769466192867,0.2365805094680429,0.25169249159247875,-0.06286573901159456,-0.05853620917594434,-0.08215522051929118,-0.09917011969434894,0.10741983816054787,0.13731571619842525,0.26840972651387834,0.2623975918088828
-0.0071375948075646355,0.009376052549535193,0.004368043688118674,-0.062296218189168605,-0.09457346131440021,-0.06338749815247911,-0.4537026560874696,-0.45596711879130253,-0.47477017216660866,-0.07082086406991424,-0.1026289174314208,-0.07154580646356161,-0.06864411483616971,-0.03542290222324798,-0.04073820189097249,-0.05680838237898559,-0.04696391016199652
-0.15907909221777794,-0.1782752930247957,-0.22862597053169123,-0.23108468444047783,-0.02499973263558572,-0.014653212014772888,-0.19899867596463494,-0.2936264412167669,-0.275931534420488,-0.09769866189360317,-0.04285512569656858,-0.04861386483497546,-0.09472686863287756,-0.04236960045259754,-0.06749651371157572,0.03918043237278672,0.020878223730319827
0.00016925477667606277,0.03279046332549296,-0.08990372411585364,-0.06624246937168568,0.029820980860535404,-0.011463630188437077,-0.43721552587486984,-0.4908087980802919,-0.3663291918736635,-0.03961612463000017,-0.0031627189256002593,-0.041823973333831845,-0.06344027391787983,-0.024587549595936835,-0.013108982905144189,0.00911238518611984,-0.022840570683406336
0.004423665550691039,-0.008460383736790911,-0.02366619292358244,-0.0207730668513013,0.020765819624192414,0.0018372323671498642,-0.573116621889892,-0.40533152788511295,-0.2291082359778271,-0.08925160356427839,-0.05428536808333655,-0.0690690035255343,-0.059375779545631426,-0.0804588217775135,-0.06337336055763826,-0.039649194325964185,-0.0309860434107491
0.02748225872602988,0.027276216530701933,-0.041995726541336535,-0.01455439654360205,-0.034121311944432645,-0.028326930356028814,-0.47294191938788227,-0.4027485839674364,-0.33972510599964933,-0.08984335693147971,-0.050806701123744046,-0.06951570553842884,-0.04679032749539865,0.0012692441366106064,-0.08409405590768806,-0.01164106012088752,-0.04203642067674752
-0.06250536500077572,-0.07931584660395175,-0.027852320277272854,-0.03566876633086789,0.007776099736285369,-0.042263378050859314,0.07405710889298543,-0.379814763338716,-0.30912382439837155,-0.13978456653646498,-0.11926593402916308,-0.08204354366521667,-0.11384788362787172,-0.05245090649566787,-0.11001451989802835,-0.3594215168234112,-0.36345172991807406
-0.018848402077739676,0.011856533993639727,0.004233527281441113,-0.06134330790178646,-0.04216948423602769,-0.04514351325519905,-0.354809045188315,-0.29703595057614374,-0.3108655145271256,-0.09262165897539096,-0.030949513977395603,-0.06159600921352079,-0.07621528685543758,-0.0050770311913667324,-0.027590268651744992,-0.005945116791914993,-0.024709228245215615
-0.03617042016273012,-0.06026239753358176,0.3149018766225324,0.3353447884376988,0.14404749618588303,0.13825221434151994,-0.10550081183271803,0.025496403903455422,0.15769045625267156,0.3038342099322297,0.29409230033165085,0.21021633733521244,0.19699853702726433,0.2756574915775832,0.2705241453744617,0.22819960449590473,0.2228485528610578
-0.08098827658148451,-0.16994109761291384,0.32171627670230946,0.3073519631818684,0.1152466055759061,0.13764701467547133,-0.08227604921802575,0.07123208450183462,0.16557827819414533,0.31878183092034096,0.28896232975790953,0.2343606853158541,0.18446607074546023,0.20819971657656616,0.27217766660781734,0.20797539166268875,0.23997011088587955
-0.09990424526603846,-0.07140727634978342,-0.19192352455947187,-0.16413334797018309,0.03355542990422749,0.00973734273347395,-0.3252433096851101,-0.37807639130225357,-0.21499050919461465,-0.05767351207353112,0.00013539897582107876,-0.025465022166437017,-0.03020460136043279,0.04202948813636073,-0.04073343567828126,0.05212452161143526,0.017371134025714705
0.015649442667233258,0.005196437602901015,-0.03817597723632208,-0.06341324296369735,-0.030028970857903025,-0.02011563460769704,-0.4626327238264216,-0.3172464729259767,-0.28049143395257115,-0.013276472952185757,-0.016754824208741123,-0.08712807940078253,-0.020751844948591534,-0.1050243648640386,-0.05215134918285925,-0.04677177826513952,-0.035734345936459314
0.0084499305536167,-0.004672798155851481,-0.04059229363889393,-0.05707229418526763,-0.025712661989978968,-0.005572246834320619,-0.35162478745376335,-0.392022068051289,-0.3110643900837334,-0.03968765254649706,-0.06791001068993899,-0.05761649231096099,-0.035808688181867485,-0.05094607170160079,-0.08616797673434427,-0.03832315315317377,-0.03518118733420656
-0.018697171693837143,0.006345862317515833,-0.05876758395231256,-0.06778537656679935,-0.007578905065234988,0.00539258715472022,-0.4604034963493122,-0.39229574803185224,-0.26607258360841635,-0.07446378762626138,-0.021094888870288462,-0.048971815944839965,-0.06098100801927724,-0.06497351768192791,-0.032674958248006335,-0.03007388361306674,-0.010647284441741352
-0.04928513412811749,0.009333138190333726,0.03521484801343673,0.008765594749587801,-0.006359715087526478,-0.04020256631545795,-0.35061149539801356,-0.38554677709081264,-0.2794172413457403,-0.06474129348212251,-0.039382140922933254,-0.03188033621687147,-0.02726741591110018,-0.029779490203981844,-0.028816623039230813,0.023139773922836365,-0.01577794946523284
-0.02764442509605644,-0.10596294002921662,0.27868064840345813,0.32835874167954965,0.11461424177451247,0.15542751362355597,-0.12522150717250394,0.022969425033702962,0.1091037895642981,0.26595650983024416,0.31265384973142674,0.2581926250609375,0.20494967997766908,0.21761004546804982,0.283366752283612,0.21119983768848394,0.2001606359320223
-0.04359477557735355,0.0809838834209953,0.11042821933866453,-0.004537031147152667,0.10508274825421969,0.046992433556289,-0.38924693316945175,-0.3059942130726876,-0.40666818460686804,-0.05216119043667371,-0.03765447722641317,-0.03418451972856621,-0.032463864825174014,-0.003580355001854452,0.14362753867207564,-0.019340887244861965,-0.0454743674207966
-0.020712259973456364,0.013764925932189304,-0.019193900528226733,-0.027595046185285403,-0.05373627678312624,-0.06388542656833816,-0.33479786318050975,-0.38511212870912814,-0.325021977517295,-0.06773943472941672,-0.032618931700755506,-0.03529868011108165,-0.042474180931070395,-0.03271100269080835,-0.008308952499305269,-0.03239959674875378,-0.04196161670210707
-0.027740564800281045,-0.03258494546221286,-0.04039355713157129,-0.0857769811215258,-0.04550673380073735,-0.04096417733217614,-0.3874011773563112,-0.3342826746208502,-0.3305716130464252,-0.043891645643755986,-0.06414670025343491,-0.045469161273346,-0.040836154980346394,-0.05362909637224818,-0.06242371518325907,-0.045224752028680995,-0.041149312528154756
0.03408034565737372,0.010779141531441341,-0.016878185402534843,-0.052295444918226595,0.07473145069174177,0.01842988161586861,-0.4575295779862909,-0.31021142905507476,-0.2355574642326565,-0.031768115988030865,-0.036208821395007716,-0.02303320710192015,-0.06224619917759735,-0.0029336205111348806,-0.04742520404491787,-0.04644997070629473,-0.029825877422259374
-0.017036340314072373,0.0210255242554606,-0.07583666077970053,-0.09759008508683145,-0.07215163474995634,-0.06116565480193557,-0.5897043501453146,-0.4139588473578424,-0.2971671383223038,-0.075486377465472,-0.06435259481581589,-0.058481520147690515,-0.0750683428199896,-0.05170129006179439,-0.009488820281067716,-0.036697493133090474,-0.05792131902461365
0.0063213072078888155,-0.00995040359730575,-0.05167938251099382,-0.06474853861867376,0.06668823746141833,0.05146821063157563,-0.5049021056976528,-0.32870170238929725,-0.41408941650532083,-0.015643923525292255,-0.01985432212829583,-0.04133835330286836,-0.03807596766804982,-0.03158280145572322,-0.0750325193616664,0.0031874255321089895,0.00392720842510405
0.03969693869566605,-0.01606410166483254,-0.03871425835992988,-0.06135385518889022,0.015174655926251893,-0.029265980434268955,-0.3868916136821577,-0.6657220277537007,-0.4324101629671432,-0.054303315034017696,-0.03414735427197559,-0.03504734946570444,-0.07461948202932837,-0.06605325648248563,-0.0513286406034437,0.005080417594594496,-0.007645689441397449
-0.025877262626422353,-0.05986913451140445,0.3233283285085276,0.32439712051863795,0.16038363295299501,0.12130644702789564,-0.1862765661303547,-0.004460004995154788,0.13185860439180916,0.25693121209573966,0.3010081127310159,0.2077171037020284,0.1911850793383731,0.23570707122505255,0.2570814121995247,0.20338816096191673,0.22478161222271634
0.03439256301892345,0.04259423593430657,-0.04312976861013378,-0.039524167616830676,-0.026799706184405882,-0.009210740948254302,-0.5907481901817748,-0.4093765450485548,-0.19388603572256338,-0.10734152297432435,-0.04319319994601404,-0.060444241314279445,-0.04081072615372208,-0.05230001783443998,-0.10483815467336184,-0.03414096199219352,-0.02139575478841904
-0.11457905657468757,-0.15554184324940476,0.2805512139778257,0.2893710625934265,0.1304353613783226,0.13934319418435223,-0.31732565981062183,0.00952981881128094,0.11748217542916767,0.2742961618727164,0.2718037643842044,0.20394083326248322,0.21096428222989688,0.19324560651953457,0.25288998658731765,0.36521736265581783,0.33069783345829346
-0.07181111354359195,-0.0983130326372899,-0.04291814294945458,-0.04979566842823418,-0.047286697403866894,-0.00032483935895327243,0.05577964081346451,-0.4491810556874393,-0.274922530452738,-0.12184792543702454,-0.10442275760665429,-0.11919275641280377,-0.103623333976575,-0.053423580188255576,-0.1164375437569934,-0.3884989641817945,-0.3504842096198273
-0.05174412750793211,-0.061810220724149594,0.2826135762106653,0.3111970007010451,0.10514379825328846,0.16031834413550855,-0.002635905588340842,0.043811827247173356,0.08737578843793088,0.2881471732769486,0.3157901062197126,0.1809230683940237,0.14835607038178336,0.2400646298165306,0.29353805453068904,0.203665431305408,0.21730620547956617
0.039151440199354175,-0.01089473680856894,-0.041445692697053844,-0.07261012592657819,0.03807943667035484,0.006768424742280183,-0.6278763586119183,-0.48642772798173783,-0.2533317151395575,-0.03798196921217365,0.005718461011952405,-0.02909761052211114,-0.05254648581512698,-0.06703408477607146,-0.045366525375864115,-0.030896538176191913,-0.04810693790717146
-0.08497310266648489,-0.11571568663179924,0.3565995095553989,0.3550568751035736,0.05325550297094235,0.08270568506122378,-0.09149916245359613,0.010119577944529085,0.060441106564406474,0.2892357430489407,0.2809553885156193,0.21852579251222048,0.20414807581274774,0.2853983041970688,0.2816533527705433,0.1878942406536709,0.180501141501851
-0.19289335731166243,-0.1938516011519323,-0.19300625042286054,-0.2559798316980456,-0.06378746657125206,-0.02048193753665122,-0.25969335148876804,-0.287226903974239,-0.20684175892380402,-0.10274155883093966,-0.06679369754569323,-0.029093767095689588,-0.045483396835050316,-0.061399531859073646,-0.1219530168600715,0.05677873757337728,0.02427047165093273
0.010029632101194418,-0.0009816746308615124,-0.05437503053918808,-0.0857948028844735,-0.03814493975339192,-0.035486383880453394,-0.3442207396537482,-0.4544417091031874,-0.24959320108186978,-0.04593061617766518,-0.046457956373873954,-0.050693271954468884,-0.07059816932601924,-0.03137191311128662,-0.058383091697523426,-0.03079250710506212,-0.03710916206523164
-0.03523550243067257,-0.10279100242337653,0.30614547785893675,0.3426107850416266,0.11623929256383715,0.135397796535716,-0.07515136974065689,0.013237511046668112,0.1278673969668704,0.31776858185880336,0.31767617702300616,0.2277159180684628,0.20255887747556658,0.24057302710178174,0.29944306919094843,0.20566170746051218,0.2442034645137864
-0.1938060382645257,-0.15504243325115716,-0.23222536591418336,-0.21627814474550994,-0.04004912003079247,-0.026107913636431494,-0.2533580458362256,-0.31546573259023325,-0.17830754083823203,-0.10407655495307785,-0.07621050681811152,-0.11814491905931879,-0.06039130849708268,-0.07166143595903984,-0.06973523277860555,0.03837359701341814,0.017843385076354287
0.025835977925478468,0.010879690892297492,-0.01862528065679184,-0.009474948615618756,0.0038772726491337626,-0.033413391198342524,-0.3598695107116368,-0.4125344700199943,-0.4176491791271707,-0.10208343382750919,-0.02782717263871952,-0.061153878140331866,-0.06894478596585399,0.004001789421369033,0.029300786792430086,-0.03476642669889365,-0.043948051765568256
0.029573502586552763,0.017061229765660164,-0.016834407551700015,-0.020281266245689406,-0.003252412403904995,-0.03627815906097934,-0.4974992061306881,-0.47312793802004915,-0.3508528048947057,-0.08088631822400573,-0.013265594385543453,-0.1122264683066946,-0.04622350821001981,0.036084667213313826,-0.03568536501495652,-0.008781568227312797,-0.009191978676064517
0.023172478065112592,-0.013775346311388414,-0.10216589769718039,-0.12325045959212737,0.04172574293268278,0.02001496291865688,-0.44355702664262536,-0.3466936625308139,-0.3897519616974074,-0.04175414782644839,-0.05150659529859771,-0.02741966113398159,-0.09086644918853246,-0.07887233928513791,-0.03004146625039488,-0.040729154916290804,-0.03179204231310043
-0.03497630667807915,-0.05576129095438673,0.3168805926125127,0.3218461065963769,0.14817272445114182,0.11596806224921806,-0.19205816783492854,0.006519177929395363,0.10368191461790519,0.27919055343525817,0.3308697934984059,0.21461139064830778,0.20710486014995705,0.26010088195371645,0.27417236092495506,0.21373683133139004,0.22050158678936385
0.017766157370872265,0.030418130348440757,-0.06726318734648722,-0.07977520761204616,-0.0878957352978257,0.014958354676151586,-0.5258215534501206,-0.5852445339938123,-0.47511539789199936,-0.015955468579305514,-0.05652990624338144,-0.04345245810255829,-0.025064571151350534,-0.13946501804802153,-0.1500880541406132,-0.014377027480168073,-0.04296215844968703
0.002821494860982892,-0.01111984190752171,-0.07708452089169539,-0.05883856952306292,0.07666573948041219,0.006300737152524248,-0.32196161996201655,-0.3607936101456272,-0.26226394117966434,-0.05270008412771778,-0.011187823334127938,-0.06862574482622559,-0.06390225499956999,-0.03250256838204428,-0.042170237620075435,-0.02065222033556481,0.02536176582408571
-0.021258711806217637,0.012815804956479038,-0.021475735812143133,-0.031076557037972425,-0.010609265823082564,-0.022529172523616924,-0.38956449750031885,-0.43202489065787675,-0.1919905218238176,-0.06758256162176934,-0.03381678610289827,-0.05107015997184907,-0.040298406503004224,-0.016868072492718395,0.004108844185366408,-0.047524248551106596,-0.05361097082291087
0.017303245759995756,0.03288405995047399,-0.005616194648185899,-0.0542754329191157,-0.014734766070081687,-0.06135090345198864,-0.43826543228445586,-0.28790627471955504,-0.37051210586827027,-0.095235584382064,-0.017912684545396802,-0.06362640988346412,-0.07640701710638115,0.06343964619929424,-0.004682819766990638,0.009779851709652058,-0.026774446150303777
-0.0013235971302217907,0.0643152939199734,-0.3802852733735947,-0.3270006293052053,0.09797318899102447,-0.016378446642366113,0.25267945940749387,-0.4444673899590954,-0.37877615075853366,0.02008681145913729,-0.014776043511139569,-0.01142757065860975,0.052887102323337314,0.11145986966139149,0.05172521669777667,-0.07420067504440914,-0.12074246364166556
0.002640055130237952,0.0003945545372675409,-0.054420722340273085,-0.036455422567334105,0.005659072976660275,-0.003637484531159601,-0.5696173017762829,-0.2560699689254392,-0.26713041307708585,-0.06583077130545897,-0.03369428763634704,-0.08377999406941301,-0.05882566236042198,-0.026828326661989328,-0.054002857295077034,-0.0204388310722669,-0.017357696437562006
-0.09037807326378684,-0.0978343134345786,0.3171128267902282,0.3136708250700162,0.12303260352095506,0.12874171379130991,-0.09943579977338904,-0.022346339348619192,0.10421423896456425,0.30899406917099503,0.30667220191870587,0.19536761199245478,0.19398638233358037,0.2486667415868268,0.2656876406646226,0.19291433761508706,0.21018716518209557
-0.01097269178112762,0.022268969547367193,-0.018413029070451375,-0.05422906729751112,-0.019173149453670837,-0.035263442080593406,-0.31732607756363884,-0.4221782743457233,-0.23079288293405256,-0.06625041868018167,-0.038621708006011744,-0.08529725555600687,-0.05389630595590538,-0.013950998403207598,-0.022563190800699424,-0.035065515664023474,-0.027557324918799864
0.014624648429167952,0.009129317663629297,-0.054789688784291336,-0.05755736424592691,-0.09842735634243116,0.008102629831704457,-0.527159301400763,-0.579871997840692,-0.40539314769747287,-0.06723524852894892,-0.04625561018007199,-0.04769543594447475,-0.0582302221893027,-0.15015816401716986,-0.11417048537874369,-0.022764556748858977,-0.058635014020724824
0.02684448141237283,-0.01566417641402364,-0.04730265886187267,-0.07401754710577005,0.06322049575195228,0.03179395620057441,-0.5117519044012133,-0.4440376366170936,-0.2896717321268847,-0.037939024431250815,-0.04898326684801289,-0.08116876381521329,-0.08215675176218379,-0.03424141082847346,-0.09435230916564083,-0.02450205934967771,-0.025661406225652224
0.0859381706855485,0.09643504229451741,-0.01904320734711357,-0.09343195721488996,-0.062488188384365526,0.01790249215715611,-0.4746270545075224,-0.3692134562443659,-0.2827469187313172,-0.02345679657403882,-0.04485401978797371,-0.00922506089027023,0.003973813578647266,-0.07096904507398358,-0.06474222876891796,0.013438446541839776,-0.038187113795934924
0.04215014151909723,-0.019830985864228455,-0.05844263124913303,-0.037595467873248266,0.05438290230210957,0.05401566552273792,-0.27582927979186517,-0.34335902383273503,-0.22108443163025196,-0.005240065204273834,-0.010167842561001552,-0.05247222048619161,-0.051646214811253824,-0.03798209325475656,-0.03396400472112116,-0.017457163356735785,0.0068198649673870335
-0.09209032435226462,-0.06014155661975621,-0.19723971306108695,-0.18163494588901813,-0.05428430700438717,-0.05048798983184928,-0.22732245057215833,-0.45042029179448045,-0.22438931729099473,-0.06248913680841097,-0.06835834261532407,-0.06381338387149475,-0.033683166651462676,-0.03239135179912484,-0.07698887133665851,0.03358383119260933,0.021375300078647096
-0.07381729383668974,-0.10199079906037911,0.32828474316530326,0.353030852098777,0.10601802839598078,0.1350545012233873,-0.034823816474835206,0.08427610209802765,0.11025129038153322,0.26660990393369244,0.2905603149174502,0.1631103206923877,0.18585461059671315,0.28448356284195714,0.28422453188895075,0.1987621703414959,0.21757376692373512
0.01895087500497831,0.012384031348261517,-0.04692782186090173,-0.072928502604791,0.0038457112526735717,-0.010814718412051342,-0.47916247627187397,-0.4253253255146171,-0.41267905310159897,-0.044852599712836574,-0.015540915946746857,-0.06450392678295816,-0.050138092781847936,-0.0670425220134511,-0.046409100751505325,-0.009599846958498692,-0.011757266242849812
-0.03477649328044173,-0.013447186895391098,0.006727721308590703,-0.03036358688888828,-0.05687090382899566,-0.06982264300284843,0.10749391598476377,-0.30295806598339114,-0.2579856216176251,-0.1250433846358754,-0.0814902012929446,-0.08603286155262728,-0.03849862740878439,0.022105623257837357,-0.09647149814320777,-0.14172359839437543,-0.17534620444497556
-0.002412548537963022,-0.03474507022370162,-0.08940971025132978,-0.09573321863888919,-0.045354082775690446,-0.026543037870120932,-0.4220628532047037,-0.32188828830747285,-0.22624795147183183,-0.05439088311040195,-0.06414748539486535,-0.10805567444838994,-0.08451350689499179,-0.031187171730669892,-0.054072959273685633,-0.054471641140597396,-0.056839045444540146
-0.1642894202212115,-0.22849812794750335,-1.1188965961470263,-1.0561167628088897,-0.6452844018788464,-0.2012324372585779,-0.3350612802339856,0.5285583396091645,0.5620808905373395,0.039607449444784476,0.09844635288271306,0.20321510395578407,0.213648799469424,0.05606035964824977,0.09913767650712918,-0.5125121468502284,-0.4049545170053448
-0.0626546699575697,-0.12364807279973769,0.29914567567474176,0.32899002548848283,0.12914494447304412,0.08062187492554229,-0.10939164007231389,-0.0047515393862373545,0.13350707609199738,0.27979984010413317,0.2970826976016665,0.22456887932280556,0.2148261634515222,0.2369448206827142,0.3045703506268843,0.17450101372625662,0.1975014694700202
-0.014461786577493939,-0.005718157530689132,-0.04503499844027303,-0.055390431478561486,-0.0579468155773182,-0.06923327841902815,-0.3864181523467847,-0.31576988591694555,-0.25738726233750775,-0.13488338034317152,-0.08419649136057478,-0.053955099769322355,-0.05583557911860485,-0.03275433044330633,-0.06394845959238342,-0.03494107809096362,-0.07349483032142669
-0.05956640399911153,-0.05430264912154784,0.0048322720906559865,-0.015427163816599096,-0.1645198685711505,-0.173721451919693,-0.2577835097051207,-0.4933015472407133,-0.39586649805737506,-0.0764812438054605,-0.12295808459752582,-0.028381060332936414,-0.05552341858283197,-0.09159401754933358,-0.10858229420555839,-0.06994578672388367,-0.05606616850080946
-0.0033489778008897724,-0.011154469316264648,-0.07187494451580764,-0.08826287892023925,0.04323802420677229,-0.012680583475159476,-0.2986159756730236,-0.19661171952893536,-0.2742366356258811,-0.062243409648595434,-0.04295193188193762,-0.0385942945277651,-0.09154021362974751,-0.029198701777530273,-0.046807616184036276,-0.014768256133222482,-0.027853355451783204
-0.1698205211065322,-0.1929566218675848,-0.32070680178349453,-0.24942595926045164,-0.5438538825824416,-0.29053108429438024,0.03220806785747787,0.24179998711690595,0.2714389219483599,-0.13673738076167688,-0.14229211911311457,0.13696790794620886,0.13953326867532242,-0.24274292215727397,-0.2760443021922153,-0.32142735764126157,-0.269629127751834
-0.042462123941057736,-0.059109868273283184,-0.10944179755105779,-0.09150466801186355,-0.07576283275289512,-0.011471657574908648,0.14605710797365795,-0.5164599862768279,-0.4586253465051108,-0.13028109416866424,-0.10426514336983947,-0.16482643180289602,-0.11423350462161924,-0.12714155901966087,-0.16976111552846945,-0.503239426820115,-0.4860634297119513
-0.0157220959453573,0.01949910019534797,-0.07513628427662017,-0.057399862798688646,0.06492001048095852,0.010723999330749818,-0.4019684536499737,-0.4177544356426812,-0.31732533607464836,-0.017651133873337024,-0.010796284726641073,-0.0318946539642292,-0.06744563059587588,-0.02712097786434985,-0.028457016248480006,-0.024609207644102023,-0.03747926283237165
-0.07099799042129509,-0.04840408414561895,-0.15214211265533167,-0.17267882715087454,0.03365464108932773,0.00016885812322900033,-0.2596892430272201,-0.4103249041343424,-0.3914610113799789,-0.05171658100020337,-0.03194950201884485,-0.03083888393167296,-0.030441521654465932,-0.08020710012233827,-0.1322791199018491,0.02660686724695875,0.007171481356756629
0.023621254324086894,0.010042288528544802,-0.02784248429400776,-0.05501724623060817,0.02616830280442772,-0.030006038560677694,-0.3752037177591596,-0.4325326526305185,-0.21701047439425386,-0.052113709297642974,-0.008338132951311358,-0.025575487243953657,-0.03875032016596722,-0.010573106713655932,-0.04059648834932618,-0.002260913282812925,-0.04650198804393671
0.011618874965322386,-0.002153413412258477,-0.03955451058974172,-0.06955796583941228,0.024328385712204997,-0.0033264436738175396,-0.4978590979874645,-0.32884323814017224,-0.33244378395224483,-0.025382581682282374,-0.02044569676745737,-0.031559722424065705,-0.014941204440053764,0.020120231185044198,-0.09438073376012528,-0.04036703920351405,-0.034146295063912584
-0.025212533936254278,-0.04037565277835916,0.26554382347310523,0.3020129288921209,0.11387125032906109,0.09610283041276932,-0.2758295482271965,0.02337976457235118,0.11757091634128025,0.2209214748582983,0.2676684703614482,0.07019245301893731,0.11417888726472435,0.2411866356596036,0.26268717845093165,0.18311887706404967,0.22234827161568327
-0.025452679922228466,-0.03809615498401816,0.3455939665551353,0.3407605022450464,0.1317552789035663,0.16244448544091825,-0.09695110941271307,-0.03026343027384926,0.10998621376442307,0.24745553014286586,0.3066534139119274,0.21464192783237762,0.20940612407361883,0.2900907965904878,0.327865703276335,0.21209956275436645,0.2028116744558985
0.03953136438421178,-0.0023387703871649646,-0.028688010298699478,-0.047779408306240084,0.09272949770591805,0.0351468783318161,-0.6015954003734253,-0.3897571197596327,-0.29638791871296843,0.009287517817610131,-0.030540755688212035,-0.021921148118564066,-0.07363359151366167,-0.012702676963345119,-0.03224100723319052,-0.03988279587198665,-0.02240557323701376
0.06271418903443637,0.04252218197030793,-0.024715377588935276,-0.051717323348146875,0.033395106072779214,-0.0040100418284345,-0.4316544097994467,-0.3558600965227407,-0.2296034287066414,-0.06203467522413346,-0.03133744146923181,-0.04415171739192572,-0.03681252842790759,-0.005245135703474383,-0.03919952069337283,-0.021632256897383927,-0.026955148836681864
-0.02165040474377417,-0.03253543873599206,-0.09637618952476341,-0.13277821341175497,-0.01742325230135762,-0.033061894909287015,-0.4582308589457618,-0.653836296202743,-0.41733676193920083,-0.10629071591057135,-0.056322726522947564,-0.09238801050648128,-0.06022889415000116,-0.0347336685937785,-0.08663957539066092,-0.023304307463936354,-0.04242143571335081
-0.046797704280332884,-0.06954618997648769,0.324683574058651,0.3515090473083434,0.114864637727383,0.1568411971305661,-0.046615951218796414,0.01806038086776959,0.1277463623138746,0.30074526527693585,0.21722751018306252,0.2226741290272014,0.22535968538309925,0.29035921211792654,0.27916842741638276,0.2256337489130164,0.21759304989200284
-0.05176866741505042,-0.06759628728667579,0.3383211990911151,0.3589260908699321,0.11472180535049108,0.1450676784989909,-0.06390638808772967,0.021330998886349033,0.07658200299970283,0.27886572188180847,0.3219496947787819,0.2323373862837197,0.21382563553219172,0.2802257915800774,0.3006925715642103,0.23140810726534922,0.23012991820312664
-0.026261049491468545,-0.06550439146529177,0.2735473956398075,0.3301674260742926,0.08152091497773317,0.14336685338716645,-0.18728515250550354,-0.017413569464598568,0.10167314906194351,0.2499343000095349,0.27159103169616555,0.20630885366396678,0.19891192635952706,0.2429379990683132,0.26400077797483834,0.21099297686471366,0.21231252756471494
-0.07477739267441019,-0.054434461330908325,0.3126613948932336,0.34736760365265135,0.1746148324369574,0.1360317464757976,-0.06146618654593897,-0.0319827091557988,0.12035188010901798,0.30643449529857814,0.2855623612069664,0.19873676850617214,0.1734878740910521,0.2582652763519399,0.29087601536057384,0.21049590889774328,0.2235469956402227
0.012954294540693113,0.015995927752797876,-0.010122220596780076,-0.05084154247321747,-0.03021911694279428,-0.009459597444518237,-0.5097549370881257,-0.501616185469186,-0.3289983088385478,-0.09989182026340207,-0.05167633672788404,-0.08493475100940913,-0.037545248753917536,0.0034519137238923875,-0.0479236692916865,-0.01233212872842068,-0.03355149867145578
-0.0194083128523087,0.012857987605405146,-0.06381169905953625,-0.0968598230559041,-0.06784521896829425,-0.0005079479000044002,-0.5276392541567502,-0.5796186375372541,-0.38969911738507057,-0.04575274488339068,-0.07084470688369839,-0.05282151278261502,-0.013115677142716779,-0.0551243589593449,-0.05517656554598089,-0.03796921289265798,-0.037570347557631424
0.007622792382409749,0.01605681017195514,-0.06062458806156261,-0.062401097055329834,-0.0848461214640347,-0.012572468649229665,-0.5058858068245866,-0.60772757493276,-0.585671345038202,-0.08228312044942324,-0.06724339763017702,-0.08545584343812423,-0.08367785572073311,-0.12888928775246183,-0.10472228253883724,-0.04577519516028153,-0.051766651332976074
0.03113018218099362,0.022507699158673206,-0.03107978449312069,-0.017765320506320757,-0.05662483078541614,-0.09283890498510168,-0.3620866108331462,-0.269788856648126,-0.2642076527887275,-0.10279331594328835,-0.03117023194763347,-0.04342001756007169,-0.04707071663842076,0.03654634712907419,-0.041614552793713115,-0.05920087009390608,-0.02397585403646127
0.007107653098403346,-0.03673636871609729,-0.029783497119667032,-0.05619385370216043,-0.043271128728701216,-0.02413902113510253,-0.406640583013881,-0.42027103399828714,-0.32507467888409974,-0.07920336205627306,-0.03930499701991982,-0.057753246090445284,-0.07991779498306065,-0.016493063578957117,-0.06597540067236338,-0.018715974784172754,-0.06671789398738177
-0.05942390921192709,-0.020231102160769978,0.317016594448466,0.3390693909189246,0.166755636321889,0.15297473244189816,-0.10657276526119888,-0.0419982558168364,0.0869713113703386,0.28064872914429795,0.2734745359029755,0.22994258860870634,0.18431851016603532,0.26073221693089327,0.26676103183295624,0.2173594015485853,0.20394512905556583
-0.05846367568857205,-0.08669888222939559,0.3383945412637202,0.3532911241463784,0.10366582348726557,0.1536126164880671,-0.027011168292444182,0.013544586448229194,0.11672965726931119,0.29233664600837833,0.27359532070162035,0.20605083100192037,0.2158377685294464,0.2335799188037455,0.303983008792083,0.19792671724079605,0.19962703123832878
-0.24426973984394437,-0.25377928985898035,-1.0864540813049182,-1.1200532366508706,-1.0885401950616513,-0.13654652684837043,-0.19686512056613142,0.5087633996684064,0.5214412582912287,-0.3140083767645402,-0.3524369609098554,0.12486618408874381,0.16374069400766691,-0.06440223909170653,-0.06591312131697108,-0.5901933565970199,-0.52995577652188
-0.048354947845104745,-0.06988080608443044,0.28856321021996134,0.33334287851401845,0.1296798155366178,0.1324165453254657,-0.13505542042571564,0.04660492693271644,0.15260872824780333,0.28246381228527245,0.2864176759458905,0.2187297678572168,0.21386049651190625,0.257133286466155,0.28268854811112026,0.1934255213598616,0.23053871328134024
0.016142108460285538,0.019731792916900432,-0.04339109074980344,-0.047265269967029525,0.010377740725526679,0.020492412305524517,-0.4425170524805677,-0.40646065519361324,-0.29415058476582195,-0.07536474228329679,-0.009116556283049863,-0.06366283273177248,-0.0669829708035639,-0.010463064933755943,0.0034588978796497283,0.0034823921601042735,-0.005822282464023561
-0.006184591619647395,0.015519422173553142,-0.08254294833224926,-0.06874580812078342,0.01736469503845569,0.05962177198422727,-0.4206376454252042,-0.5562760343274525,-0.38957734809317923,0.04634146263353955,-0.04611243522756151,-0.036032924175863644,-0.048354646914253265,-0.1674102112541916,-0.11563228072359004,-0.017785611280277003,-0.06672716672778958
-0.06847397835343408,-0.07175129763412019,0.3092755757750689,0.34830316907703646,0.12313083124138667,0.16853806095601398,-0.08705142677449573,0.016061190173371202,0.12431481118779986,0.2722985634351704,0.2831223726564948,0.2378145247107567,0.20041492053092436,0.21794427743083414,0.3165814963553831,0.20068836147676072,0.2462108037822202
-0.10376939517139132,-0.0679762590533037,-0.07496857890007087,-0.07646545201704111,-0.06692270983150508,-0.05588888688680897,0.07922052546890027,-0.41734451046023807,-0.4101881379203269,-0.12221084973792201,-0.13949939225308508,-0.138682499050873,-0.1390710443986705,-0.10975330219619017,-0.13395666900546271,-0.4431798713519216,-0.43757911705100927
-0.019541834741600695,0.010286218324675727,-0.033555850566815766,-0.036411895965913946,-0.02164475993989962,0.01085926258873972,-0.37862476941914724,-0.37115727776062857,-0.3258420805180398,-0.0585870815744177,-0.0826022256912208,-0.05450385832679301,-0.059047130369949345,-0.12072581673100578,-0.09201476642875739,-0.037316900087095185,-0.054851920882581014
0.0013745750204686427,0.017671296172995628,-0.05521065095744024,-0.048222525271880166,-0.09791595967751146,-0.04041815163972062,-0.47051908388419283,-0.5846370548630921,-0.4561427809676551,-0.030037519097458252,-0.042768869726528234,-0.02203384843628782,-0.06285153898226949,-0.15200273266755987,-0.11451054057310936,-0.055559196384505564,-0.02385002982500271
-0.04801401276336632,-0.038644443049840785,-0.03878857128063488,-0.054275352735574434,-0.03097553999371243,0.02188636210416704,-0.42477744428416947,-0.5306167783253477,-0.3540075555899322,-0.013363645495992664,-0.08578285448700189,-0.07613253636105412,-0.08293725565622478,-0.19142974741481403,-0.16128632621711772,-0.05937132538129325,-0.07855462698181014
-0.05619143640767532,-0.04710424542328267,0.3273767906976124,0.35705235175402267,0.07416152399457836,0.13808340692589602,-0.08184475183436235,0.05764442535518746,0.11128915965135758,0.25817599006701125,0.32277001697575897,0.2228313824076489,0.22912106281764386,0.29347631487448866,0.29522000397515114,0.19993709447623043,0.19827722098164782
-0.004363039321550486,0.0027813982661255756,-0.07205051183342322,-0.05081447602714176,-0.01887349921707359,0.0012597901111295266,-0.5919745509327063,-0.469887978714947,-0.35933926785399994,-0.06552056759407723,-0.029111991698725578,-0.05188385382336695,-0.05044749016956386,-0.05649966984978038,-0.07352713114696728,-0.01090058903546604,-0.04746527852953652
-0.03220099414393835,-0.0551315914484242,0.3490374362025314,0.37939455339003436,0.14209281643905816,0.10611589407237909,-0.11274825587263448,0.05920234053607433,0.1630958150525495,0.28075563584703067,0.28295931853457734,0.2241853353387703,0.19195640970734926,0.2937905573824453,0.3272654130706167,0.20839649555611253,0.18939279108938775
-0.12843523630800274,-0.12308074575627424,0.32607172036222265,0.3358199884722547,0.09264153704749852,0.114245577772591,-0.24426975100378098,-0.04467511652739629,0.10817789591099546,0.24468688157089197,0.3005306662798893,0.19143331466985378,0.18311038594657647,0.24555695452223084,0.22401684144293696,0.23843686897350186,0.24067147841593847
-0.03972397208926049,-0.06598369290764067,0.29195461609168016,0.30271645197553443,0.155554707734021,0.13356280224533013,-0.22147644730427216,0.031184929584035,0.15479792267056908,0.2855923455943643,0.2622241929053128,0.2205316267368821,0.17799912142433177,0.2671276254732806,0.28228348298871514,0.2122561752010334,0.20168790721714272
-0.18553826328340972,-0.19600782302479478,-0.2517766292914024,-0.26302693312857645,-0.04366254047393907,-0.0585868815054562,-0.18082091110745452,-0.4050658385215302,-0.3271312657548009,-0.101866898345354,-0.0783744668213484,-0.08711204000550508,-0.07628239696216657,-0.058048348928283845,-0.10624191150930146,0.02992264048056485,0.021574529301899507
-0.04410837511537054,-0.08634708997897222,0.3230472265206873,0.30742416648524445,0.10931055649696075,0.16718405298362035,-0.01877121590817138,0.030321252186306418,0.15143914414463072,0.28173414330825863,0.3042280037634083,0.21156335436756965,0.1879724520198995,0.2853139933500176,0.29974164816466425,0.18696839513955815,0.2197442406558645
0.01708897739499448,0.004485169687478176,-0.06164728655553898,-0.056924343098667354,0.01847711073820405,-0.0012854880965105801,-0.3771953234488963,-0.3423085998560474,-0.36207120601416737,-0.03257668379997702,-0.01350705644340028,-0.07032027528717433,-0.06717146730882226,-0.001462486945648186,-0.06517160400222877,-0.021798264177943144,-0.026347360078555405
2.5363816967452887e-05,-0.008009477608057616,-0.06843820632443615,-0.08895821089514919,-0.06439232168782688,-0.03707961203792696,-0.4636941684340363,-0.29433916010596994,-0.36555571393125297,-0.09379236893140734,-0.020013867155611622,-0.07446197037305637,-0.07651965036748905,-0.037207891830808935,-0.07010605645667951,-0.04517377169659473,-0.032064654960537314
-0.28408068627889826,-0.366827604555497,-0.08559728527110373,-0.06866252457426755,0.10172517142299282,0.19632749265637878,-0.40353479107877344,0.3227254868432297,0.3593030220812692,-0.060822107290319595,0.035271093348925184,0.019428869176491087,-0.03803147621072139,0.08569700393951259,-0.045489839691565705,-0.15717775847307505,-0.052503034418226235
0.010292610626677072,0.004189087424793395,-0.07972116222545508,-0.04269915884465434,-0.008631696767329578,-0.011801548208077405,-0.3789222778092233,-0.4371202608719727,-0.38731009611018874,-0.03884106950195317,-0.047168869540845905,-0.09784836970373702,-0.06320530503632409,-0.044546307663245216,-0.06382396444097622,-0.006244042236447011,-0.01905105147936227
-0.012830356289023851,-0.09259011999590958,0.31356776589999086,0.30285522600268006,0.14941860653605868,0.13467760895236436,-0.253582288353146,0.028006209199924286,0.1276029834613784,0.29575582246741977,0.271331388202265,0.22716994856369166,0.19574820651145894,0.27285154755005997,0.2862370975627373,0.1739243530363159,0.21363277373901296
-0.07312015779193914,-0.09299809173875756,0.23996385115707858,0.22264534079776516,0.02746366591512652,0.08196073638485188,-0.12094526515394258,0.02897927111783145,0.05371483607087275,0.23935933466772152,0.24406763012593352,0.16120873039174807,0.1512056794959566,0.23603453565869326,0.25561177825716175,0.19949635463625887,0.20327257897438014
0.035287432890833983,0.021341245556778687,-0.017645099377413587,-0.0183103398597551,-0.022272367243456725,-0.05941040675453406,-0.4758621071075215,-0.46705796832364715,-0.4235508772818293,-0.022845837450719747,-0.012222063132849298,-0.04879249940347622,-0.026089942091310565,-0.07844557579757713,-0.06725565887018763,-0.05166891205692353,-0.028469086166548734
-0.042670894178785265,-0.02194354254230061,0.3196024252536356,0.34828220910420266,0.1254842852251872,0.10622987550714083,-0.06639712207308582,-0.004222485218939744,0.0928902338163134,0.23370776477290992,0.31191486646155203,0.20975601127367424,0.20021761881102695,0.2961032081450925,0.282494053710452,0.22471583374812748,0.2053427498143902
-0.03224942985219671,0.05755024680505997,0.009501359004003866,-0.0358587833716044,0.021606467994987673,-0.019391767614822735,-0.5086615990742103,-0.478888587923085,-0.3248009682044917,-0.04018346197940273,-0.04141625926397948,-0.03712154282021737,0.0042037793483440545,-0.03990890492920011,0.018013733323079085,0.00163417755419985,-0.04303957864352192
0.03724747589666492,-0.009291259120700418,-0.019258744392230343,-0.06256764287213924,-0.06473622386402776,-0.01862176830815923,-0.4680939137373008,-0.34514610963976616,-0.3103227938347132,-0.08081997437614434,-0.04925108957925439,-0.08836677207613557,-0.038674603816438606,-0.00538247432903768,-0.04850300525706055,-0.04250972989452504,-0.0351284497331468
0.04515929580995146,-0.0012534573061040665,-0.04892131714523499,-0.048981580924024284,0.03312742405785306,0.019741933267101535,-0.4917408802676202,-0.4565930467579317,-0.34851154815453267,-0.033246753234883894,-0.04615742292842113,-0.07064785489768724,-0.06040698730520117,-0.04316748761438599,-0.05559424615908785,-0.025763727682209192,-0.008860660901214347
-0.07648848964519668,-0.07730166275478435,-0.22207221938692187,-0.23758357929020021,-0.04683464612745775,0.003689331683237456,-0.23210606617101498,-0.282553197457625,-0.2885375869040757,-0.07978886519080008,-0.020617837593409658,-0.07157066469372804,-0.0484103963282165,-0.0025482712198161687,0.03354901021277609,0.02054602264405295,0.03693459842784904
-0.07469692509683928,-0.07398927235551722,0.2549157271489422,0.3012183067672547,0.03466384985007753,0.08914599913000193,-0.07850594126718283,0.008047856585928086,0.14596731107887348,0.25061774066568643,0.278189689366014,0.17618577664957064,0.18107427874188733,0.19331293044449346,0.25031076936367497,0.20599343843569287,0.18670543373620432
-0.15908750328133264,-0.2020878150040429,-0.21402366090293162,-0.19329191892679604,-0.09055718964883862,-0.05405646603296192,-0.6718593807245152,-0.7887458724422843,-0.5475282607952696,-0.1382477957971138,-0.12067465683557525,-0.15697513049985976,-0.13677891100779255,-0.2138542627730064,-0.22282095269425467,-0.20815435685969996,-0.24079970556146657
0.04840665015192306,0.028755690637203873,0.006903756272155362,-0.08422297390248468,0.07684775248013856,0.039282191561752375,-0.3507086277215536,-0.31816940566161483,-0.2937028395224319,-0.01034590111349422,-0.004237632581521456,-0.05418704702585632,-0.04174934098663473,-0.017490145344867838,-0.03580471705861895,-0.012318133204325881,-0.008749868240962987
-0.2429721062693388,-0.28336378159479986,-0.0852344438719814,-0.07912640464030476,0.10452508853632944,0.15589667177670957,-0.37970799434630653,0.2872534698839461,0.26314327732990567,-0.03695823705346473,0.04087736466960571,0.0007630415036732087,-0.013266958853285634,0.05717414116688421,-0.0320550576907959,-0.08561875950133789,-0.019189581740816468
-0.004451771868408878,-0.003037811811570479,-0.07705716394125284,-0.07787864355757752,0.027449865718992328,0.01642592083433446,-0.3430178600210113,-0.5175891752189565,-0.35068065671885756,-0.05613527726627835,-0.036950637907550606,-0.03438876496342556,-0.05948593768776933,-0.04524343380645291,-0.06499755925603104,-0.027979748836872462,-0.02376688399125852
-0.01035077676541845,0.015647927192504033,-0.09034643026810554,-0.0553845498915431,-0.013275870754759,0.005820307998062986,-0.46044913686644895,-0.6043371315556793,-0.45056470801899867,-0.00810834558556464,-0.013708580140733886,-0.04263826937967733,-0.060474086204386865,-0.12127109907084303,-0.09126063705888524,-0.024838986147766282,-0.04751612702063024
0.05407413810149025,0.034960384351683416,-0.033866274214956464,-0.02080779340735145,0.06534381445083168,0.031003625342168252,-0.18280958083386067,-0.36782698919473905,-0.26350989581308704,-0.0006980336346496228,-0.009933276325585669,-0.046945736143232344,-0.023255072092979046,-0.02169020658748378,-0.05040473771058551,-0.01912060268241935,-0.026403291725956925
-0.014428407675600103,-0.02155361492092742,-0.060826381385605796,-0.07077143445001959,-0.0951103529519217,-0.05773235348097973,-0.3477474356718615,-0.3127462028523501,-0.3676608647529256,-0.07733321783722719,-0.09721735245060548,-0.0602387618267244,-0.08765178571525074,-0.11532973784939524,-0.08459009070512342,-0.024430153441321663,-0.04022250536911346
0.03910923749342399,-0.0014437522087060919,-0.01216069174883571,-0.057314228303094315,0.08282765519587544,0.05799696675179461,-0.44561929232212094,-0.24558557262385083,-0.270960093646827,-0.028620165088135564,-0.02287731221537486,-0.03074393391701959,-0.02275271715490813,-0.0119482134045926,-0.04708506564495797,0.004213827834249238,-0.006931710365326522
-0.022227987638372557,-0.014077960948802292,-0.020038391297044076,-0.05904521549645944,-0.055655625909055574,-0.10961950297026886,0.10152851736676448,-0.6144270711107579,-0.42655278523411067,-0.06057898585599493,-0.07200787272012459,-0.08557236633458462,-0.069905017142023,-0.16306794979844647,-0.17129852133350718,-0.20268196230000396,-0.2401678271991121
0.016859169361594047,-0.013758009773894181,-0.08287404368234653,-0.08340805362793241,-0.06178054581707661,-0.05114059997158846,-0.37656086365385494,-0.5021957886815154,-0.3828851036076484,-0.0671575465853126,-0.012146710006466358,-0.044608008480720475,-0.05351680767924194,-0.047134651086769445,-0.0394809333302964,-0.04421494826231313,-0.05844494157124377
-0.06312354336740437,-0.06637854684854042,-0.07564236896931602,-0.03194633547392242,-0.0806355192924577,-0.024568723800470774,-0.4046876500080079,-0.5216290880213451,-0.35695270189010675,-0.039385301458697265,-0.05260323623189258,-0.07602887593806083,-0.06797328961641072,-0.07829053302670391,-0.0965656634937598,-0.0744083879627515,-0.05742692002645452
-0.25397981509707507,-0.2965262202053436,-1.2561160761132133,-1.0339531785502312,-1.1365376212046108,-0.19621267729850506,-0.41622212797900215,0.32410587518588463,0.4455379356184301,0.030049188809491423,0.0039029135081013627,0.18561042218783902,0.19213894096384732,-0.017670869886684783,0.004846348463933202,-0.651692682669716,-0.40265549878135615
-0.2042888428063166,-0.16579882371154717,-0.20813428075597282,-0.14099274227296968,-0.24680132628071522,-0.09665716265197166,-0.01432049340583448,0.4484312802799295,0.5404000419244586,-0.09321146754141138,-0.027398238970702454,0.07726102287306873,0.022259044689544247,0.013585697614817573,0.009899267555576812,-0.13259077462907637,-0.1529089576161828
-0.1142176143599112,-0.060006168629740626,-0.18712895584432576,-0.17335064459928096,-0.053694248596377205,-0.06312270638622992,-0.20206236067524444,-0.27893410139408314,-0.20357222292393415,-0.07960004670677735,-0.0391890913453063,-0.06490687243064618,-0.09485473849707225,-0.08358564267879928,-0.07854360815979144,0.010661269718532682,-0.00817085059516556
-0.03271744047131915,0.04393407340319479,-0.014439571182349004,-0.04935888890438333,-0.06645366943404447,-0.07666707449935305,-0.38340036087120777,-0.3256944014890634,-0.27776949470960494,-0.05692207933578084,-0.0385494299294728,-0.04892940594355829,-0.03631943970210864,-0.03165531929865417,-0.02108717476707518,-0.005824011781190008,-0.023600128014399827
0.007715375228373473,-0.03088465195696812,-0.04563327413661955,-0.07091302300446937,0.007416112498364443,0.01604385249301929,-0.37269062851692936,-0.4189167897049734,-0.41663057508551843,-0.06881814307423177,-0.06014512455813448,-0.07035357373705635,-0.053803687129846546,-0.03101369165367011,-0.08356345365209696,-0.038473650108182364,-0.027692090450713473
0.05678508864607953,0.05492864146570007,0.07207955741296035,0.06674352392862466,-0.058843931957936454,-0.04132389476548359,0.011494615359205526,-0.36526055632528937,-0.3367703811083077,-0.027305300866456297,-0.016680181976947133,-0.1409590743157492,-0.08086286409927416,0.03760092803100217,0.06463594183326862,-0.5105603944609095,-0.45305503336812186
-0.11573721433260033,-0.14710548596174938,-0.2495796243127137,-0.2442463518834051,-0.011627756888565646,0.005628552966543397,-0.1807115810549096,-0.33047853437560526,-0.24041446614712447,-0.08630207904643229,-0.06993765161369853,-0.06902662641243806,-0.077520878133242,-0.03914029608267486,-0.07684170959675823,0.0504773353254173,0.06358940779627952
0.0032266645274287306,0.004244917478069181,-0.06819609120286635,-0.0924761751231527,-0.030170016012640355,-0.04715104135575244,-0.40157477216220844,-0.36389559733185833,-0.3136731535761068,-0.05215339258851851,-0.04850631399264912,-0.060733546608513614,-0.09885894257005157,-0.07438080165172824,-0.06615471016448846,-0.054457606180456114,-0.04161267794965725
-0.08174956761901205,-0.056634168080731705,-0.08729454608352946,-0.05804785829810619,-0.30307347500102233,-0.20215485673964936,-0.39190404741107154,0.0676221027526355,0.10715490626525608,-0.14511342266952482,-0.11004575017496467,0.12755357229980188,0.1478654331834326,-0.03836060963897603,-0.14311986874704266,-0.09831385836562838,-0.13486749700353315
-0.05447597345135349,-0.11812261267011634,0.30172828565656684,0.34123898898261384,0.10720902600845601,0.13727550423836735,-0.10021722343940279,0.042866607325294924,0.1515015959320765,0.23993214561384676,0.2690755785543608,0.21133034945869175,0.1933586115700386,0.2588123110996244,0.27488069964331613,0.1978104674135077,0.2077042354921491
0.02935333666949544,0.0009404724744972242,-0.015298518641515232,-0.052287774606370956,0.047367643726657506,0.004637563250757202,-0.5158755106669707,-0.3620164883221615,-0.34051974465573753,-0.06148516418642436,-0.031442505598409526,-0.0724919449022363,-0.059381331900856295,-0.007116808301364094,-0.03080921055057419,-0.019818519927566624,0.006904537183747318
-0.04215707708591134,0.012868678079901488,-0.01492875722017177,-0.025700091161701348,-0.04358688500302211,-0.09525827648940383,-0.34810437425329943,-0.4675575878821024,-0.2775526255422516,-0.08712146263439723,-0.0665234330181164,-0.05259854828564122,-0.06896793310174984,-0.04033819346481847,-0.04066896039487674,-0.03067572449002643,-0.03698809642360479
0.007245418131286008,0.03935811725588721,-0.03416946745405188,-0.06972844994333167,-0.04578999182906924,-0.034125563853129225,-0.455540948443175,-0.35231911267812943,-0.5627247777572733,-0.11527618025216288,-0.013518288720166222,-0.04195034327846121,-0.033311040198776634,-0.007109589227700397,-0.05489421090075253,-0.01593751632351515,-0.017358765238748703
0.03045499357390092,0.006462716918092327,-0.06133334837241577,-0.030266222585586755,-0.06727534820637439,-0.02534188762678972,-0.5467626529700254,-0.5047737274100329,-0.37035050141794457,-0.06380013784207066,-0.03691403328034246,-0.07761583185350657,-0.06515902158728362,-0.02588140882925597,-0.07138071881076352,-0.051075472189361724,-0.011396508394107911
-0.1485710335690625,-0.10022897617190096,-0.08314601339234606,-0.056034783357277344,0.11680628161327736,0.12800789597330756,-0.35401777196595297,0.3009064840361145,0.3119516732216121,-0.034684333149099585,0.05993070666576323,0.02028705072045022,-0.024147817453341887,0.09946225419849863,0.0016226825896849587,-0.06119500696070622,-0.0017775057808013933
0.015657446763056228,0.025178316172953387,-0.04129423152435959,-0.09350051926159343,-0.06973276613778201,-0.09249877828474935,-0.350140780035702,-0.3574705789151761,-0.32150541212573713,-0.10569486626950649,-0.07679057628644632,-0.09538825913545138,-0.05104144430924251,-0.00653666315163548,-0.13352223589852388,-0.027754926801222594,-0.06164590643419385
0.060264786235361176,-0.005264798723566114,-0.045777853446874656,-0.038065839281416415,0.09528863871477673,0.06652471580991311,-0.4859739713409347,-0.387221144459772,-0.3442525119651079,-0.01447341638825395,-0.022327571219247472,-0.041117965733383444,-0.04004220170694395,0.01798712231614301,-0.02085113949375691,-0.01265107530603271,0.0018059819970442704
0.023677627779184217,0.02079719186344133,-0.0153352326892012,-0.0670524980488688,-0.019889510722418853,-0.057436233196003515,-0.38900642141175945,-0.46736611236944164,-0.30526738529418346,-0.060699852505934106,-0.04857819240099052,-0.09831943524690545,-0.08705825579553797,0.01671638466187694,-0.07824197811697188,-0.022114974953530084,-0.03174567473631374
-0.051416286015678735,-0.05116955481602033,0.28142241799678314,0.2921378301735144,0.14384300833491986,0.14048329497379958,-0.059852775733094915,-0.013446106855317217,0.031346984341815515,0.28184655938711173,0.2963630192125494,0.2102799635318214,0.1792003740991441,0.2228145241737403,0.2641582725293165,0.19792852254010565,0.2037292398648877
-0.008464031967529897,0.022139695244013838,0.017928653534548457,-0.02748854869839852,-0.05316096426565553,-0.07005083695158894,-0.5358856394712483,-0.34678918915891865,-0.2023622959102948,-0.062180092082395534,-0.022244190851095025,-0.0712091467433535,-0.014118967646648871,0.001177560336764984,-0.03759520574789842,-0.046847855997795285,-0.06779338430087753
-0.30144365046634014,-0.27767276508442434,-0.04984187662780795,-0.005818333059193069,0.15076076165006225,0.18778483986759845,-0.46751826652985434,0.28190267132493124,0.2915352268153952,-0.052091529682163344,0.04929432007792275,-0.016233602382239202,-0.030835687837454065,0.15502357920806198,-0.002353914770508414,-0.011845062449653332,-0.003520969203510349
-0.0031518584437654237,-0.01877889978646953,-0.11944937745666,-0.09521902032894133,0.03704106869102487,0.02278649215915324,-0.4296921466501464,-0.3464148776368111,-0.2719052587861864,-0.02966863995547641,-0.03992446826080637,-0.10066151386571331,-0.06048705915081414,-0.05950568604098352,-0.04053720329890169,-0.025518027818069167,-0.05732929240248238
-0.01572286745570304,-0.003921181574616163,-0.09247653725465844,-0.06082999997909106,0.026309923764267953,0.022545148985676146,-0.4071849213453514,-0.2830071613896113,-0.30856791544239487,-0.044881606733954464,-0.05988402226171022,-0.05681180203641028,-0.05156840278842837,-0.03865184543453612,-0.04490872251862107,-0.013307910038555295,-0.015242769186373994
0.021736997169505598,-0.016907876078436336,-0.10105889578057545,-0.05471446056255319,0.030665148476173756,0.022650695850520264,-0.4984081127710218,-0.34324023355371425,-0.28267401294703476,-0.07965137719451536,-0.0070333634741933755,-0.05039851018079677,-0.06042784521229746,-0.03796830690266107,-0.06704183047490632,-0.020272521220602618,-0.020000073951332204
-0.012635071912241988,-0.011061695130831859,-0.053540325671242006,-0.06478732360409384,-0.0420812639530698,-0.058952432050849726,-0.40817774388279415,-0.42215878751740066,-0.36700347423189,-0.09006412029955439,-0.05053402870301219,-0.10153327234898667,-0.059216642142192355,-0.03600706489698712,-0.05642480965874282,-0.019451080175753366,-0.050169110527055416
-0.07055966040244488,-0.06356450812440607,0.3672882829071584,0.3718701165037664,0.11565689984760892,0.08400411847847081,0.002640200968367784,0.09714319731502966,0.14545818551234602,0.2891988919990442,0.2934735725472125,0.23400968397045321,0.2129280792516281,0.33028561921641864,0.2827816574245959,0.23449230284588174,0.2319318814476826
-0.016929559577605818,0.011884683195633787,-0.07719012430019649,-0.050871438313767794,-0.042115983444740705,-0.03174960855806251,-0.5522107443771859,-0.3832245900930354,-0.2697830489341246,-0.040126532144864634,-0.0324612371972076,-0.04854300605872139,-0.030101647226430737,0.0063109493181020705,-0.06061042656539044,-0.014565690141805056,-0.038357598755569024
-0.003546212518293476,0.0022241033276432826,-0.025972259916225638,-0.06264797547632292,-0.062413002759639305,-0.06978583699969583,-0.4035343401899,-0.4813292565684329,-0.35259983923150745,-0.07122988608034193,-0.018526591575391563,-0.0965416205188318,-0.05117651057687626,0.018465071906775467,0.0002695303870265826,-0.010191196404871669,-0.07232681175975315
0.12073475062991303,0.17924519588591856,0.00886397264651941,0.0027538056317621897,-0.2695517970450529,-0.26914700316295315,-0.16598641622379873,0.15984608488280916,0.2440478363743712,-0.07012314027668502,-0.049377608785445136,-0.09385031627105056,-0.116067915061118,0.05378555097365348,0.09425013043432488,0.29798842570268846,0.3074886763772303
-0.21635771595911876,-0.19515697009541544,-0.21999458110453332,-0.22898801474644428,-0.1057345579034965,-0.059608153202866686,-0.20265917199450872,-0.4381537827971172,-0.30070264900956944,-0.1291549951555357,-0.09948641398054109,-0.0330151479253634,-0.06298260837095351,-0.12635682900180922,-0.11444924517277251,0.02345439920356029,0.021767824376854393
0.015085363885940188,-0.007608114270278276,-0.05311627991596659,-0.07451628058465933,0.02960819690537857,0.022140453567809183,-0.3731114856292256,-0.3177344822073261,-0.32244386484338516,-0.058029837260813934,-0.024156225036321304,-0.04186175297303966,-0.046472209290899014,-0.041014341879859424,-0.06583689362050021,-0.04965336842408653,-0.0210228544710368
0.020949919061227406,-0.003985103285144666,-0.03546525229168138,-0.05782044262455072,-0.029103819596865237,-0.052787109447827704,-0.6277519478873892,-0.37277555826224906,-0.31510575718802636,-0.1142815714017295,-0.026315767626756997,-0.07988461454879488,-0.08992218862080475,0.027788257567963087,-0.06362765194927512,-0.01626568298984738,-0.019170905479264887
-0.031629389275495946,-0.011632972345479187,-0.043443195002272755,-0.04842231989115764,-0.04880791146948747,-0.026576279821410753,-0.33349972765518143,-0.4447387482797037,-0.2838133164256434,-0.06323570203300143,-0.028315687733005055,-0.04782784893132707,-0.04420472143517028,-0.08775388055365181,-0.06597149511134712,-0.05797638850049591,-0.037166396000355074
-0.007036766852882646,-0.0013168986025150424,-0.022451285301279433,-0.052905402264675584,-0.04945924104313519,-0.019725345435932476,-0.31941436129745426,-0.39714412063922183,-0.3242403523362624,-0.07051251966913413,-0.05389799888765345,-0.06558722614906429,-0.05500885435222948,-0.046195468765526534,-0.03754512626523137,-0.016012661403305695,-0.01229755629636145
-0.01431597578718555,0.006664294038246783,-0.11582149880675459,-0.048992331887950984,0.01745413572312769,-0.00048320393484176306,-0.46045084842456796,-0.49632351488103943,-0.423394664741932,-0.07446738362124997,-0.012505156791796658,-0.06582152291743824,-0.0525483162518852,-0.07596634657027423,-0.10715525162071264,-0.015787724310216144,-0.04662420205163622
-0.029375386439204405,-0.025166354482138,-0.041448616410525094,-0.0816699528704438,-0.07795810655178327,-0.0619812626051121,-0.4420710664418817,-0.4125513525747769,-0.40272455276230495,-0.09760498659518156,-0.0515102231011014,-0.06936781306561081,-0.03091144779610702,-0.05585597842789156,-0.09223022975583728,-0.026457403239667623,-0.04814332060331781
0.0405376923174988,0.025874466200090908,-0.0016442540175168282,-0.006734435145823113,0.044327077007253114,0.028557554242556054,-0.5272999569238737,-0.4584655707386201,-0.43719991193381214,-0.021305214563058714,-0.03540957182718813,-0.05540030599109935,-0.032381018242619436,-0.06647097162260031,-0.04845273156637572,-0.049720130619795105,-0.018628432844172003
0.011377449899546227,0.013278264896194896,0.11131488734072884,0.10197955797424567,-0.02107226130324974,-0.019720548967485707,-0.47042819769972644,-0.5107650455520852,-0.3768650526187249,-0.06253888924769022,-0.03793982814450707,-0.007013036627798173,0.02836248359434927,0.0063232289690280325,-0.05150277910822564,0.046271328784385155,0.0069031632771985475
-0.03308629519821978,-0.017431072455468856,-0.11547268975182379,-0.15350781861118756,-0.2122143018664277,-0.18387093046777317,-0.6729253289145207,-1.0388860702039135,-0.5487020198190166,-0.06680389750351266,-0.08679654023383267,-0.17610871249432142,-0.11583573504055025,-0.08436001777655298,-0.1354911314913763,-0.03157788456031535,-0.0516805510771852
0.017327823805085185,0.010408758238830446,-0.046270330021421904,-0.07537875021604606,0.08812467130259556,0.0695611389384176,-0.4273636561173011,-0.29511957864027344,-0.3437814138214706,-0.043038603217587096,-0.05103575061080494,-0.0570432113973645,-0.06272385492429515,-0.03250619469777029,-0.03500214284313215,0.024025582035557897,-0.009991558242443091
-0.00102850269200409,-0.022143915937600043,-0.01911067753782728,-0.1226232542710424,0.04118784136495684,0.04990832758628458,-0.32406187439728507,-0.3363790977354186,-0.34740422083257505,-0.0624338067596976,-0.01627902811890318,-0.08071120228970022,-0.021269703770661046,-0.05817534857031451,-0.02478724615875854,-0.010929844994459512,-0.011814788165874722
-0.030471114376093462,0.07442316089031172,0.11717584099868882,0.028195513806123083,0.11051815779077645,0.06347880841675908,-0.41191719892494927,-0.3726143219253926,-0.24030286496161116,-0.05505584292300914,-0.031770251396302004,-0.042942008234622936,-0.013773136969333206,-0.02849377554356507,0.1048794085688573,-0.009447033017836276,-0.029108188288249476
-0.0067850720618290086,0.001958761713047633,-0.048861486413144396,-0.041027658022163904,-0.03052535290583393,0.02431721775862496,-0.5497360768527879,-0.37768135397946984,-0.2979395651233026,-0.05746080201609289,-0.028713643894911187,-0.058387257150576764,-0.04446551583696736,-0.01225835177027503,-0.039473585346746415,-0.04309860612832625,-0.019351019672569303
-0.0037338861248568905,-0.010937585839097475,-0.052380529328447285,-0.05856555672077187,-0.018552231873956448,-0.03563240766336462,0.12711125242268592,-0.26256904006285103,-0.21028856377288843,-0.062256847017098924,-0.061517704160951175,-0.04085643849562126,-0.08695452482325816,-0.014830957030217563,-0.007603962491700887,-0.016446478090083774,-0.04631183872768424
0.011896694812965,0.05596186934822088,0.09131073043333937,0.018416728832055706,0.051679388150778265,0.032159895886559875,-0.3166861234224486,-0.3395935927326528,-0.3367313012548484,-0.06620497290128083,-0.04466325616634454,-0.02523760990662443,-0.026893042789097665,-0.0059153053534932816,0.0483808413356419,-0.021150810331700277,-0.03533645212793778
0.034431239660102614,0.04177981718930688,0.10305116439627733,0.025185850393313353,0.02365959628294987,-0.026267351439546196,0.21769217644088568,-0.36117598713845717,-0.22837678188856433,-0.05233031332794935,-0.011406218895269337,-0.08524874349860784,-0.04344110055735289,0.02322520237595517,0.02483274222789576,0.07782912359347637,0.10557034412665955
-0.017711167422730777,-0.030928582278572352,0.22937883767582626,0.27243500899026724,0.025710351206182595,0.030609892417712295,-0.38460767504727567,-0.09458144036219293,-0.008473193997336332,0.19856058722331268,0.24268637908824714,0.1328720720882138,0.10335876630803179,0.2533335796086975,0.20938747557061935,0.17238833620476263,0.14105784408606678
-0.015859314179213286,0.0031546991171918647,0.3457790871117948,0.3715363555679771,0.09685763710953116,0.10846773228193508,-0.15658472100506662,-0.024206101062784233,0.06865860621425204,0.23908927384027406,0.31532303294187625,0.20094498032525285,0.2037942685819088,0.3227987069166052,0.2800004764099651,0.22604997731024865,0.23678075678165586
-0.048338476632739165,-0.020204572139259105,-0.09056158938695008,-0.07185731698872176,-0.11873293465189454,-0.017925546168157825,-0.3206203729526765,-0.563894345985598,-0.4196831952868459,-0.03315461844709498,-0.06875630121757728,-0.07108960995188536,-0.08071284568144522,-0.06512762556826576,-0.09968392539271698,-0.038082366811859794,-0.03269991681599124
0.025494025566212906,-0.002866715442296051,-0.053007716298769866,-0.06153251211999477,-0.05260882776896485,0.024490849715409865,-0.5665642728342047,-0.5855247409135004,-0.420158722653285,-0.051239424953045606,-0.04774787002370279,-0.038643960810330134,-0.04792924390197196,-0.1003438930004124,-0.1282677361411306,-0.01860203132039705,-0.03213034212204161
0.011118305269161504,0.03136091544120318,0.008182448044309587,-0.04053131715519861,-0.04454028320107946,0.05218093598276834,-0.3801495174607762,-0.5230021594766225,-0.3953656163643706,-0.07426899286042929,-0.05801611480968297,-0.029905936616077065,-0.03658186792102956,-0.043993763765050556,-0.08130047921147739,-0.014786478395428246,-0.030513294040645806
-0.033992989578789844,-0.02017199253800414,-0.0072367905161145885,-0.08203909565496725,-0.08039652704263958,-0.0029019774008825065,-0.5424402681611291,-0.6217560752163165,-0.41125165842565625,-0.08162942359932368,-0.06211926060333661,-0.043862283826342,-0.04590969475005977,-0.055795745422392455,-0.030689832650189416,-0.05870396029481742,-0.039769820644926866
-0.050193060727707614,-0.06475633661294652,0.2757610181619825,0.3278638713493243,0.0677611782822054,0.13524738176990792,-0.10865943156011518,0.02325389089415954,0.10292517378490612,0.32480011041107104,0.29880984173904335,0.22714029188752263,0.1816638809803186,0.250599462951768,0.2710821261922846,0.21054118188430088,0.20575323339164334
0.028170144507424128,-0.0010076129703920275,-0.04277689027509224,-0.08011441095600669,0.04001566793704687,-0.004789865664216512,-0.38227249068612534,-0.47089612286841126,-0.40094010761391297,-0.04819464470099989,-0.008460361958613143,-0.018393539941762103,-0.06519569250412104,-0.03135908240411741,-0.05110047441767653,-0.020013886380783802,-0.05474217708955596
0.008123732028849964,0.006899161467493945,-0.021300902774024504,-0.029043791270166475,0.0014276010179895453,0.02124417770262306,-0.4329812667476547,-0.31784102596894964,-0.23748952829560227,-0.039056012847558,-0.025452671229081528,-0.03226523025377448,-0.05661689633464958,0.019171382860890193,-0.014136791338352871,-0.04064382564455985,-0.014893752465585051
0.034046639088835526,0.02615879148561568,-0.04171330911197745,-0.06202308229123713,-0.02262676377489224,0.03630459980192869,-0.45931553342099607,-0.5229613907378714,-0.3391863175766872,-0.04598092874222083,-0.028373685605248725,-0.03708704892535916,-0.023528894756573524,-0.13576662509176773,-0.09227269781915276,-0.013076908699584517,-0.05283672377018889
0.0005985959958615157,0.020520009121937764,-0.04387859718772517,-0.06390716873227277,-0.02275075226815503,0.01204191981822708,-0.3909979660618743,-0.4125501349408793,-0.3076801743065459,-0.08351322511786614,-0.04579990691433236,-0.04007508741237905,-0.059244846335457825,-0.02811627993909552,-0.025739599038995996,-0.028213904295999192,-0.01578954598520684
-0.07118699586159531,-0.11308891230091525,0.3305891415656622,0.3100800129184735,0.218544919786099,0.3282651031053237,-0.26602476707256956,0.11562809695615037,0.20234770736077096,0.24997750952834638,0.34376297221124497,0.34178485175162043,0.31721362220598975,0.28382825508103876,0.26458131506932125,-0.18132156504879746,-0.20165048517001743
-0.17645870063469202,-0.32149046647620255,-1.2592051246481415,-1.1339332033301,-1.098679831878594,-0.33308724702199033,-0.33537382371207725,0.5233218721005639,0.5428161606925288,-0.02450316372394789,0.03143570345626846,0.14243174579998363,0.16057282305392087,0.07401527968983967,0.07141207099020488,-0.5050712360459955,-0.43579480101621637
-0.16401317423910947,-0.23136321854736194,-0.12229501249554625,-0.09329492832774873,-0.058244925860893866,0.029624766225473578,0.11106237428588345,0.11954705883238723,0.17323257265707293,-0.023104899731142214,0.09485317241060007,-0.02021344585126343,0.008720161511970227,0.07410534088663141,0.13709361281300814,-0.3847567774462363,-0.42662107434318236
-0.19728838813743496,-0.030225929860759993,-0.5554062912866234,-0.6033237279120928,-0.023559463914256784,-0.44625645961359967,0.08638069365134368,-0.5554523447963089,-0.6319452907806227,-0.15518368852189407,-0.095729873463185,-0.022573824527633665,0.02900973763366939,0.1270542291674321,0.054914211623139586,-0.0817348390838943,-0.11583383201422609
0.01741424131860179,0.03213661267607917,-0.049039621046809694,-0.08875706009519982,-0.10122293628513501,0.03726147044047416,-0.4475868268251676,-0.5101740746906702,-0.32285934181648474,-0.06138426450386939,-0.06844402506240771,-0.08509555459137323,-0.03424500272634105,-0.0596630273773349,-0.1054501043135599,-0.02886749496355242,-0.052054586404638226
0.0262373355576268,-0.016126866390097642,-0.13167625239876343,-0.0438175786725881,0.016823468793356014,0.03852345697032459,-0.4918291327491422,-0.6290799290984931,-0.4196446163983226,0.01274992147281654,-0.03225923931517421,-0.057881405359270006,-0.03312202168851379,-0.15976162016266546,-0.11004428460621417,-0.030113976974672076,-0.030837796230477846
-0.0024676457353646143,0.002504646121642129,-0.06576083574339467,-0.020543400313382636,-0.061376806157189975,0.04762553696815414,-0.403529940587975,-0.4870235608817072,-0.36555131550623465,-0.021824704901131278,-0.06260116383128006,-0.035136321101818774,-0.020872844447209025,-0.11194470119467409,-0.08217607503189948,-0.025368277121120546,-0.013599001293003598
0.030737434069615814,-0.018732874446561312,-0.03770659627214156,-0.03630445595849111,-0.0038998674607063537,-0.014540386175481212,-0.28985124389526334,-0.39585957149895845,-0.3111644489430867,-0.038245452834913686,-0.01634299488464069,-0.039478013972345016,-0.043721915722141534,0.011925856383072905,-0.013006361170480402,-0.02602130452519265,-0.0324197610923069
0.04071831409224597,-0.024072213064593707,-0.13007106277973013,-0.10859858828299125,0.04744166680814582,-0.0069505471041726805,-0.384607853489343,-0.29062161354134103,-0.36834234296009455,-0.03557015143245801,-0.03387328321379737,-0.02300914434030549,-0.05997260964674261,-0.08621481047206771,-0.0694077189868637,-0.00872741626689881,-0.03599198165617083
0.016740044195711925,-0.0013290203686156157,-0.029129928372739824,-0.06006894551327309,0.007672582788118954,-0.016902079934794183,-0.3735311647848281,-0.46568408003259587,-0.2483790567625053,-0.058146835530279606,-0.015504236618706908,-0.04554915384745844,-0.04769124969010418,-0.024331217252098726,-0.04295173975737459,-0.04217610862467194,-0.05897390180041595
0.01665580488972394,0.0036989425034158504,-0.02499645205535843,-0.0648996990381101,0.03477846908920636,0.0018443179192561062,-0.32313984754906494,-0.31617154068881487,-0.34132666738683043,-0.051798124196821074,-0.026942903230024236,-0.0717144707386134,-0.08961102770466657,0.010657770341800843,-0.023554022657494133,-0.041694639472855045,-0.011003325826388119
0.03489829194642605,-0.04637737156478524,-0.02858711231965208,-0.052523838194558706,-0.007101068147215041,-0.02473623440348204,-0.34085111804603774,-0.32235490271770967,-0.3065065078800203,-0.031307172371622484,-0.027599811148997212,-0.043249732465099056,-0.05831866982057788,0.005635741586287419,-0.0455219001697615,0.032465462104608225,0.01972199274428354
-0.07933119675098096,-0.05002291928301897,0.3124601478280128,0.2950671543641817,0.1366618565235803,0.16689322861039158,-0.02202128905672382,0.06345106096948991,0.1444704925787823,0.31774628728669563,0.29872307726161906,0.210989760291232,0.17570616572842448,0.27395638262242855,0.2718678207704001,0.21321534332821107,0.20543433898478608
-0.004027512083237388,0.008086225036362887,-0.0652814994575297,-0.04237317355844427,-0.10001103461664029,-0.04935276538406904,-0.4427796788760824,-0.5747420257021274,-0.4350239410882425,-0.07011485273269916,-0.033557726266668336,-0.07206275446405518,-0.08164023091541785,-0.12887176575888562,-0.11179278636270583,-0.029045908835053234,-0.04837708032759631
0.06453658363489094,0.15337002658010837,0.02024086911950923,-0.004994576224495941,-0.2977318931196062,-0.27296598308782755,-0.12094626081581358,0.22938460816672623,0.2517967213293537,-0.06111987777178155,-0.054375708973990036,-0.10479473094869744,-0.09582029369514901,0.05302546685596025,0.09851667478470758,0.2972859660460263,0.29922610525856147
0.0019202978212427921,0.010379841849088118,-0.028676581273832356,-0.02958551536257576,-0.00957504369113368,-0.028640706676807882,-0.4025245173447029,-0.37606891827099415,-0.34625657996364,-0.09883663468059072,-0.07215475410466764,-0.09564227359561002,-0.07777087288685951,-0.03650210146391123,-0.10873896870139915,-0.027624361096379408,-0.0389537863693695
-0.03370728691913412,-0.08334587478083882,0.3033274361537123,0.33252671017800717,0.11425393080340411,0.12108357551687869,-0.06676665931579387,0.007831642484781597,0.1309178764367469,0.2644940781579814,0.2976214021005559,0.2162019974361743,0.18793066695624877,0.2587335926968752,0.268957401556969,0.21439728699943303,0.20167967942389817
0.025852982945996035,-0.0013030585970277714,-0.07944474026290435,-0.03895361518168619,-0.00014603816566134093,0.06884732558556735,-0.4393047830214537,-0.5444928268059193,-0.3196540773569599,0.004614333974912516,-0.0373977380772648,-0.07400363890647166,-0.05434617450329972,-0.11944258542480977,-0.15497901131754555,-0.029644736701639498,-0.05713873771724349
0.020325140614866934,0.029621122248735865,-0.037527830802063074,-0.05340707799570223,-0.012753103028626001,-0.012815477245797353,-0.38482225494725353,-0.4452401274171038,-0.3300354655700863,-0.0285996717262072,0.0034489297354667802,-0.03130880897620321,-0.061314420885039085,0.02313222285428101,-0.016601234052555265,-0.016141066337609766,-0.019269838172744906
-0.07725244506370176,-0.14128928288637213,0.36416427279658736,0.38551111204694655,0.12190229677220703,0.17782892891028196,-0.08961652230139902,0.019095330422435053,0.16523329736120074,0.34904129257980543,0.31541221658196156,0.21816034173086465,0.22808505942868215,0.2813413910510784,0.3139610478060387,0.23476021967945207,0.234650141314984
0.0005543028521721442,-0.030029454060861025,-0.047114808640474556,-0.04188723167749597,-0.00795965319011025,-0.005570741691072961,-0.5134352718968678,-0.3712867421689734,-0.31354921157924165,-0.03605763924441423,-0.0576045608719757,-0.033917270438607316,-0.07267193878637362,-0.014327155716147177,-0.05577435688727452,-0.05133127502017672,-0.07463510873375943
-0.02106328119358333,-0.023227559328865315,-0.0864695496269971,-0.05961141192791455,-0.13192701000533757,-0.017491133102133388,-0.39989795320504407,-0.442101578671439,-0.5143499664739609,-0.05660347776277224,-0.057886584525092336,-0.03372429358933425,-0.05817788830531985,-0.18459606081443747,-0.09359230685274943,-0.06409608955374557,-0.06941740387840555
-0.04882162348918354,-0.04689226849024829,0.31330531204850304,0.29951576123166174,0.13781877744331913,0.16022054788129805,-0.13403723595488243,0.03377270582077309,0.09567771050819918,0.30406352992166874,0.29589109054244694,0.23329861512755232,0.22063348382065154,0.2567379146657407,0.30927959369594354,0.23207957625617165,0.2351185559060108
-0.007806670662559756,0.000794733388212692,-0.000244377696510759,-0.05433749891956288,-0.06026359549383614,-0.08801985061643047,-0.4329797477856973,-0.3508371822977901,-0.33770979697640063,-0.03288556331575151,-0.05839019628235895,-0.07441423133795291,-0.04945966362229098,-0.003955598594615469,-0.04016615182212896,-0.038209437918363044,-0.046921531872085476
0.021210776437525176,0.03590832641263088,-0.018458934883208433,-0.022726447848895565,-0.08160145472224692,-0.004082815780417474,-0.5758370606748261,-0.6315033654805954,-0.34304043378370086,-0.03301864406265821,-0.019243731209154142,-0.05846239686474687,-0.022319743973094327,-0.11465449999336538,-0.10601538977626342,-0.029677106224565274,-0.052314568625236535
-0.07292503580465777,-0.00788864631797499,-0.12153544116833638,-0.19856199524614118,-0.016607717801491475,-0.030240100166945432,-0.22085221947280792,-0.3609970783365864,-0.2746062834784928,-0.07466585350903567,-0.0688888131316323,-0.03241690319919649,-0.03606858254647403,-0.07539834677112041,-0.02150054278326186,0.05125571787837476,0.00015898324560404884
0.04291020133720709,0.01787552768333536,-0.025780170721819776,0.004817737677798105,-0.025947621692972815,-0.02688145443700161,-0.5138508523196139,-0.4407947126719642,-0.3987857004530547,-0.0460520602943247,-0.0015173979439742904,-0.05884630616715547,-0.029608113692798196,-0.00170195370269194,-0.08889209337330141,0.00592944307980575,-0.005189974835337645
-0.035871729156349084,-0.07325234900557054,0.3319869230550565,0.35928724596863376,0.11674707236696245,0.14149340136354835,-0.20009070032404946,-0.018544263381387417,0.13925685292941503,0.2519388030842667,0.2928417621341614,0.21146219612169004,0.2156748173253002,0.3093701887430468,0.28999604987321387,0.2533151609443357,0.22554665419441258
0.0011249668576246176,0.005563716208990063,-0.10603039454043749,-0.06415929161060312,-0.08150651799347985,0.0006687059419952354,-0.36891077656764004,-0.5782868329326961,-0.3095595463823636,-0.03377997994916822,-0.06868374669074745,-0.05805456663236162,-0.056188772701372514,-0.15972290750908288,-0.12477255142691736,-0.014119423267943024,-0.034849987206470485
0.0220019305060399,-0.007912148481409528,-0.11184480705897347,-0.04679929924137735,0.02651418164033454,0.04429867100902577,-0.45617619076370103,-0.3799624105531286,-0.2606647703233108,-0.06275249282453725,-0.04471174534085961,-0.09355364391906934,-0.061396922223573125,-0.013285293267803967,-0.1162358479730316,-0.01795615352336208,-0.02968382020733568
-0.24691228404113497,-0.32589872804080233,-1.1533540183364264,-1.0496626330016945,-1.0074303244217453,-0.07599876256275898,-0.2502585315151835,0.4424173578686835,0.4666699445125473,-0.8636609002930294,-0.7668012432950921,-0.0018084921461620645,0.03014837520119476,-0.16857409915573465,-0.11888428400660941,-0.889511804364872,-0.800278655938125
-0.3501685573175962,-0.39499483043844463,-0.1153520041066492,-0.0929351724427178,-0.0989901308287672,-0.10389657706304474,0.07840995519983987,-0.9906908838231138,-0.6819484405476877,-0.18931599975434185,-0.17779177174595323,-0.16402216747592097,-0.204273807017512,-0.22164318934953323,-0.257693644911934,-0.05597824543211675,-0.06616744182877393
0.006240353584122047,0.006592931581698783,-0.08139703016522044,-0.05352151780075653,-0.0601544464694134,0.007328580844177154,-0.41416904043230107,-0.5548616334372967,-0.3560198486001171,-0.0337044020270429,-0.045852843692236564,-0.043924404431571556,-0.06164617621474607,-0.10852159809569231,-0.12860460971923957,-0.03909831227299935,-0.041418075324102736
-0.013744179804843095,-0.07536568253614835,0.2959785484023171,0.3210457084682375,0.1304229593807333,0.17073504963364183,-0.14024739584744383,0.014366493696327334,0.15274130507260442,0.30361712819421605,0.3389547212708225,0.21308934797980733,0.1629829930095759,0.2553720638858617,0.3106330366273182,0.19238509918513472,0.22710920801622697
0.010973484725922291,-0.016603529749225982,-0.09448842614026953,-0.09255457265341166,0.024802710073073643,-0.004595083890507518,-0.4427105056801923,-0.36920282729792764,-0.3367907985295953,-0.06066918630608674,-0.011630852773100114,-0.0515846420209368,-0.029929020207102346,-0.043469059453469315,0.0013327910241275997,-0.055697133851416,-0.017528649229157547
-0.05029094439951025,-0.05782229569016109,0.2729085230871235,0.3136491215176681,0.1601205428794508,0.14343762490427855,-0.1114621331685017,0.03471322313571602,0.06128807628666326,0.2851951548694052,0.29491317441140424,0.1818570467351732,0.1806764125328805,0.21831193009620306,0.24670625761389492,0.17191796314332172,0.19093587364914286
0.014580109429505337,0.03644064929877052,-0.016675857603267098,-0.06765658074018588,-0.015378278742708302,-0.041558239646555604,-0.4688579076615331,-0.49776904073374284,-0.28249281661742276,-0.0781714326701027,-0.0244265934146193,-0.05981192751318124,-0.0681874434880787,-0.010501556611352436,-0.03973376731206535,-0.029690344552218435,-0.018528645481828126
0.02457148363292143,-0.006329782152054762,-0.11765422156094604,-0.06285706815438766,0.006489495491610762,0.01834458890424967,-0.4381359020667772,-0.3549722609378386,-0.23299758827288472,-0.0351008764915017,-0.04509390646437858,-0.04263838454846179,-0.058603711813469496,-0.027422745211002564,-0.04569580621728072,-0.03853137481104237,-0.02692422110352329
0.03259585587436333,0.03944505026509499,-0.013498550513463365,-0.07477028618645543,-0.0557507259285764,-0.005287180202478384,-0.4747392182467686,-0.6280153557325301,-0.3466428247544646,-0.05437056539109544,-0.03034351444142726,-0.023964972339452714,-0.0528872957118287,-0.04932365721620561,-0.0985678554746167,-0.04117958912321869,-0.028784594737380598
0.0005551784464335479,0.019584177426570242,0.006331162735332033,-0.021150151961609624,-0.00646339879958249,-0.017621074202308348,-0.3390782130955091,-0.29424150259803955,-0.3013201402007259,-0.056837206943619344,-0.005595019082047603,-0.04302442596518567,-0.02763515796227295,-0.005474273196145939,-0.055651868442413994,-0.03670027785735999,-0.011975331395489053
0.010198364669621355,-0.000527457475150604,-0.038523394799616334,-0.034779611735107886,-0.06406987164727965,0.0026908732667864977,-0.5072012604560966,-0.5186190509516078,-0.48208224558547924,-0.041600439850618634,-0.03545937084787576,-0.03445986757126723,-0.053806481104174304,-0.062356408538578934,-0.10026345512627122,-0.036821101110771484,-0.07314637073737357
-0.05150135333457927,-0.026241708814845183,0.3615689359674418,0.38664314700545255,0.14088257390386105,0.17181955591337578,-0.1648207788107782,0.05280959273373905,0.13733834135205725,0.27453292614846375,0.2981046438342835,0.2045247799970415,0.2026095788143425,0.28514035385787306,0.25660002654610786,0.24306987854439685,0.21416387239586326
0.03486146772364755,-0.03332238650691185,-0.04404055835353604,-0.07056368646834164,0.06418969634707634,0.030184575656248304,-0.21411453851199458,-0.4191375917927156,-0.3624821836699114,-0.0749139372711066,-0.03928954929292123,-0.05805715361098007,-0.04139149170696983,0.008570272716180424,-0.0835727973013461,-0.026676479248371816,-0.03247862953507956
-0.03463887947045871,-0.1032762312517153,0.30811649048116596,0.31354908744486776,0.15320808959803664,0.13944566995748595,-0.21742554952683993,-0.010366557450934432,0.09518062376199336,0.2809299973759799,0.28434965373478044,0.24615874419635247,0.17358573666167254,0.26494296415284946,0.2523622513313894,0.2263449924731588,0.2415972467241806
-0.1259384578852845,-0.1567464315151092,-0.13618822154195384,-0.10650141742576479,-0.1852659718285678,-0.08886945547670222,-0.6367384821280919,-0.6970445343907137,-0.6582764068302386,-0.03708220705748244,-0.06294057410181722,-0.13115137215897787,-0.10441073804358751,-0.10383896921457514,-0.09562988568625748,-0.04189331748420285,-0.06100310832554012
-0.016748446867505238,-0.0035231597764493537,-0.06712439981043308,-0.07718533044742237,-0.04638543929145034,-0.027390686145999214,-0.4906069965792625,-0.5792996785266115,-0.43360761620475863,-0.03008568712773994,-0.05364179834056141,-0.0627528075268147,-0.05562880733749653,-0.09924375215220527,-0.07844601627888492,-0.050903935650495495,-0.056168166623209094
0.030920058862033174,0.0026333593603048147,-0.051590226223660496,-0.060906135574905436,0.04715429639717716,0.02315901502145437,-0.32825867844742923,-0.36214521367234953,-0.3482311388135371,-0.014953687599207515,-0.02952390491150707,-0.06484220629354273,-0.06671721345457594,-0.04317742037261467,-0.021527370793511226,-0.0339098508406959,-0.02927154406289865
0.05027490676510666,0.08650360965694287,0.03961146987332862,-0.0005852074522291671,-0.06554185831534431,0.007645170724920417,-0.40457007507570214,-0.3928764257305405,-0.3138582653694287,-0.05297725672700249,-0.019447053930205956,-0.05489449697813512,-0.04134290918447233,-0.02809820068647249,-0.08930991435425502,-0.009125515227075708,0.007910557173043701
-0.03727147595394534,-0.07204813902991354,0.30853217055355936,0.3458065036282818,0.15913500004007056,0.15971617897641985,-0.19116151987695879,0.00575846111606351,0.1139068858011093,0.2973098790652612,0.31577682368136667,0.21975709204517158,0.19110941744357893,0.29088473583218044,0.28191646066360865,0.23846591613109075,0.22655854351233426
0.010900635037185087,0.027754865559024428,-0.02622954663595978,-0.060102380489989886,-0.07231610636342545,0.0029396155958239206,-0.4990415553170816,-0.5541563022562176,-0.4160408497563756,-0.029934328599998214,-0.03740837717744585,-0.017773434103412977,-0.08946510147113956,-0.09097220776106882,-0.08622633628145186,-0.03406588089414927,-0.018303020301839494
0.04348947561117532,-0.0003840935254914183,-0.09986530848678911,-0.08937800521127083,0.016127934769978893,0.00945694010655836,-0.38500893689407956,-0.37486905598311937,-0.2639254994049657,-0.051026891282208005,-0.03669531490521538,-0.0733519713400988,-0.06487966167672536,-0.059635389087845575,-0.03861213095094925,-0.07019877260618322,-0.06972125962060574
0.00474901420617005,0.005177365200498471,-0.0773448647647147,-0.0749762204024182,-0.012805396221464939,-0.05449176672264795,-0.3874011938466781,-0.2957083547093357,-0.27538519141776935,-0.039740725954407655,-0.057215991018729644,-0.10483331843567545,-0.07249460903990218,-0.01568817126379624,-0.04926964234633269,-0.07197762607874791,-0.06668821465986646
0.00352875980053914,0.0012697863063717563,0.3300995798447969,0.32017110893217915,0.09933382732960909,0.11941602432923162,-0.18215351265034474,-0.08017134477196863,0.10530488649728706,0.25568502595196846,0.31322291722307555,0.21802809258544642,0.19614601491102576,0.2266722040185892,0.30152377891755044,0.1989415761854991,0.2038029140057146
0.031134950777432596,0.05203419305731471,-0.05432202501897963,-0.0728137896024042,-0.020692261322237306,-0.006367420346496428,-0.43297784730380046,-0.452977170633034,-0.35759934016375233,-0.02956952799956267,-0.020224187283415296,-0.11183340033507275,-0.07782821568598144,-0.07952173301272648,-0.13089033726714974,-0.07175722782902089,-0.03360756123311798
0.008871092914761633,-0.0079721890501384,-0.09004322799874763,-0.06858080833581932,0.015353398708133091,0.046915226152880275,-0.3793788017903698,-0.38191008791741166,-0.27720723156428523,-0.04675934671710637,-0.046015136799429535,-0.054144469052383445,-0.04314324103884839,-0.058625524911160645,-0.07617428658359245,0.030089477156025574,-0.018523301064148682
0.02833395753455608,0.03906054260099846,-0.07706079713347444,-0.08795851828699426,-0.004363674233381636,0.010349489775029268,-0.44384945199176684,-0.4519519666852925,-0.3100957686898953,-0.040881290354156385,-0.06370116505849215,-0.05629959613833172,-0.0774014957697641,-0.11970138410290515,-0.10844879380258661,-0.022523200902460554,-0.05638424654493341
-0.13927659670002202,-0.19554342619608778,-1.3147493855324444,-1.2769761168985931,-0.0703439939614281,-0.10102055096682286,-0.4524076462384058,0.49216835508691514,0.48163584989124114,0.09134388849970088,0.09412612272023926,0.17659482149338532,0.20830958583519904,0.19329267253985954,0.2078133478236021,-0.20529659757355714,-0.15713431472144057
-0.07131378687010614,-0.06439155074563445,-0.0785616957785129,-0.07631234593866489,-0.06255432953676686,-0.04499637111205768,0.14555593270522288,-0.4215554181666705,-0.32523998549555355,-0.11459323141312965,-0.08932896156671773,-0.11185346417251493,-0.13132571944867658,-0.10528714790564576,-0.15462189728250034,-0.4000834333739188,-0.4189838772701697
-0.05806813588000742,-0.1149610642671249,-0.07085211250351736,-0.09503989065494571,-0.14645319629383136,-0.12479193740289622,0.03286897454592145,-0.7200865501642714,-1.0982243825194777,-0.08475097516477817,-0.08952389458418922,-0.13357591766373098,-0.09107519597885386,-0.09688292247434066,-0.15706976210729998,0.022776598935822286,0.01821826727039162
-0.03460698879296565,-0.07101520131535105,0.3672927356984782,0.36963599972649636,0.08255954366022787,0.07002325264691513,-0.1421930746175131,-0.02004447165452536,0.11007809962349409,0.2283738227020548,0.2829137798287914,0.20110792389410947,0.1998164489255969,0.2884433841047353,0.32273503513835744,0.22651941525980598,0.21440958778164965
-0.008042190517333278,-0.0008904732161802146,-0.08961094011152185,-0.06672822354480136,-0.06103900062121805,0.013015217998435141,-0.5037969009311982,-0.6400322278750736,-0.366594686198863,-0.04306447855059849,-0.03966562666596354,-0.07889516875315422,-0.07620985090664978,-0.15557518658503244,-0.13929216922112936,-0.020218887905739117,-0.03554370607707391
-0.008312415675342683,-0.011939023884785249,-0.14491299404429975,-0.13670106651366382,-0.16776335876568452,-0.04626113959309556,-0.6131123797311034,-0.6404275126503118,-0.5624106744170467,-0.08728072750797572,-0.12137227592025615,-0.09581791811823699,-0.11595079066541923,-0.14289358768793153,-0.1338884543026603,-0.03721275126588262,-0.035947185981938655
0.018384096862989273,0.0004282451659209866,-0.06052585446749055,-0.05505859133372073,-0.005274191136694657,-0.0012012713602701126,-0.4593216321641654,-0.3671201146574363,-0.29791172266715027,-0.019312321995886856,-0.02354579237189938,-0.044661105878460346,-0.051466404021236103,-0.08455019857632386,-0.07740214296136967,-0.06084660603552928,-0.040571845372921495
-0.03192605095517737,-0.029580652436971132,-0.09580761243288596,-0.09135745261911032,-0.06545613356981868,-0.016317912538288227,0.11501322717657726,-0.45291989312829817,-0.34639149652855306,-0.14574038860273406,-0.13752378824366066,-0.12551912435214382,-0.10317565996710797,-0.11526251555432021,-0.13856423322814007,-0.4959498295192536,-0.5172981360409328
-0.01075236600617661,-0.013536828821017949,-0.06971525640418112,-0.05747839555005289,0.043028301799665034,0.004299393267839245,-0.4502299162826229,-0.3535990013448689,-0.32776340065642423,-0.026450396197556302,-0.042375824292260146,-0.04521694281096507,-0.05563146607848374,-0.05846300614162967,-0.04716684527974613,-0.024467604728227375,-0.015424674247782036
0.0002792524393147097,0.009029847789561882,0.0006700809001731311,-0.006296532125224858,-0.06954692424126306,-0.06530701986564481,-0.43642849876016504,-0.5273241102019769,-0.29352215880333443,-0.06174430417965652,-0.06895449349379897,-0.05461189817267843,-0.06048531644931387,-0.04354019860657541,-0.04621160035805884,-0.01651991347107289,-0.001185450962147797
-0.045441979234103334,-0.10713889500071672,0.29097095097416303,0.30012680460841806,0.12365450717439214,0.12604685721931758,-0.1352345776344732,0.05161256181816905,0.08798253105660826,0.2700932464810507,0.26131662802885525,0.23689366658965513,0.20258821633114688,0.23631777816897223,0.31753971710529083,0.21969050132204884,0.19454503227571346
-0.07513072665289514,0.003062599659379114,0.04584442765624127,-0.0016395125049689049,-0.024147825930184778,-0.02080201307395223,0.1732097314917435,-0.3395592140789857,-0.2800543321750428,-0.09038383041053584,-0.1013443701569469,-0.09412830246477856,-0.07217545385842296,-0.02598848934088988,-0.045043695972659586,-0.06342267694163727,-0.09989171989491585
0.018452580863381716,-0.0025893012101878333,-0.07838006826954282,-0.0849907639608902,0.008228032219691001,-0.03088585521228997,-0.45636302204679124,-0.30997870014964146,-0.22798309895899696,-0.04852353618693861,-0.022543824775873127,-0.06842404222789879,-0.09977322265194728,-0.030562939412962134,-0.0932146561558736,-0.033912327992895716,-0.021937839812070273
0.05041192933331694,-0.010556634732454296,-0.09912860853076484,-0.07532321376165711,0.026881990016445683,0.027815595243285043,-0.4168469917020992,-0.3816931786750322,-0.2831890237096493,-0.01088104880413183,-0.03615142028284671,-0.06663906656711939,-0.047534386558513886,-0.04461892333828829,-0.04489213474630062,-0.04882561505854996,-0.008788277233512854
-0.0059670802512498755,0.02850072636739656,-0.05451577894875163,-0.08999477350399686,-0.03318866687923759,0.0076413976763404735,-0.5402619793441137,-0.5051929620939819,-0.5399622329418007,-0.018472050162149818,-0.07990934146820201,-0.04211567036308291,-0.06025098020274393,-0.09763158481293499,-0.12571623619289982,-0.022173884307779914,-0.05599987920531783
0.01511943415647385,0.024275589227545982,-0.05804429745068262,-0.027618783776127465,0.021957124489270643,-0.020737178775540828,-0.4573910788085491,-0.46925097329893306,-0.31323159698981007,-0.04635126664617074,-0.04448794892765772,-0.09009362872246651,-0.053351953289402045,-0.020037068258515964,-0.08547934548279827,-0.012697218585638865,-0.0263805337604083
0.025151576880496018,0.013638459364169643,-0.03228560016650913,-0.041323941387205444,0.04008048246420548,0.03315594994180873,-0.48152031114394944,-0.3619282135709667,-0.22272658221833377,-0.04784222287584031,0.007684686429655696,-0.023821350446475792,-0.06387287481013088,-0.04517620245504244,-0.06036790246883011,-0.020106981930097842,-0.0017304722406221082
-0.013224373564267974,-0.062426941641382454,0.294762454767576,0.349078195984632,0.1454962822438343,0.15435187050803156,-0.1372635348645959,-0.01875096488613383,0.13422194188129716,0.2586533557998519,0.2909775445474784,0.22988853855150387,0.15888125916345588,0.29520602158429743,0.2613743165475591,0.20968925934039395,0.2225900704997146
-0.03611723090133453,-0.05561044645125828,0.35444196648240744,0.3608052074799891,0.15683012043704372,0.14914150400928108,-0.07981991353645149,-0.005515464958935691,0.14628476848312255,0.2781413959261688,0.2806778308012277,0.21347430822733054,0.17680574621595424,0.2727742604374602,0.34032521025736945,0.21580956993059008,0.22634320230969773
-0.05320850001939904,-0.06856506814677779,-0.10068998999878367,-0.09918048509228738,0.00015030905141964876,-0.04091692397892868,-0.7469620401541825,-0.6145164945971525,-0.5426178964058557,-0.12023097617473615,-0.05580977314215899,-0.013169228757710783,0.0018396166986743717,0.010223060034547465,0.0012465389988119049,-0.13144124814146,-0.15333236278898973
-0.002373680359719255,0.011373795784720466,-0.049492798052196696,-0.08389085501977361,0.0210813879170719,-0.025177695109775963,-0.3717008984684315,-0.33928498384599814,-0.4282867748779852,-0.03484467740457421,-0.02680268338817799,-0.03274801304383552,-0.0650771947541996,-0.07803100642131115,-0.07803436734085333,-0.04146136097481179,-0.018791609680637113
-0.08114903539516055,-0.07085337123934367,-0.16574454471635977,-0.18775203986180883,-0.09775181343632627,-0.01083569084389372,0.13407194043129333,-0.3525412883991111,-0.4343460209032312,-0.13493855363980434,-0.12111679336239999,-0.15543661109758497,-0.14273927395189606,-0.1063177163610447,-0.15190895054809153,-0.43765835276344284,-0.3911956703995821
-0.037007503709509934,-0.023170282709294124,-0.19616977824265086,-0.15608898583805036,-0.12605693375518146,-0.10431849599811392,0.1300994617754816,-0.40497227495784455,-0.35637478171075504,-0.14713853551253497,-0.1158255790816653,-0.1270780916103911,-0.07647379352274641,-0.06361395539422314,-0.07451368039772704,0.05856851784745591,0.08086074989539535
-0.018507325707642408,-0.07810905622485294,0.283401094089119,0.3334784467910362,0.14843118492450538,0.15994603321024656,-0.3098617295780978,0.008274142730041296,0.07781540607580076,0.2768277256428502,0.3063844458167039,0.1966943570911964,0.20325686248247926,0.24086847889195206,0.2992987249234563,0.21014582263206463,0.18451236064372817
0.011005404641102733,-0.02399865105713959,-0.08983987459513969,-0.07454703179315292,0.0006233898473205926,-0.0023974098421885976,-0.4205220737886961,-0.3929780493897588,-0.30804029291242774,-0.001683231219351728,-0.04438329387676172,-0.08741019697602259,-0.05057924617670621,-0.06756335347880726,-0.0867804049751312,-0.03563718197405959,-0.05751138948770911
0.03790725944112414,0.05078220833403345,-0.026293255875786712,-0.02851171505347624,0.04968935939887167,0.016186287946808094,-0.45390606106632136,-0.3442181680734925,-0.2923201162092111,0.0020586703366122705,0.0049245083617905,-0.03045333947185044,-0.025132857712563298,-0.017065617641438966,-0.029196988313050155,-0.03929695930981389,-0.009526624957870003
-0.0352667299141361,-0.009061523091329857,0.339682888794691,0.3729024387895069,0.09242828775161906,0.05203016613896798,-0.0775212992940029,-0.00304173920370355,0.08287302543694663,0.2902611645318366,0.2719870229908663,0.20645730200706397,0.2214829330069737,0.25019429816708794,0.2738197590588438,0.19902230285725,0.21420722524137525
-0.008664874925852105,0.013858519538649774,-0.01672685362479962,-0.013998053235363869,-0.0008403797467015758,0.00824800017929328,-0.4555385110421739,-0.4116359191307242,-0.3025369668481879,0.0017279551883930822,-0.04324460910668432,-0.02875154089516801,-0.05770472763849262,-0.09371886590196929,-0.08869033445204395,-0.016617820860972278,-0.03687467513355766
-0.025839423010753267,-0.030272956456393007,0.3615683390210759,0.38307234922719124,0.08332945896660708,0.12347017652363318,-0.20849485037447874,-0.016306000067602758,0.12381704565333518,0.2594476038390068,0.2692553345155791,0.21476145697485566,0.20828222513772954,0.29700122807032403,0.2598137856515926,0.2413304468140494,0.23695699367211795
0.011317004914694038,0.026406147966730558,-0.033947329238579155,-0.034336826484301815,-0.057424758114424816,-0.057704053637860755,-0.43943279033777405,-0.3506956124162187,-0.3219389098374932,-0.04852589714631485,-0.030424663713936883,-0.054405218121627,-0.05937971576284945,0.021815516008185057,-0.04356336238230879,-0.008614200977180178,-0.0276851708996418
-0.1256248168065759,-0.12054633476575373,0.28059441032182825,0.3384769673936676,0.08877579935919747,0.08531925611992765,-0.03808457409147417,0.07164793585035045,0.10620717451366055,0.29611587750522445,0.2984115348567721,0.2202284143852228,0.18683351756141453,0.20303333050000477,0.2753942646622397,0.19656070602236214,0.20727844046265678
-0.05511915763443123,-0.05804720212798973,0.3281722306374405,0.33877610597250113,0.16978389554647513,0.14788476329119352,-0.1421942755031661,0.08022948635911024,0.1393058830182548,0.2516864108909873,0.27364039853596217,0.20650653324626086,0.17741693470253422,0.2843148212180201,0.33451176355023804,0.2104665835681433,0.20796884441098915
0.002958175703494673,0.031242018717728026,-0.027744164395307008,-0.005951869265949521,0.009049159749192867,-0.002335683627775755,-0.3428484184810744,-0.4810098473398014,-0.4155802311581103,0.009408716487210101,-0.03665674693275738,-0.07939880087763579,-0.0220433650086661,-0.07788623725457373,-0.11105856760320419,-0.03153278494722634,-0.013946191049181409
-0.05882210333979664,-0.07156871998600835,0.3347598761822476,0.3686221232910792,0.09086561622286476,0.0868486563556691,-0.08454792774336192,0.014283362709337057,0.1479956738614497,0.271192904537836,0.2683470189462135,0.21606225483238062,0.18788172473024747,0.286017715462473,0.28243667219163066,0.2537325831129468,0.2205101679884243
0.022922715842412972,-0.000786577610931213,-0.06686601201728753,-0.09779682430020727,0.02993068426489217,0.020652773828114934,-0.3267608874943193,-0.44943134587727296,-0.2693309524692403,-0.06229454812249752,-0.04171489589709008,-0.05581734515113525,-0.04531111894875734,-0.04326132692092081,-0.0367834662585008,-0.011385888145593756,-0.022479584425164612
-0.05786929296731184,-0.0717465809117843,0.26661213330955397,0.28224711951771286,0.15610368214794243,0.1316132663519711,-0.07936540756072646,-0.01239883266428545,0.1371273650668329,0.2939153858225059,0.277385979788509,0.14832556734682775,0.15514954431326505,0.30181231963259364,0.33153697620044653,0.18812911785539926,0.17856769663354466
0.007599083695218347,0.019645624122841814,-0.03715285325425945,-0.05626323638964824,-0.10936923464786487,0.009668197682560864,-0.4580629071692913,-0.5191063358337802,-0.5309422688537473,-0.094444061128573,-0.0879815947348051,-0.08172471418596436,-0.08657977866687705,-0.1193449141695525,-0.05865531331245187,-0.043529398776365524,-0.03581381754205614
-0.041273441529045385,-0.11411978668172632,0.34795858768783583,0.32102158063028197,0.10672670932681569,0.14981099355684926,-0.1317077206213123,0.12187149646711037,0.12266160045453349,0.2813511746167931,0.27506906899524264,0.20375668983556183,0.1955005593516284,0.2870030399905832,0.2724921268355663,0.20331965563347865,0.21781446891026765
-0.21663525812227533,-0.19534484826244708,-0.19834690825800802,-0.21022694161868444,-0.08262118096430307,-0.05478785324321352,-0.24091693442074685,-0.4175553614007841,-0.30500955828150283,-0.10291519106114176,-0.11652191324084085,-0.06077746306544139,-0.05154903157267832,-0.0827324756565181,-0.10816670647308091,0.02059845091027222,0.04240421387690937
0.02445785166069829,0.0035027419184509626,-0.07802451817413696,-0.03709047713873225,0.03786051947675777,0.03554251411044932,-0.27659976506286665,-0.29441691087503313,-0.3850336013382243,-0.047527840041905176,-0.03636736780244526,-0.07634718073048502,-0.05513970907820451,-0.05024698608780598,-0.05485555779776369,-0.00937928416305083,-0.00487785966845692
-0.22567961516748808,-0.241370537671986,-0.11095377462916035,-0.20541582773084852,-0.17832664934756692,-0.17403914264342585,0.008380110171942796,-0.8129765374013528,-0.5688724056451187,-0.3791736467321396,-0.3419585428580577,-0.22997787190842156,-0.22096583891547447,-0.3444794493593717,-0.403906943658368,-0.028104808859710843,-0.06550859936078443
0.049058194292393144,-0.0038399763500466667,-0.0445734169925764,-0.09414274388109976,-0.008032598644871006,0.009543278214688452,-0.5069768202778459,-0.2933022260260709,-0.3435283562099592,-0.05328367843835395,-0.02871710799157715,-0.07166566060557224,-0.04906610752591556,-0.052942282159010555,-0.07615965013120563,-0.02435626118731051,-0.04745069356910727
0.0071531409995267276,0.00508199058326869,-0.07439407579737262,-0.04394440025387994,-0.016425935228932226,-0.009396319092510454,-0.4229797787100772,-0.3721327954714195,-0.29764609360477134,-0.029870394440918536,-0.042857035275045634,-0.05119521281618264,-0.06340884698130232,-0.06117208513790586,-0.08071447727369499,-0.02214756232182287,-0.03053001492751531
-0.019592893497550192,0.005640354483253938,0.3176075038807573,0.38147303863484233,0.10037747468933783,0.14680443347068453,-0.1560003255545901,-0.06363511863728165,0.06267008993903085,0.23761618641244694,0.3019085720730399,0.195665148316277,0.1909539774741368,0.27965577032762323,0.3036345085049652,0.2265047970324979,0.2225809000738431
-0.0552668329729035,0.035181307506443944,0.044449191002283554,-0.02904849416769175,0.007241712429394642,-0.0438347748074013,-0.3261203806183214,-0.2974723754064564,-0.3592782249003834,-0.058707855326120474,-0.0687241425442109,-0.02300682128900913,-0.03844737222445602,-0.023225183057042603,0.030561505567554003,-0.049398057321066384,-0.03963059813727515
0.014379094948907387,0.030355997503544334,-0.06680339217418292,-0.045436084374207146,0.0013036024833119038,0.014263763629432878,-0.38221848424858573,-0.4191808625801669,-0.27480218190922107,-0.07303199500829446,-0.03890649007849452,-0.086742618771533,-0.0800325231415657,0.01891723616702914,-0.05208276737265591,0.0017174325826917818,-0.009830482437110714
0.000785092471319799,0.01051047084323176,-0.04365385964285013,-0.0578402101206097,-0.05291907787948215,-0.005224760537859147,-0.4644717744123793,-0.5287841290854411,-0.3818206040015951,-0.05159138253265396,-0.06088426692293371,-0.051363402315671804,-0.0644693266630072,-0.08240352126399314,-0.09194066028976253,-0.01423673466827394,-0.015766751202338593
-0.010064844774375624,0.019643557639902134,-0.02662195626903751,-0.044434727064110294,-0.06559445908792717,-0.016753962437419403,-0.5175888812867373,-0.5517666341724246,-0.42654834715567613,-0.05483169834640483,-0.03955979064862237,-0.04327298231813056,-0.04004248587598137,-0.14090764809916015,-0.07053004004379305,-0.03742507280682889,-0.032657444829407
-0.10161426226805467,-0.09117402121476485,0.3674197267806874,0.3989405244243844,0.0713341233198444,0.11369358508470159,-0.25138760082282674,0.09658386937846992,0.21232598058303978,0.28330235412552796,0.3417716083088587,0.23757708021287663,0.19434088256693866,0.2937348933666316,0.29634756607926044,0.18676947708404742,0.23264270923789496
0.027750114495502975,-0.008340263268935161,-0.10121871338580386,-0.057289215822393325,0.029265128728560713,0.019732247361526976,-0.28394255622754205,-0.35944404510674316,-0.2426388006947577,-0.04754855876625115,-0.04222939871914204,-0.03145062657970651,-0.06834923259378269,-0.04679984087365076,-0.10189532221226659,-0.00870160891184151,-0.0404037546730515
0.0030848314437403055,0.007810361661668178,-0.09962033590461289,-0.09559570691764822,0.015885864924727783,0.00503332868767067,-0.37686464753878646,-0.3267644396235763,-0.3171505045545648,-0.017763154331791892,-0.045811722463211954,-0.09911006357659458,-0.055215284676579594,-0.060635422403009946,-0.05680066743053471,-0.06421178916084727,-0.04487552450863622
0.0019533070781832767,0.023405998419855724,-0.005864765227437003,0.012600750566410182,-0.05650987577228946,-0.02055073032483117,-0.3966449373152877,-0.4728849221969798,-0.37056114843819177,-0.04874499919688874,-0.07323622072186702,-0.05425940793361496,-0.0024894133935541994,-0.008721798354757013,-0.017965582104662023,-0.025729622288336137,-0.03213109777482316
0.006897915425328487,0.03126962582657648,-0.07033859582400377,-0.05186202862225157,0.0024994564060893953,-0.03187497754368204,-0.4373825831332687,-0.48583949498449397,-0.46227246677674755,-0.08877131281920812,-0.04700675957221201,-0.11568612230375529,-0.05922513380037958,-0.024314276667913453,-0.05644865444207971,-0.03163065188051049,-0.0395756318670747
0.008658112880287394,-0.006404572571410161,-0.04002150291317777,-0.09535972929142396,0.029617807653575006,0.012784247402622162,-0.3667281247642434,-0.23475522978429128,-0.27680466972678197,-0.044748254687474884,-0.004139524290252737,-0.05340513104683602,-0.06318186019141628,-0.0264389797460845,-0.061052388910183185,-0.04454915050006832,-0.030545736462120488
0.0017183943228818777,-0.09547053082287965,0.30454949011736115,0.3326188331188075,0.15682847136859315,0.10440228473356111,-0.20497358964922083,0.028800552626668197,0.1550626490251448,0.31545632675525737,0.28940638879465375,0.2231427276505126,0.19713838046231272,0.29149710172669363,0.2684665242142633,0.22045862662502758,0.20485742573022697
-0.055633038728975216,-0.09771643449848437,0.3059562701762845,0.3017549794110165,0.12546307633203518,0.1325436650001721,-0.1977346865273392,-0.04513621280007658,0.11287454666699351,0.29204151125943223,0.33053408408738344,0.19648195989935835,0.18321091836355743,0.26014778882117967,0.27128230182466356,0.23867899905722578,0.22205314988787828
0.00769588937897724,-0.005206095232852093,-0.08296973268712758,-0.08628592093380093,0.07914018905648904,0.02231331557888074,-0.5785523998669425,-0.4808316429320716,-0.3564078237262763,-0.07100634475918935,-0.048784215641039276,-0.06043065186054201,-0.023520855820257626,-0.011722856787073908,-0.022278763732216638,-0.010203305473736296,-0.019649997820972407
0.027669697650709233,0.04220509472602944,-0.037357476018798394,-0.03303907764192699,0.04635743711565573,0.0015380794388991806,-0.5472342433909498,-0.41462630271904616,-0.3392197927774249,-0.07912137815876,-0.0367490289273799,-0.07495668470478711,-0.06574883360291076,0.04735465219329657,-0.05661018723881083,-0.006323829014797834,-0.018498305422995073
0.03611280248345781,0.038896175516269595,-0.05398462198469314,-0.07568888198786676,0.07857151861683528,0.05333355828605468,-0.42924971990373195,-0.3394483929080127,-0.2522197468848376,-0.038765259567507544,-0.02908773881357572,-0.07387531877342206,-0.0169036598599315,0.010582805473945913,-0.029024479931105775,-0.034277361324781805,0.01534412121130429
0.039709815902650866,-0.005651817536024677,-0.10217327208034441,-0.0632533170417166,0.027360432396108022,0.02762953751351923,-0.3128093353246436,-0.3673648804768367,-0.2178869073126076,-0.041009993782725046,-0.018353798714401185,-0.052370776965351126,-0.06671603386449487,-0.08402293644169315,-0.06646427429371664,-0.044433436119153985,-0.009556661491253325
0.03793511413148381,0.04037715136111484,-0.0727747779767526,-0.059885832985211856,-0.1298791339685236,-0.03792135354963257,-0.41814117668991924,-0.5752985131792784,-0.4191807197062189,-0.05964088740765855,-0.08278137160345496,-0.10072972583123715,-0.09154385119567847,-0.1483321765883189,-0.10393914794947055,0.02794475445088777,-0.01468142979617913
0.022357531454845887,0.01868001716058208,-0.07283362149513523,-0.05173067873651493,0.014954287452790847,-0.00939956522874304,-0.46098257308948665,-0.41881107939454415,-0.39053714399945055,-0.06555302625058487,-0.04666375225692451,-0.06116781531080521,-0.0313725011018902,0.006362129509500423,-0.022837003209635113,-0.008991812143662289,-0.0376689549946988
0.006512754536917122,-0.005703161862587753,-0.034340454066690056,-0.04944107408515614,-0.01765054301396724,0.02366601939640842,-0.39289570753722847,-0.3016932845363429,-0.27625418314201583,-0.05618635984998541,-0.010533071420841807,-0.09039485439139137,-0.03809577521476951,-0.016793852892116965,-0.04994939207026837,-0.04071862756950734,-0.025221144252178605
-0.03252005917434315,-0.08161238049141809,0.33663083718810677,0.3649796347108569,0.10964804365158584,0.15153579925359076,-0.06940154454653905,0.013740554459791958,0.11722266135001548,0.3055733058302534,0.29973791010061646,0.22115943995888138,0.17387549616584497,0.2894757013898797,0.30467148779496167,0.22632893695015524,0.2353346747528783
0.010936204145213289,0.01647498715460508,-0.04748728628560248,-0.03925428782998218,-0.01765560027928172,-0.008693624625592295,-0.4650249053676515,-0.3842662067656024,-0.2490442137488472,-0.03676776155650535,-0.020940442426609127,-0.05602837038460595,-0.022726942965634503,-0.0318737519445906,-0.06039725052732597,-0.04578272403223758,-0.04832530202620379
-0.08714280101779097,-0.07140162937442783,0.34190826503009136,0.3413040976158243,0.11791513958241216,0.10680350090639984,-0.13198855323760156,0.09313500545942505,0.09224788403020615,0.32942898140691473,0.3099223053113279,0.19324351449926733,0.19083953448979551,0.2793391790891939,0.3279960275111841,0.18803407177221898,0.17927660243277213
-0.023578196674485186,0.047778476332883964,-0.051385995961476826,-0.0017709090568530492,-0.04319276809807721,0.0014116879998217805,-0.4721402294878919,-0.578241486652771,-0.4098910014367552,-0.07952507207165614,-0.026553537512434857,-0.06750826932853476,-0.03138040245224908,-0.05457084307166568,-0.0849745421251789,-0.009029824929073334,-0.013479529490415195
0.01532464820327629,-0.009848246912032182,-0.05475620595629668,-0.0754818401610702,0.0007312010520748924,-0.01642094782454198,-0.4934242489829458,-0.3805626569671183,-0.22243402204186402,-0.043658742701858294,-0.029985765803780203,-0.07789394217941771,-0.06187197822018696,-0.039722716137797355,-0.0608680673485362,-0.01864220490375441,-0.018535411269458048
-0.018316562121777156,-0.0018425031047555075,-0.05384858696259577,-0.08211888552179009,-0.04530640051209472,-0.07012598550709871,-0.45636174792986073,-0.32190665869311724,-0.2768229616437919,-0.09251201012218385,-0.0896235166988996,-0.07714361212767061,-0.06834707176480316,0.0017231073255274383,-0.01165879031030323,-0.047159731102790294,-0.0378873797260864
0.008881079070186867,-0.03755816831668703,0.3029847974968549,0.30151525663178336,0.13191189928258698,0.12425485890364599,0.010757238324025753,-0.01237436322425541,0.10490730412202263,0.26305877307219677,0.27342026054589436,0.20335532440014945,0.17655351822023485,0.22954646673042012,0.29902427733393294,0.22310477444312476,0.2325842424770061
0.024222600135115405,0.03545208892909477,-0.04983545052883267,-0.0799147987367646,0.013894556012136608,-0.008688703732462952,-0.3881935444234016,-0.4147122036223775,-0.3263461964233521,-0.10102760590492653,-0.03294282823250566,-0.04975303843892128,-0.05195762715695322,-0.06687965748300109,-0.03618322919302626,-0.028887983724150766,-0.016495191480642733
-0.1654425431920562,-0.15913845691633044,-0.10493065068266601,-0.12497287096117748,-0.06649760159170076,-0.07254275548119211,-0.41256199375450875,-0.5865382566924352,-0.3993942707054539,-0.1567430456373828,-0.14425463147096979,-0.15980543392762506,-0.1711016160945283,-0.14520882812892796,-0.12885382725097994,-0.0864859481256705,-0.08789788901792484
0.01465517023156646,-0.002053308351071546,-0.1469201482399425,-0.1423783001221301,-0.02549100951604664,-0.03880837993428446,-0.4917390830560242,-0.5781440190742024,-0.2826952614069512,-0.10255258906416181,-0.05429355205786676,-0.09219178040885363,-0.0755058066918317,-0.03328400068213911,-0.045976734147318905,-0.018708629137387425,0.00300597254672683
0.044536080878884055,0.012125066782120997,-0.041499446257230725,-0.027883193305152466,-0.04200548917156901,-0.0026065198072122773,-0.4287783208458843,-0.4179713729964787,-0.35223315988253723,-0.03992697719810835,-0.015373198531299202,-0.061370792506768405,-0.03558435984228318,-0.0016294620532636321,-0.06608758550840277,-0.009710875966127706,-0.011807487646618821
0.02187615413542822,-0.008362806201079202,-0.0721104960286624,-0.09734848728939384,0.01908825750940533,0.01124501182838217,-0.4782310087989458,-0.3038833114435382,-0.3803186101220334,-0.07331665302885104,-0.03493682147361941,-0.060017389516375044,-0.07477393725103966,-0.05036130793292194,-0.08646450538438508,0.011176573994896822,-0.005140998244777581
0.026061060904307633,-0.0006713466333137471,-0.027343673206488756,-0.06722733794111481,0.0339808117497043,0.030283709381176957,-0.3516259341360898,-0.328860820033099,-0.3295247901129844,-0.025625846525823948,-0.014467953451879954,-0.015446071076217599,-0.038434915477273277,-0.017292642309092016,-0.06969872505865686,-0.02393840947366944,-0.00988013920681519
-0.014794728335239324,-0.04891484640724248,0.3561697837927921,0.3602576303425892,0.02521794351965732,0.12349331686439367,-0.07738075467481945,0.013555244250420836,0.08200788976458304,0.2486922553797972,0.2898783656088026,0.23889031779589454,0.21971644358636538,0.30830455024633996,0.3001782845418367,0.20545562826081362,0.22442527322251554
-0.04677018414599558,0.007067115940459872,-0.03431577365113113,-0.02622833857151602,0.004104029615478361,-0.03479210603990052,-0.3316149687858858,-0.3763246038692906,-0.30390995533294013,-0.05551324202145637,-0.023425771081295715,-0.09340740008398504,-0.05150143575929788,-0.024526605705736587,-0.08233388946413378,-0.008785330777743008,-0.051711965913326885
0.025852579271677837,0.020443052497047826,-0.0420155499047797,-4.00480423236514e-06,-0.011809860880395031,0.02869035266016656,-0.42897964985335757,-0.38297039695303897,-0.3289290125674973,-0.05639866312447939,0.0007140320731888559,-0.04621474516659996,-0.04401226541885801,-0.02453040019493104,-0.01245624062087741,-0.03262991582794011,-0.03670399171470734
-0.00955384698558802,0.014344548438504903,-0.01971242735219252,-0.013794935518225358,-0.07237014943471771,-0.06687045834971139,-0.4172138529986599,-0.4402560334504849,-0.40413539817241245,-0.053104724585758524,-0.06851623660599161,-0.08517459160641622,-0.04095185872574325,-0.083213219200035,-0.08679011114051399,-0.014667201860134866,-0.04093406207879301
-0.06893117024322842,-0.041103103216538275,0.3136018259213449,0.34387066621708,0.14890010378849117,0.1749551099193688,-0.1414666432304214,-0.05562440081158787,0.12333999225656232,0.2676365189851448,0.3397741980129565,0.24906209173479113,0.23099478056731385,0.27374693308930925,0.2852398788330387,0.22911664686966665,0.24428077900623107
0.03938456060192066,0.019814937940907645,-0.06171991026124655,-0.07314294912996788,0.015791327972809518,0.02320743919642746,-0.5414476662119743,-0.37386345436644375,-0.3228535095591075,-0.016659929744542265,-0.02435485479152899,-0.00990048488244683,-0.03933673496108688,-0.051613135129719316,-0.043014825088167404,-0.07229753690749924,-0.07744363363454314
-0.051784276167610575,-0.16992319171389172,0.28325408762658255,0.28602663194468186,0.08245782605870186,0.08971773216401036,-0.01519890436458296,-0.05184266103667371,0.09309059878198825,0.31240298105793324,0.2701688181573993,0.20837463148772462,0.17267679781332218,0.21881477258721763,0.27835299393838436,0.19919193504465912,0.1781539949962767
-0.002049654726333142,0.013442401721855126,0.3667860930205202,0.3903362072838096,0.09795209160681995,0.05168383516022708,-0.3316122200944879,-0.08768509208315026,0.10054071153606473,0.2587326688937007,0.2974478960709221,0.20951694705696886,0.20313758778932206,0.2242442979894025,0.22348983297878317,0.22198300342921756,0.20441849031557682
0.0012738572638289322,0.04443267372474416,0.057175467190913945,-0.023732904119410612,0.09843741162344707,0.05484761383696872,-0.42134889478348025,-0.5009213203177071,-0.36355194731543117,-0.13331929765109252,-0.039086581942524866,-0.03228263405192577,-0.030259707414103852,-0.06248181374080557,-0.024818708262286052,0.06455988138860518,0.026553097442843857
0.017802762546019167,0.01495780656121,-0.05258431951367132,-0.04057659283470845,-0.08147583976248196,0.013084917408678561,-0.5276387417806077,-0.5319329634590907,-0.5028293076596044,-0.053206730799459555,-0.027271692478999583,-0.005073478549964161,-0.027184406830462433,-0.1566795443355186,-0.10202797405655432,-0.04176283440104891,-0.0560469386471523
-0.004756843172781111,0.004249135456102165,-0.08910476282911002,-0.11162581715339574,-0.07930009495802047,-0.004726421023878087,-0.39767513228095774,-0.5342817290439115,-0.4063856102590598,-0.08281195256881668,-0.04680181238291989,-0.08942851339170346,-0.046235652032633315,-0.06607402378648272,-0.11154891887911161,-0.025901891776831314,-0.028395060261540588
0.012627606312053423,-0.01006389261933167,-0.048239212058340225,-0.09058240867449571,0.029729193020048506,0.009629110505592653,-0.4294846743599189,-0.33963393749745857,-0.22425440737218813,-0.033218426752880524,-0.05052657262657471,-0.06386302562625377,-0.08427718791862883,-0.061487824935603896,-0.042373400474603494,-0.01616020791032056,-0.028653021378823786
0.023424353973134998,-0.020512010720855057,-0.059354577595378925,-0.09201418526849256,-0.0049193205688911,-0.006778857345940329,-0.5454163041156129,-0.27753889300279877,-0.35522581563546307,-0.027843427128868056,-0.01817001428344442,-0.03355285851541611,-0.05052963528458392,-0.053576751590027547,-0.09801102867792048,-0.02764394317929997,-0.03151176112430824
-0.09151058891388855,-0.05393923009960435,0.3119906898131912,0.3458060892374146,0.14781963360712103,0.16685456299630974,-0.1768538435060025,0.0212516428935557,0.10986862506108,0.3124283923524241,0.3283872912638837,0.2220076153639663,0.20797797539442692,0.22606260391625216,0.28586425404073146,0.2194385642266837,0.20479498874740384
0.060463866034439484,0.018727540337455294,-0.3045798056141227,-0.2425768762911188,0.061729735401416824,0.12368551200642552,-0.4831485585608967,0.1779131707844478,0.1677239817037893,-0.03545577623814316,-0.014506147173233324,0.1279418775525534,0.12641949528065127,-0.19301460948953927,-0.23900281641070706,-0.3513249391460084,-0.3342640647468166
-0.18086171503614018,-0.15131694155389847,-0.20927943805072968,-0.20094756821605905,-0.05962774930627827,-0.02545387353184511,-0.3035853305669369,-0.29517669248214756,-0.18083401261979562,-0.10410302690657525,-0.07077725606779593,-0.05337645349987055,-0.04837736742095263,-0.044755100742636854,-0.0946067090747032,0.02976043889441517,0.028358810506648235
-0.1648156478732555,-0.1648864067942672,-0.25798251057041127,-0.26344795276080796,-0.04098513776519265,-0.02288296486432573,-0.24476331861868814,-0.41353367855825834,-0.222616060464493,-0.12264090450780123,-0.07495631446752338,-0.059538682766476975,-0.09300766849967594,-0.08212004693658927,-0.13689496706456664,0.04115536709479442,0.03029860899460514
0.0186242564735602,-0.023007494183996745,-0.0951688301076813,-0.024420655116014052,0.020595881796471784,-0.008009921753915338,-0.405265888699289,-0.2597219021334146,-0.2569491107646685,-0.009502495131519354,-0.027234149332778155,-0.055172286932862205,-0.05727940662799069,0.007314309580429563,0.004576385028698286,-0.014278482053776909,-0.014034531661365656
-0.007483621386460577,-0.006343998009651026,-0.02102857522503473,-0.07652575040748721,-0.156247539958062,-0.015428926293001327,-0.4867066538365086,-0.5988100149116372,-0.3861845439277615,-0.07064053374209163,-0.007834854803458954,-0.06530528371031841,-0.06580026772751325,-0.1136196226910925,-0.1273771835226562,-0.03880822280562972,-0.039489553070072465
-0.012194325353249998,-0.0033242355365112495,-0.07696766433553255,-0.07318857809472633,-0.1440821784216102,-0.0057740456154741085,-0.4373237808067402,-0.4934570005279217,-0.35210366486448597,-0.037169509128849185,-0.06742513902087166,-0.052591524764376285,-0.04348226767092288,-0.11552113571635267,-0.10618298281192179,-0.05939825615416924,-0.057647657891363724
0.022527909995403567,-0.010102019865525549,-0.031086033421481363,-0.08058674339942215,0.0868430687894319,0.014023335463888667,-0.44911547265828133,-0.3627287602972028,-0.34683566127376864,-0.06510086264493573,-0.021921603320998496,-0.09501929426882719,-0.1041099506405416,-0.027152451995512798,-0.07235211972919657,0.003126981856083923,-0.03572846986252912
-0.06004069873296581,-0.030688612648289506,-0.03316041147906055,-0.07689999787264595,0.02650029883325526,-0.04673558289949644,-0.39506051159860034,-0.3348071367687303,-0.32913804561361154,-0.08406796994834106,-0.048646987533637824,-0.07327913408273276,-0.023469120189776076,-0.02487482339608481,-0.06560810232308796,-0.02101533498061303,-0.027724146912521383
-0.061916644434188865,-0.05930625678691365,0.32616324402168845,0.3444624527604199,0.09601907845557132,0.09705663156177086,0.006185870072636157,0.010372437434923283,0.05682036988203365,0.27572751654986394,0.3294327960522472,0.2188908948838064,0.17896327114374627,0.266574183434148,0.2982914643627856,0.2065041569456327,0.22459341190801116
-0.01557168969686938,-0.0008524071749727563,-0.05992377195609464,-0.023913765402587966,-0.004408249272359616,-0.00989200533520179,-0.39923717230089356,-0.4703431382870811,-0.3303984168217616,-0.07359284035790589,-0.004026056682840399,-0.04704097560533743,-0.0543500101627444,0.015998308007324363,-0.04989987130049881,-0.007755959936232519,-0.026270658694665088
-0.03345798895134525,-0.0004329144871578983,-0.058698185528236496,-0.07718168175812808,-0.055542058758491664,0.018155195910292455,-0.5386245878790381,-0.6857221000864003,-0.40624438859707224,-0.014513871398568424,-0.03716071057480985,-0.06615865228835356,-0.03831547034226353,-0.12929378817307358,-0.10430744678105867,-0.005299925280188348,-0.04073529715159543
0.0024756334420156685,0.008732814244389746,-0.04582854610199288,-0.08008501203582082,-0.019265067665204028,-0.028355153495509145,-0.41657644951644035,-0.5812530777254954,-0.42885771898072317,-0.07088894496998062,-0.012487004181717122,-0.038416152044390084,-0.046602724928547966,-0.04189435824396635,-0.06269485328978767,-0.023894532287291305,-0.026041412046454153
-0.045312399795777655,0.03365973051627406,0.0009301449734023138,-0.047964280323526336,0.004106600013827315,-0.03835571598625293,-0.3463244816687663,-0.377157908082418,-0.3215024115316342,-0.0422756719877361,-0.05592772594116145,-0.09544125800605506,-0.060561400793102405,-0.028407283671914748,-0.0006251685763314997,0.028222233404306848,-0.0069091070164449975
0.01143000251010238,0.0011879738308195268,-0.08234566422313165,-0.09117832399123418,-0.01764036329203634,-0.0019090713947697837,-0.4047323401040924,-0.5297211769745733,-0.3430558211650795,-0.026545004537796523,-0.04626202644326549,-0.04369557640198736,-0.04781881230580998,-0.041066355822311176,-0.059271168168061106,-0.04659997770638707,-0.023285702161650837
0.043733290755692905,0.05091737863496163,-0.02878709500102661,-0.042266169422427016,-0.0367582143691316,0.02905981327731224,-0.4570329097457215,-0.5856166629942361,-0.39411930046978444,-0.09426628237055888,-0.07363114468836632,-0.05257734989391175,-0.07201517064081141,-0.09019997031840983,-0.11836263700293748,-0.035756706545774515,-0.02652250009974371
-0.03537747297321641,0.023558673083927627,-0.018964976191130006,-0.033728040963537244,-0.021352815798636453,-0.03327608539210632,-0.3825929434633417,-0.365665632077062,-0.32549324338545277,-0.03166415618673101,-0.019438900751281,-0.046601905087866664,-0.023932636741119197,-0.026643958982945807,-0.05501417405359828,-0.024005639272004324,-0.05128126950116923
-0.0067005252391771335,-0.018094354679886647,-0.04721086336557467,-0.07627914253103375,0.032924610534685615,0.012717682342853075,-0.45150844049728034,-0.316877656900382,-0.33944614430729597,-0.052027261524937966,-0.027715587859965314,-0.06380157472350038,-0.04561501841094262,-0.013537723577792298,-0.05364662178861878,-0.030951523330258544,-0.032992711725267174
-0.17355682693496663,-0.21733685430118538,-0.2627237153469475,-0.25847110364899034,-0.06703066443676411,-0.029802523211449033,-0.255821002771962,-0.4554179504283173,-0.3897007665069385,-0.11848401774901747,-0.08482771613522282,-0.03243810590612292,-0.05579245229544013,-0.12289999314089865,-0.11971838075063909,0.06719647840355165,0.05075422284832541
-0.04399265328307883,-0.06616157042848905,0.2837096843153522,0.31287591811437204,0.09788852106260208,0.09487437480975211,-0.1554374994266777,0.01896640665353197,0.09727920567083478,0.27439586221620854,0.30680191403857143,0.2104934121510113,0.20984564459821675,0.26133466747769873,0.27637150795124815,0.1795724057511043,0.1774693910863706
0.02727401942930498,-0.004665139556798291,-0.10526737365773675,-0.05079460354465418,0.03873330575587525,0.008550075125336891,-0.43642882591377946,-0.37579142244382807,-0.29239016277508156,0.002793360916723645,-0.03245666102208357,-0.036311964876049284,-0.0569433566446105,-0.10554535552412368,-0.07033535758310343,-0.060618818655756926,-0.04179039793018533
-0.012982577758397756,-0.09877721920802827,0.3195063812593113,0.33763973433369737,0.09123876938321474,0.1072573815067952,-0.0864068685610585,0.00914272662964102,0.09292839862600401,0.2761049057144215,0.26526981175685405,0.19895608447440094,0.18253297466769455,0.2511302007483997,0.30291718699460607,0.20327244040473103,0.18766634605966423
-0.030761589795014505,0.038981365803755594,-0.032247489556611955,-0.0496426264841617,-0.07231902250499042,-0.061382295370476465,-0.6197837174012268,-0.3591807353220146,-0.37019326889677706,-0.06488135740122236,-0.07971197698053205,-0.06818294108385144,-0.04733016068142568,0.022096512396785308,-0.004006811512496222,-0.021358318723291088,-0.02325716775060678
-0.009991400574241178,-0.008765778221241012,-0.1099449878211435,-0.06721707182374563,0.018896708220744563,-0.028737679533459154,-0.4420681403328417,-0.4573487766380858,-0.44492171860692226,-0.008582980685715036,-0.06206423465531777,-0.047024036199544685,-0.07992151133488176,-0.09361713844114379,-0.06578442914547977,-0.01259104785194768,-0.028217683457446314
-0.039642107463492456,-0.12438154049663308,0.3309257582401915,0.36683256877464643,0.1924336907683397,0.14767149062751847,-0.21349657824839635,0.06891903428033959,0.09707490508313373,0.3081464027627002,0.3024777567054932,0.23994470686903097,0.21198083055317415,0.27837092989103374,0.31023766154916316,0.2140438936670836,0.22391575437985442
-0.06229994695024134,-0.05769065461736507,0.3579403531049286,0.37112322087594,0.05351248310716874,0.07425937521649997,-0.09661261119250497,0.044008908157507125,0.09324304731029594,0.2554419117406605,0.2486100567980212,0.20419449255845434,0.19535897288601398,0.2527249768814988,0.2672325143295788,0.20536055794517508,0.22140387031497283
-0.0701812050342973,-0.012601284351692912,-0.11705065256751165,-0.14484278717515317,-0.13401867010346377,-0.1028367212971331,-0.44868122126252963,-0.5077590840057555,-0.5865349886274779,-0.17866711562111237,-0.20111671143628854,-0.06052675202920222,-0.02302681865285742,-0.41766250630769264,-0.3925435509501905,-0.07989500657121036,-0.10616593547469286
-0.06902910460252287,-0.07016737444199077,0.2823468774855968,0.31114074335736636,0.10912657477297111,0.1047001858422043,-0.03442479107740701,0.061946644254692776,0.1371941773468778,0.2626438974992702,0.28886538538630235,0.18835373947286038,0.16737969628329763,0.2536531951606592,0.2532464940535683,0.1966938876137112,0.21202025871311134
-0.04213499287474295,0.006281235154162231,-0.04998253690879371,-0.05342073858535567,-0.022784522344239687,-0.05151803497206368,-0.3026545031579403,-0.4648552108108454,-0.33968925017887097,-0.07572489841782697,-0.10388121197456845,-0.019293447705627603,-0.05275749346546384,-0.08559868132682674,-0.057295251661434725,-0.01894897113986812,-0.04942078627341967
0.028436106762058638,-0.023322225747482075,-0.0669436294701332,-0.07033487122300823,0.0692249988445045,0.035641172842636494,-0.31598516531959564,-0.34493127037797905,-0.2725905668977117,-0.06048575091839944,-0.02848403640665306,-0.03711137621616412,-0.051733643374727384,-0.08628523719922583,-0.10394419087618935,-0.021684818981505535,-0.007367443370680592
-0.04037036074362614,0.06921586622096243,0.04784504794716663,0.0034356145594898256,-0.005087914518037971,-0.034076397280493526,-0.3663644929961094,-0.3405811124275522,-0.30462192236433844,-0.0880968885536136,-0.0087814066975254,-0.023135177709825504,-0.019068956320771307,0.03691641482759666,0.036483875801633134,-0.011426699101405023,-0.03005826391693058
0.018208190096091276,0.0051344497842574,-0.09053477449939104,-0.07159054495069875,0.012532327459309135,-0.06972608475145933,-0.4865317015169507,-0.47774302779116823,-0.4629972988900913,-0.06110426719466061,-0.05632226422151556,-0.044119828933221215,-0.09986263188567315,-0.06264559278189859,-0.06462978062649995,-0.02953656377884031,-0.012229374120172944
0.027496998473277058,-0.025529005861447684,-0.07346159425777372,-0.06589641875895916,0.022726483132806244,0.008934231408990615,-0.47321393830326525,-0.296088545091516,-0.288862088879344,-0.02656995654589145,-0.05474825808530905,-0.05999619784234448,-0.036832891212272297,-0.0342900419790829,-0.07300124289372271,-0.05804870984289242,-0.016943672095785352
-0.0904647481610379,-0.053806549068262995,-0.14871855536449344,-0.1589447337681818,-0.0939623696223026,-0.08262069633738976,-0.3810709506908617,-0.3325453403398,-0.4213160626566444,-0.07253804329082181,-0.0517260089345755,-0.05931444266378078,-0.011948103576130256,0.021829782705660352,-0.04429932438212992,0.06470478212299233,0.036780772911219395
0.016567383864036105,-0.035302999477892054,-0.05773399857735395,-0.08714107140762936,0.008021264385642355,0.005731454341439598,-0.3387584790389232,-0.4259307312606833,-0.4049606303187714,-0.057191098039000646,-0.056298097692853134,-0.0567373319231535,-0.054143194012814026,-0.04580996738148136,-0.05634811187942822,-0.03702994168798499,-0.04815758025667619
0.05941300223260729,0.045496028044581784,-0.052330147872433085,-0.05087802556274027,0.03766587452354545,0.04746318546302572,-0.4292500688250356,-0.28745182263437746,-0.317707276897764,-0.06246523521679736,-0.03137275517876316,-0.032271398336427864,-0.0647753210978795,-0.033965907814960755,-0.06053137256159758,-0.036976557422679336,-0.002602865436510845
0.11354261566546371,0.09806509964435234,-0.1892740177107615,-0.19081706105312424,-0.0882057307914075,-0.1449127880905247,0.03220684268356755,-0.36279272077169533,-0.3625108232809512,-0.06786459428970823,-0.0391944003285743,-0.016075686739837374,-0.026429770034195447,-0.0708089348592165,-0.13537431576121683,-0.013350682676430485,-0.055992937341123525
0.017029473050475596,0.01651219120731684,-0.04443918495995034,-0.05890680447895088,-0.05662547118755262,-0.000582809968465105,-0.4010169224538228,-0.5799007206170692,-0.3850695410139341,-0.03872811029656533,-0.024189574242410083,-0.06229783124246937,-0.05955455744475058,-0.1202405538789435,-0.07426668037139614,-0.02093101438626344,-0.04219112731065138
-0.004527036934735982,0.013116499928122824,-0.056650559854090676,-0.05639574357198515,-0.022734754957889593,-0.04378015307341272,-0.459321095622069,-0.3154199513204981,-0.25151305173575184,-0.07087620659038933,-0.020481641972920305,-0.07621345978737164,-0.07664572224506332,-0.026925755249120352,-0.005025398000836358,-0.05616273085633536,-0.02817347064275234
-0.18408720172622026,-0.21159075580463868,-0.34693632323800333,-0.3911397616570752,-0.011191209229830511,0.059162789804819836,0.1619063573801638,0.6857841539356349,0.7170754725652773,-0.09486179325750414,-0.05359823560907085,-0.16294878190090917,-0.22327506075597145,-0.0039414240504789255,-0.057578959339361586,-0.3702867486311011,-0.35729937030992936
-0.0544188235743461,-0.0672079809766629,0.3229178332210869,0.3550867941879857,0.1260061236300175,0.18036768641143983,-0.053145241165710205,0.030564403831859717,0.07842411224179924,0.25437108838002676,0.31854528936202603,0.20368186055822846,0.19154852300955352,0.29016157552228694,0.32712637089618163,0.21280810928017158,0.19871842317697228
-0.07434634242036468,-0.07209750885266002,0.3791106172507715,0.3827341612018994,0.02615185624841995,0.05392232743697693,-0.04267054835759307,-0.006752434689846089,0.14050237308869995,0.26945320800955364,0.3027582584027224,0.19470399639300656,0.18631610643326482,0.2925320298359836,0.23190460708486366,0.22501170664829115,0.1965268308403172
-0.018015640324339544,-0.03197602636979891,0.2992105798243737,0.3282700743847391,0.1251230756914675,0.10828301726411912,-0.008026277857447833,-0.00639233285209948,0.12912070448939522,0.31891581521586293,0.3182812474697364,0.20930143244184868,0.17783101862806713,0.23291041661822373,0.2840761432777466,0.1752623102454002,0.18620392143295714
-0.016303318433582754,-0.008274614001119902,-0.06197413041833317,-0.030387220606768496,-0.07248080244029134,-0.018515375415913703,-0.5952186953710857,-0.6082882301440973,-0.4441384326031055,-0.012027487294385672,-0.02720901260066433,-0.06632531420612882,-0.06399603364366492,-0.1684997753457724,-0.1371903113211371,-0.038337181815931154,-0.08120611670413284
-0.018681306702966503,-0.02758402159571412,-0.07854833163734072,-0.06195414560048442,0.02557161244308075,-0.024310310413105815,-0.4388644094516829,-0.4206847274059112,-0.29471789965852113,-0.05307485391116483,-0.04180622729642484,-0.09155037997227024,-0.050228015916232986,-0.04898962216077525,-0.02273323741507688,-0.023619188238883565,-0.03705777905373416
0.00015645510894573316,0.006752836213351435,-0.05949339482067774,-0.08046553069330876,0.01564825490028729,0.022996368827699492,-0.468093729123116,-0.34156701160961167,-0.22432590182666465,-0.04545839845469578,-0.03310545419859214,-0.07328397680061663,-0.04992109515689702,-0.020108678364043144,-0.0403109042149227,-0.02785688100684655,-0.033855478664610264
0.05431953939781187,0.0376183496765119,0.007276996046320534,0.021129135077429795,0.05574094103684107,0.03913888475645102,-0.45752918153364724,-0.2970205724107308,-0.18551663878958072,-0.020573106246188643,0.002177166989665943,-0.0692994405090996,-0.060745111259754125,0.03351929331214771,-0.04329816006851591,-0.006530813915461321,-0.010920210964515618
-0.06190244461353037,-0.030261517634460448,-0.146846293133462,-0.14029109789765637,0.0049798023696067594,-0.041496721405626324,-0.268532316288797,-0.340816791634507,-0.34304893649576623,-0.12129499066606673,-0.005305147302818426,-0.02765234776249304,-0.03902249468868259,0.03465007065042763,-0.012461831139717208,0.0649339545345027,0.04096296482258752
-0.02060112165479716,-0.08450095763777195,0.32222205959250366,0.37833601973672304,0.06662916918254806,0.13541668006362295,-0.11621065039311554,-0.02765044484323804,0.13416245220457487,0.2553054590620902,0.2913385736594241,0.20121980003688567,0.1743475833831679,0.30399207939637146,0.25095624781024223,0.2324432902121035,0.2345522366747042
0.000738625142376386,0.007855628692343483,0.027982258261580465,-0.048569703453187965,-0.04365853085633109,-0.02328444761463867,-0.5301013466549966,-0.48407506593152144,-0.23619661280145102,-0.060540785806575036,-0.04031234805811307,-0.007680159367294375,-0.023653098462690324,-0.014439097150535282,-0.0012400955942818966,-0.03135101391815763,-0.020320233292744058
0.024979161635276557,0.025228227197650537,0.002849641493213146,-0.015084280892151903,-0.06335598764393587,-0.02953402900619564,-0.47338719311139765,-0.5149423436296249,-0.2820866969586073,-0.10423676714628341,-0.06246372931264959,-0.061186755083893554,-0.04385447323319992,-0.017700438855322888,-0.10285655220470757,-0.0019677936218839825,-0.020688409402275378
-0.017160675108531795,-0.0009228312555612009,-0.0439123464775404,-0.06350529029084857,-0.017963868884796088,-0.02469676118830035,-0.43181809293321705,-0.45643870161136674,-0.40290466354742804,-0.07446271231276139,-0.05000287537889467,-0.07863914168258786,-0.09256533743011604,-0.019433323099484173,-0.03941795920758383,-0.0551285645550152,-0.03764933087502724
-0.051903573046718866,-0.05582449187074373,0.31534422554479774,0.32596836277970054,0.13827174567678716,0.13252271855346445,-0.1103538098793396,0.005075292349981432,0.11870905138658995,0.3067101988427137,0.2938473546612906,0.24128692287872414,0.19023450706887926,0.24684515633478898,0.2702190281639731,0.21700819343086572,0.23476084810740983
-0.04469301814156763,-0.01175253443903531,-0.002067386583445753,-0.035122200529669315,-0.0653137234565166,-0.06912964491549191,-0.4911353646023471,-0.4040349991067152,-0.3265377766234049,-0.0731470678568837,-0.04835314317208334,-0.06405681065550534,-0.03303666690283766,-0.026593542946957465,0.01696433976573633,-0.033065955773811655,-0.01732768362319324
-0.0021386571295132217,-0.006835248388386268,-0.04996897229060651,-0.06193425519573242,-0.03255059885171081,-0.06005681265131338,-0.425141017516212,-0.4149925370869851,-0.35553693127995434,-0.08645032650783155,-0.041386059359861935,-0.049385824939669955,-0.07677795191400892,-0.011686049600827721,-0.03803845712605284,-0.047485242573145285,-0.06254597672472657
-0.019596567565741706,0.013735575119036076,-0.07712261369342083,-0.0958876718541095,-0.0835819485977066,-0.005688044546315885,-0.4444064609260997,-0.6027931128913104,-0.4332424563154554,-0.06759103766886462,-0.04974530546697217,-0.012593865720823097,-0.0644387226707901,-0.09387451140007261,-0.14737104289433292,-0.02168809803693505,-0.05561153966300885
0.012641636727519903,0.016166492246173468,0.0018524697697205423,-0.025018739171449526,-0.09904331036251876,0.033818168678785024,-0.5124561208379717,-0.516337869337175,-0.3512701636460206,-0.03303834795027615,-0.033044994019182164,-0.06510051736461728,-0.027741988375700292,-0.07300337483780751,-0.038167461038430266,-0.01192895038240817,-0.039770787795766926
-0.04239774919377608,-0.003061034572653165,-0.10685997183917635,-0.08470010641135632,0.01898009146339474,-0.018619874659781325,-0.3165892849953479,-0.41276897854640515,-0.3067851824151342,-0.03246636356041399,-0.06840586580526885,-0.10478057072271556,-0.06960360944975412,-0.03434416731910187,-0.05252476273028978,-0.07428608540817268,-0.025511067760335716
-0.05870399174928134,-0.08316632927890251,0.2949770668519424,0.3285947090619478,0.1502281947592666,0.1382892133643528,-0.19940356615755989,0.03370808146599653,0.1251898598333492,0.29368448252276447,0.29399169207041265,0.20253961276386015,0.2122153173829822,0.25814190719618996,0.3116487969743212,0.22204475743169438,0.22933111987683005
0.02947915802043784,0.03784729744830406,0.009695931874291583,0.002986582661896778,-0.02854818001976718,-0.06400967026473563,-0.335062606376138,-0.3266907772131231,-0.21313026301545732,-0.03783735953161802,-0.010125037069998363,-0.06375649866104399,-0.007524512133796162,0.060324379806714644,0.006345125885346072,-0.0036014370318109344,-0.03736348785160754
-0.007126512662224879,-0.020107514440649225,-0.012104617013018786,-0.05845647705407183,-0.0017979456649104466,0.015334944760713074,-0.3277984374210169,-0.3429032399920232,-0.2854857635844495,-0.07269118252704276,-0.061394711920152646,-0.04957282918840618,-0.057935380413954796,0.02082874960357038,-0.030877753647828854,-0.01976632572913834,-0.05061419051751627
0.02271507743764813,0.009452069878890334,-0.05043852634408227,-0.0013353146839548912,-0.026672174826950293,-0.012009735684923304,-0.47804225413046963,-0.40864510672078164,-0.31427781243383573,-0.06436046523428271,-0.018937649517667646,-0.05141555154277471,-0.030214047669449295,-0.010225950280710133,-0.04345651068063583,-0.02704556550597258,-0.01868076603333017
0.0006041282953567987,0.034146363641586665,-0.07244641254149593,-0.08467562730445485,-0.10900128920620922,0.02969779673192367,-0.49666022062247184,-0.6543811648388513,-0.3361449961715521,-0.0316104916135026,-0.03227740790174586,-0.04723789447216356,-0.06935285558074569,-0.08889589643453788,-0.12467010194375798,-0.019495226363031585,-0.02462971021018274
0.008837080175449942,0.08866779863458135,0.11804720382642557,0.06588291262266807,-0.014870906416700589,-0.06745175683204299,0.07074582191937295,-0.3954115311136048,-0.3453602050700046,-0.06247570880884676,-0.06820925430253416,-0.07953181624610108,-0.05936909008155858,-0.026065323178380607,0.03594995316195465,0.12644904465811527,0.10595498552188164
-0.004309290364521796,0.006188264167471574,-0.07185240087027278,-0.08881421950092329,-0.011776625830613776,-0.011866181720894417,-0.4144545366422302,-0.34629698551604676,-0.2854755072645014,-0.017665613267194687,-0.04721173645353443,-0.0886248228016564,-0.07646126759015304,-0.011582040783815119,-0.05230895275496991,-0.036319278088201186,-0.048105672407943424
-0.20581819682425723,-0.15475216794985006,-0.21256522719907342,-0.2533750920134673,-0.056158914766998434,-0.014004869649942213,-0.2144393568071954,-0.31307613560346886,-0.2603809350043348,-0.09646293549822672,-0.07197111282985821,-0.07155415591442307,-0.07897556391733532,-0.04853331106118728,-0.09151519572442654,0.04856999722555579,0.027270392896109826
0.05741401068865736,-0.008381090235083098,-0.09368077801347395,-0.07576071442336864,0.015312368731398867,0.02311247587449833,-0.3975108929115512,-0.3137501050274054,-0.3451916447421863,-0.0794320921365783,-0.03413234614197177,-0.04670761325548849,-0.0899726675341506,-0.012921997654006662,-0.045491171000493484,-0.03748670054738788,-0.00874883245788043
-0.08029225160572503,-0.035633245265606586,0.3778779544129464,0.3805570442225906,0.06608911958481323,0.10364181103091702,-0.0476443061773055,0.05021259541411701,0.16916086904616232,0.2906308007049783,0.2764815847248395,0.21357474862063158,0.20110384521116112,0.26010083800937706,0.35762737275442463,0.2003973009101957,0.2170855802531849
-0.024352368314493326,0.018668049350711664,0.025193369949042546,-0.005297739592156501,-0.05595333896280274,-0.08328849616531842,-0.48162680039978084,-0.4178991144282203,-0.38046499984847904,-0.08705800761951603,-0.01825371228326091,-0.07399248090501388,-0.035039093202903326,-0.01552476770947559,-0.001648348247539693,-0.036324207590687455,-0.03943679434283598
0.0988730189656976,0.13205921772621018,0.022862862892214116,-0.015264826239672161,-0.3250407974341307,-0.27365650866373903,-0.10990198250945257,0.19996024888659664,0.2587696838080789,-0.020357343374090155,-0.06707167434618459,-0.07478394090725059,-0.13562977602906576,0.06566282581004483,0.08644227932272308,0.25574841947209664,0.25814317397808606
-0.04499625424038937,-0.07240633319460033,0.32201472184940994,0.35831779903745953,0.1260521892663043,0.12578508494238827,-0.17261665736862375,0.006045804642533979,0.09087195258026029,0.3014607086023161,0.2886323820339455,0.2258839810808421,0.2079188777843251,0.2708199785508774,0.2854594843257578,0.2507559334750562,0.24130309499423075
0.048259245318057656,-0.00854212313123357,-0.09283455703114049,-0.06749610618803306,0.05584588424333254,0.028524834673637065,-0.2502594121342353,-0.4256858314968571,-0.33469446381197826,-0.08162011735157611,-0.04090334883146391,-0.07679974403420484,-0.058327381099321125,-0.022916303352414274,-0.05044444472478672,-0.023182648707605186,-0.008237606446669878
0.005114745649618682,0.023659040858886815,0.0014162082572436294,-0.004680961360720039,-0.05825141341486919,-0.03281728281843027,-0.4918317980424332,-0.41490807767373145,-0.32797578410235956,-0.12069253232328216,-0.03480188095735825,-0.06507743098036212,-0.05266286001108766,0.02872818785422444,-0.03871318231460458,-0.029774794904717742,-0.04752033034237034
-0.0666031386926989,-0.08579161887260774,0.28925365131683134,0.33678577505257384,0.1865093191276462,0.1358593073535559,-0.11146138937886282,0.00922499361636604,0.1188142631815388,0.2846377647717691,0.2890607466929004,0.20620401209900416,0.21055361749974325,0.24968073266649543,0.2717968922929175,0.20618801059080435,0.2275209163688685
-0.02437259098759274,-0.041148731329194464,-0.09533451899572885,-0.05460219711750402,-0.03886688514041584,-0.03579691551677818,-0.3013456333106247,-0.344333883905237,-0.39465623948056194,-0.03937307382027047,-0.07266053509888558,-0.08951123451436149,-0.0653686337512132,-0.11692521871025997,-0.09412569492721681,-0.06407156457151326,-0.07043291923602858
-0.03318291677278635,0.008645186743504571,-0.01392527278183702,-0.06779435510737565,-0.04513738363194837,-0.051884881649259716,-0.403535811797912,-0.5512955169516494,-0.5097875739102049,-0.06748701304647949,-0.08879996834588919,-0.12507979502607683,-0.10413399390551725,-0.04744993181219061,0.0033269011716884757,-0.016285160423131346,-0.055693701751136374
-0.004461900569647945,-0.01804565655053137,-0.039381611031530844,-0.054480128228344984,0.017135925913884468,-0.003331482467498332,-0.41230792718945886,-0.32122735095043653,-0.4064444064647583,-0.05683462268164859,0.004686819704415062,-0.08309626737821052,-0.05467265185189085,-0.0367563078169343,-0.06130251232400301,-0.0453113823045414,-0.04399238299888166
-0.023850607906409953,0.005713792954683258,-0.009438214510707324,-0.046626313050409145,-0.06015952036300735,-0.03832337819984976,-0.3963276478742881,-0.49207442299581106,-0.27641339747133586,-0.06471244638548156,-0.04722623932333311,-0.07983166481448836,-0.06917060443763012,0.019703263700341,-0.05344359764638283,-0.035965692407254224,-0.04140198264523644
0.01936287165558076,0.018964102877841116,-0.0407325832193823,-0.049888476086697706,-0.04466005948518971,0.005603335131193652,-0.4996387586461057,-0.31756805875743616,-0.27973795876976143,-0.029100138763412747,-0.010468306021639957,-0.10831798609216027,-0.07191175581040192,-0.023423393419665546,-0.031416471171089255,-0.03060925601811334,-0.0231953849138078
0.03006676761533628,0.01758974424330061,-0.027840715650850674,-0.01925043678779863,0.008227310336121237,-0.003163293850403383,-0.4788493453351582,-0.43224432778390126,-0.3518651943514708,-0.017030729309890757,-0.012855626267367646,-0.04189688781567388,-0.08844136913279915,-0.03635183210755124,-0.00788845865408172,-0.015966316318056263,0.002139575137391355
-0.003774915204813922,-0.0007977197837117953,-0.04565077472513029,-0.1044430878096519,0.004404329856252393,-0.0028872449112693392,-0.373378708031171,-0.4276104614641978,-0.3074278554282879,-0.04656009855767977,-0.029834397758247082,-0.032928800800930635,-0.11396228554531122,-0.061840673327751665,-0.09875678820282081,-0.0462083531430742,-0.033883032215413965
0.011387430210037335,0.004280667769829898,-0.06664676977180517,-0.03453940739300159,-0.07881159956098448,0.030632152226948112,-0.48814381376368027,-0.49651958000366175,-0.32301592062115797,-0.045229886739336755,-0.02145862377353582,-0.06087008866510382,-0.0757642664492615,-0.1106449981379886,-0.06638196801008349,-0.019681634134117804,-0.03025604471932089
0.03854983213921451,0.00034337124034568804,-0.042526718468716876,-0.03924190140486932,0.03237689991808958,0.027376927126970697,-0.31658860368354125,-0.316494493581193,-0.2646278002311836,-0.08919811989040238,-0.019067634330763684,-0.04779842064726523,-0.08371660862323371,-0.06903431366504996,-0.04394137377090027,0.014353317063752065,-0.024163181318042088
-0.024051991316086728,0.006148839160850764,-0.17723340875953084,-0.25335595260524213,-0.1375580012995932,-0.11681402740113442,0.16063045458898034,-0.5283500121697211,-0.3643170764256927,-0.2048585882688886,-0.17395599279412582,-0.18332951115799648,-0.12676742631797744,-0.18247857886350807,-0.2089294422651151,0.11889481553155962,0.1249322564415934
-0.11201453755156235,-0.11759277227090512,-0.15420434224135954,-0.149899234977855,-0.0939588159590931,-0.06213648005007504,0.14159943035791162,-0.597919699465142,-0.44816835243630637,-0.18384920264380183,-0.14730511465455223,-0.21818108808344067,-0.1746671964935938,-0.13172975128004855,-0.14268514367488216,-0.6071531375822463,-0.6326727957914631
0.045034713021963546,-0.013226485202092603,-0.09080947853473746,-0.1005791132880045,0.028790861026237284,0.03301307102798723,-0.5550696323144335,-0.28890917800552335,-0.292161946183295,-0.024148744053207556,-0.04006057367236047,-0.032518513455956924,-0.0718320324045015,-0.026863152070298397,-0.05531744046697608,-0.02789101828800118,-0.012900111074996166
-0.1185277059026146,-0.10245721489419977,0.3109596785615841,0.35387036444052133,0.09192232377697622,0.09246248743034728,-0.06676653794018436,0.04714059076375116,0.10030482216670128,0.22180221082049967,0.2724480431019387,0.2075108527919581,0.168988150605172,0.24257158321398917,0.25996019972909157,0.19545780586877295,0.18598262848311137
-0.027393162670285742,-0.009124510163342255,-0.0834687713576976,-0.06539904640563525,-0.14017969935640825,-0.0026758379031961116,-0.3913326832337697,-0.39632220356808673,-0.23802008997852891,-0.0641293324964249,-0.052369767645385305,-0.033514915342532536,-0.03351763348221615,-0.0812817568365162,-0.09965133631346253,-0.06925260325777252,-0.06955673159028943
-0.011096821481756385,-0.015901922587673704,-0.055397674923875394,-0.031419971995978443,0.04087330889340221,0.019807335964462512,-0.4508463505065463,-0.4226012089285658,-0.310271356115707,-0.06073805905975624,-0.01234945621882293,-0.06001621308200356,-0.08834253200897693,0.016323773307968147,-0.0337772344197457,-0.025073065271168465,0.0010912222921879242
-0.05617284251544317,-0.06990314516614449,-0.2010720858761784,-0.18744053678524294,-0.00026837747533839466,-0.02233119167321507,-0.2270585978321425,-0.5110007660267935,-0.36203011266577806,0.010741516838520036,-0.039507360005560176,-0.07410133459944254,-0.06544094379269143,-0.09160478045878581,-0.11704506504309291,0.015495818293685673,-0.003091769622488773
-0.005160042451885143,-0.027250817360922025,-0.10485915109858289,-0.06234813393494987,-0.030044407664867837,-0.050231284803510357,-0.5121468550639686,-0.35794434909604245,-0.35545099695488275,-0.0952937955271784,-0.08709441301308248,-0.027164642929985123,-0.06425907152076024,-0.06751842802116018,-0.10251928281061698,-0.0568382165357366,-0.024437325195865053
0.02072313298882603,0.0448050005290842,-0.06418126553767323,-0.05471915167801976,0.02056419515900053,0.06812761741827314,-0.4495165502941637,-0.31264961575278377,-0.33657063830980555,-0.02176282492633485,-0.03230683539703495,-0.009012539292271844,-0.08621870973735014,-0.06963222681645731,-0.09238274461186252,-0.015835779744371534,0.009432135346095447
-0.0245626770791647,0.02982334282970226,0.03622759638313788,-0.034734997512725914,-0.02593877630860279,-0.06294653363092088,-0.46139392410589986,-0.4937415638900022,-0.3406891448950983,-0.06076934752625611,-0.09303932979197363,-0.04050266455510702,-0.039872065473140365,-0.06834395699271897,-0.05075981951024425,-0.030900811197184554,0.00033261719900814184
0.03312520045801392,0.05511506659682249,0.06389510362775513,-0.06971924160283242,-0.033668931072279494,-0.04455834135111052,-0.40227736515721313,-0.4949606232324846,-0.27058738041821057,-0.0919635862437269,-0.03710178210308073,-0.07710672724799204,-0.0607931246182623,0.023430443088956972,-0.0356138900294002,-0.002507112796035774,-0.010081708177119704
-0.015687255070860853,-0.09903287357264615,0.3084968889797198,0.33978281894528195,0.14233210848402367,0.1887767544126381,-0.2015812261956482,-0.04616053029982159,0.09100378328087703,0.25289323212061604,0.3016445224535999,0.21882564407435356,0.1807867305523847,0.24355774742105477,0.2566209256094873,0.24225174472454683,0.22924830549237799
0.01145222323108867,0.014638118125309076,-0.0511903720155843,-0.05689512055045543,0.03719785953952477,-0.02619468564833732,-0.5411970190012184,-0.3355270209201933,-0.3024195219935708,-0.010861719322151301,-0.0197247295932774,-0.02475058200582566,-0.06830769450828884,-0.06730040029341175,-0.07197860150252937,-0.00888486268952072,-0.014477045392338822
0.004642638344715972,0.0114117388156569,-0.04154555121534865,-0.0631678474269334,0.033791297687261794,0.06384917937763868,-0.372689901951168,-0.38993684233012765,-0.29183588633157526,-0.049350368412416856,-0.025172779730788537,-0.05297054320873643,-0.050277511976629996,-0.05825272782087427,-0.05983765946428356,-0.005724938426808844,-0.02561126618637656
0.006555681550425886,-0.0002773161302433364,-0.012505378124762531,-0.04610453639465789,-0.01480926160800509,-0.010777292753550124,-0.6027673665540914,-0.46114271657189904,-0.45976309912751084,-0.0652454989190181,-0.024760320126690206,-0.04306886721791873,-0.03216580439798616,-0.0285572755396742,-0.010637732478378226,-0.03494880511797008,-0.024632127788299797
-0.015354541464863506,0.044651974118584216,-0.06305271092675906,-0.09211479934430972,-0.058049781706323585,0.017154985293523575,-0.5024333125802565,-0.49038908269997306,-0.4724346029050281,-0.0899508539948572,-0.06625563414067687,-0.06829697798805727,-0.07742860311954346,-0.08831843681873233,-0.10021589410727318,-0.03900228769024168,-0.04565191201041959
-0.060756218867553766,-0.06169029295269128,0.3730789646433137,0.33171090822050847,0.17351434184547335,0.19467336524590534,-0.05696110085309017,-0.03420657193920639,0.031755970922253365,0.3032119353553516,0.2956017682970991,0.24393691933020045,0.18015820794624687,0.21012562478422278,0.2908625851291796,0.2509289972328365,0.20420418266865822
-0.00864494072808561,-0.025627489467830923,-0.06903451120404779,-0.030910492772691558,0.014695739343030891,-0.03857413111284167,-0.37431943155318514,-0.3401568096092044,-0.29462678320267355,-0.009517573227335197,-0.04197152391819175,-0.012071310128109669,-0.06172341691183988,-0.01529127421347658,-0.0551781169598608,-0.048559447691330936,-0.04601179886441465
-0.20217228690248354,-0.1825395747074999,-0.2624104538620036,-0.2438369510396351,-0.051378976258271994,-0.006789650229598499,-0.2760783389891068,-0.4409612263435681,-0.27848941659872417,-0.07631914400937159,-0.06362988284371804,-0.04983407526544113,-0.11737553535668113,-0.1240364629872796,-0.0932662152779843,0.0827804153204587,0.029580077355738452
0.007107756778841498,-0.013381927025470555,-0.05914203370228124,-0.06456857462374278,-0.02312432043753641,0.01357144405172933,-0.5677210695939348,-0.7311033761157586,-0.4627029570917477,0.02714274876614383,-0.048677183032512436,-0.044143116261819805,-0.0656041322516623,-0.17745540517645872,-0.12723766149400803,0.03288988865503839,-0.015605891702708341
0.006605537902380503,0.05098198428475872,-0.08924996972120798,-0.08576882738987221,-0.0754530031514707,-0.006351858999045046,-0.34008451778453874,-0.45606957645457386,-0.43021669818410235,-0.05261131515167448,-0.042501238180031486,-0.03102612874639421,-0.07577881910487555,-0.14481413569313556,-0.12500447696009082,-0.0796813990144452,-0.037986658075434845
0.01758454141323453,-0.007854878636689966,-0.034277655598462936,-0.04281021606623615,0.007933939637161831,0.010967885410242451,-0.07896689257075701,-0.4640906298845249,-0.3473926591159787,-0.013276750163925951,-0.01889401990523441,-0.059013337863963095,-0.037474686876743483,-0.05668093603368189,-0.06410082652342693,-0.04969480107150423,-0.037330242050460205
-0.07933074691988051,-0.0830300747778093,0.2996168682676257,0.31013133650941005,0.10094691512334793,0.12063592457421564,-0.10254285876004535,0.01929148753824372,0.14666076277247062,0.310661716032781,0.2810683324704633,0.240016924336288,0.1945428818786755,0.25104634168783885,0.27581832344230234,0.21645417118102755,0.18196782889445304
0.022532701335667985,0.011782289547789202,-0.042334864358123274,-0.05153990980863005,-0.05219019056307382,-0.015154821814936038,-0.48736804750704477,-0.6523331624421405,-0.4286485146426823,-0.028548388431434014,-0.04694035451670035,-0.06515730848374526,-0.051689537917962436,-0.09848532919836073,-0.11404744322191886,-0.01023589721305184,-0.0400182546675652
-0.005455365956506092,0.019478712875616623,-0.03317155332798255,-0.06420364571156864,-0.10765085798006721,-0.036434718205564494,-0.5145129144579825,-0.49413139218102564,-0.38991809218673845,-0.06640397862291302,-0.05825276904738911,-0.04241118786532353,-0.05789718461899544,-0.09922422302042848,-0.11700538698339734,-0.024068703955553845,-0.02125227348776228
0.004294526204063999,0.004652678369496497,-0.0762306361024679,-0.0679037114141401,-0.11758481346685633,0.010197435515092928,-0.5223295164230599,-0.7097192060265421,-0.43396933619100275,-0.09227648263521476,-0.041421612306388446,-0.05132719640464699,-0.03599135095766271,-0.1136190061378552,-0.08982829078519082,-0.038470752694282295,-0.07295516224098644
-0.06180255131314468,0.07396365432379289,0.13388220250622213,0.035435733386814966,0.05951967389781167,0.00021668117100264489,-0.40970936017799814,-0.2531505462208441,-0.3011405555854566,-0.11506776994966536,-0.031736545665800295,-0.031227512554697016,-0.012397906960244537,0.028894743685821726,0.1366352081679339,0.005801862817369887,-0.016842035680525135
-0.05222607698938702,-0.05576625225949024,0.27536724251821504,0.331723952500697,0.14992452650628996,0.12307482694731993,-0.1896171640497335,-0.03503214007422807,0.06440325427394425,0.30258645608270474,0.3323193947557184,0.22816649562185737,0.21247649386460019,0.22505055755878645,0.2758314159196349,0.1964016169737348,0.16157891008680547
-0.041107095525507155,0.020790753499963677,0.013999502689545456,-0.022967956082959522,-0.0732014289214269,-0.05708583876303578,-0.36325392572062754,-0.40466861963452755,-0.3767246403416702,-0.08393663375898056,-0.06642358140813413,-0.08375040407347377,-0.04325476618976798,-0.0569535005854774,-0.08876010563354295,-0.01608267979535788,-0.05419022270071525
0.04806610246518988,0.04317587609587944,-0.022786955472336202,-0.03881539913775767,0.013720895339322572,0.008067152152888531,-0.4450319949808712,-0.49751006983847434,-0.3164026549555596,-0.03389596700503758,-0.022389067091030147,-0.05565397390369185,-0.03502859159065142,0.04925503868572861,-0.006660118283673646,-0.021164951505832714,-0.013917600075391296
-0.3044112522000541,-0.4154699006232957,-0.10206905882389589,-0.10961424088148221,0.12909360179331977,0.15252846842365478,-0.392894883550474,0.31902497449544764,0.34650364992773186,-0.11015818687527451,0.005057166229351643,-0.018372048968253445,-0.047528775163566336,0.022878340017948157,-0.15024235204648648,-0.4229383815372848,-0.3421918803795844
-0.03154867603063018,-0.029954643653384634,-0.06546310394332533,-0.08888894295826162,0.015860396126843566,-0.040652218320817446,-0.33161540342788215,-0.3403657910702335,-0.31491639878837835,-0.01831961296009352,-0.07324913204995571,-0.07916922809502848,-0.08195050901758792,-0.08265045550558271,-0.052809376808004536,-0.07912983498201186,-0.0668044251778239
0.0034474204021500477,-0.012363307521299943,-0.06265078743946302,-0.07235366577471193,-0.009713261826596816,0.0039057944448509865,-0.42648726404142046,-0.3428768397031262,-0.31024066298788333,-0.03632762231417935,-0.0165996479734415,-0.02833186750945346,-0.03135207138535703,-0.05592174210429376,-0.04929847516043693,-0.020390036021104476,-0.03506898293059875
0.032480556359391614,-0.006956906553571012,-0.0613014486072696,-0.0354372306070077,0.027882897006689753,0.00523937313055945,-0.33334424262258733,-0.41876367147255283,-0.32567577747589455,-0.051589014652916716,-0.011513583205246983,-0.03719783494375323,-0.05421674768542009,-0.023272714814437975,-0.08573834525313799,0.004089657672321412,-0.01166385551998208
0.04583311693212401,0.0005175275323469349,-0.014945251061522148,-0.021087226660482836,0.029873993083961294,0.034120106765741086,-0.4476914545115074,-0.2829699472146719,-0.29862127958649537,-0.01507972444087371,-0.019818992483422886,-0.03537744792968491,-0.03804584938709332,0.007423463138219834,-0.04754170625631826,0.0065075392849123035,-0.00390799403164788
0.0056987362813472435,0.020274677309986385,-0.08089194993939547,-0.07461574570038869,0.026817475212163586,-0.019421840687410322,-0.32850855679094554,-0.34346493253059873,-0.27115161792275205,-0.05204202010162981,-0.030626113187904855,-0.07001682546819277,-0.09441740185556986,-0.053457608259405355,-0.06341585734198453,-0.02316357381844511,-0.04497808886863508
-0.00947303569141013,0.023430488991239017,0.026887257880831843,-0.07748646705285778,-0.06358773895818677,-0.019234348648105408,-0.3568111020660709,-0.5092917086145841,-0.4740339605004123,-0.07382764405267532,-0.03930921358356482,-0.08887086520576208,-0.05818141584067062,-0.05190858761313699,-0.0738182499910672,-0.030028167316285107,-0.02536916720844086
-0.030876772495675973,-0.021243594585488874,-0.28705607546595896,-0.24757519898940938,-0.072389121216507,-0.06297826244001659,-0.03797756538380209,-0.45361426799377547,-0.44173008827143095,-0.1960984268819324,-0.17960547579844707,-0.17627422924472838,-0.12394420801935147,-0.08812096013833089,-0.14873867131682061,-0.37988723756272164,-0.4142838998177728
0.044734328589045635,0.02629543457820711,-0.11433633632050752,-0.09407663243426119,0.024256531496574578,0.010093828037294968,-0.3745780250164248,-0.28718056291698213,-0.19821749348883308,-0.02369907380529678,-0.02418452114774198,-0.07302177679413441,-0.05431597162357895,-0.0313211592511237,-0.0589083889931443,-0.06437201087439784,-0.04496717668795689
0.054895983497217006,0.0404268408026717,-0.03393707143454753,-0.053001267518400966,0.027018657606347165,-0.0016087119984990572,-0.6751887514673254,-0.5264462815935662,-0.332204668920102,-0.06928971849918855,-0.032909950880109014,-0.04655109059590501,-0.0807616904973498,-0.10024283220404034,-0.14347736151561383,-0.03105926989266244,-0.06199382212036016
-0.1833709467670336,-0.17401131500306916,-0.27434870895668095,-0.22749596809956338,-0.04448890702035601,-0.019639284956030213,-0.2641572793426777,-0.5520548230971145,-0.39380377055538773,-0.08145288325767752,-0.09658527640682003,-0.04554103357194307,-0.07430297623617273,-0.2013774017662885,-0.1302900136281873,0.039661140407842535,0.025999460255118817
-0.05790338196131371,-0.08804533211934362,0.3176689972010566,0.3429161938651053,0.154817940873028,0.12465921439424571,-0.1516598760415808,-0.009164042952039554,0.07044059810842498,0.2665987489430507,0.26896419440463537,0.23939747924686577,0.15509305143516494,0.2596122282423837,0.30792560195584284,0.2139656908904093,0.2330158778470778
-0.0013019858482912587,-0.024497519964771498,-0.049803329813097326,-0.07720743810460796,-0.02469293582905221,0.009113295155876307,-0.31824296315085177,-0.39543953802057674,-0.22941807312747967,-0.03436520518771516,-0.06962164746692903,-0.06274343580098285,-0.0660681617508391,-0.059023545131903506,-0.04359118772536895,-0.06427120661930362,-0.032342728057272896
-0.03188699521494964,-0.051554949858996314,0.3322175972254351,0.3319576993405295,0.09510399069996296,0.1422639655956211,-0.06515791444114374,-0.0015520465694545296,0.0942563481801437,0.25655083011937563,0.29979259183651935,0.2171091822523535,0.20368068784941212,0.27435158762826556,0.25984346003698067,0.2479105451664516,0.23253999916598303
-0.04394863785642826,-0.04375936711213931,-0.1567959753195945,-0.1642900406979676,-0.02457507032008497,-0.004066015843345161,-0.23782445242315206,-0.30674441950972015,-0.28299256016584257,-0.04386088444706767,-0.03978197032596566,-0.05164115225971174,-0.04310459335305828,-0.03706292762895038,-0.05142759065692579,0.04019295889497268,0.031118294770526096
-0.015115976579499759,0.013195706667623661,-0.04796919453143815,-0.07502519455031433,-0.043143557962085376,-0.034806062476775715,-0.6027664335457708,-0.5337261443576664,-0.3788305065898679,-0.0699831842327712,-0.05644889953917681,-0.03716441448373737,-0.06416254649324012,-0.08780198430429585,-0.1004496837659598,0.0011688506116123599,-0.01518122372040158
0.0309514181257956,0.004318337700373874,-0.1042297484599178,-0.05012270578563242,0.023488011896110075,0.05957135739188989,-0.44911516477578645,-0.38984960336528074,-0.3082443147607274,-0.03662672967509344,-0.00972409497827925,-0.06627825822742474,-0.04842788962932453,-0.08757037278535615,-0.0946156333274785,0.022169369235458307,-0.020765785301385495
-0.007459958492857943,0.020027916549084944,-0.010558325550450894,-0.06239951897882954,-0.02589085132771655,-0.0022572296719838734,-0.47207809215289565,-0.5631115817125947,-0.4220176841736174,-0.028042517814867312,-0.03618471931665917,-0.014160808007734785,-0.07576858230868608,-0.07943916429859169,-0.10225429252732875,-0.015597526836967556,-0.0374658377053041
-0.02719959407281702,-0.11931203177865253,0.2192372567276503,0.23782205674941567,0.051817361933260093,0.018736543978051058,-0.30778636150314076,-0.051995303376642474,0.0356725494741557,0.22611219733912025,0.2261816040022651,0.17259219108605248,0.14185583109950942,0.21715710932258478,0.2655201277508964,0.19550284288538103,0.22351189241170136
0.02552038147817766,0.008264476563464898,-0.046512590882466044,-0.04914158236548367,0.026995111281409707,0.03632085998518537,-0.3637687938110336,-0.37594490814315734,-0.22997421726783449,-0.030707623172948745,-0.041792217067736066,-0.0432980525013763,-0.05387585505779996,-0.05946312988209933,-0.06718049942440243,0.015745771660738577,-0.01613581439335069
-0.023414793780067545,0.07714128824085946,0.1466151498611053,0.021637748738435065,0.07003225549659545,0.05241156798605703,-0.4920792896340993,-0.32457370885387027,-0.4494934209727466,-0.04833319888801655,-0.04766657075600306,-0.028743963443005928,-0.026780944325028033,-0.04827999268788422,0.08587136442272382,0.004005609389860908,-0.013715283267024172
0.05338197566470407,-0.031674092538365256,-0.03990457955018243,-0.025263452706353176,-0.0001283470138615707,0.06910531416617968,-0.39923687074359065,-0.3776269166986979,-0.27746866274759957,-0.03408174970078033,0.00558589898929695,-0.04045126992679023,-0.0686654991636347,-0.05615033351624369,-0.07475222279432034,-0.016031863089678775,-0.030199424820073262
0.024714917658466173,0.015383362512042214,-0.012816259225312652,-0.06399869562881305,-0.07677835449373362,-0.004135111288489693,-0.5024329863905025,-0.5207476578028282,-0.3728420775106698,-0.09613668680492536,-0.07105314250765789,-0.07285781770645676,-0.026658279529020015,-0.05348841305581727,-0.13217409158938906,-0.012811925161706013,-0.058918792873473666
-0.22175555802979727,-0.37089587485366826,-1.1098760943303094,-1.0593170343694724,-0.9170248560587293,0.00600143562034943,-0.10712817160132587,0.4743997294597343,0.5141076142182306,-0.4357003747032935,-0.3766532467792964,0.10600982053763311,0.10793484841147148,-0.023494938013229653,-0.023463558605128887,-0.6528849903146507,-0.5226800031017481
0.004562690688582305,0.07818583614592242,0.09821387622692822,0.012218806503732488,0.08101657242630377,0.0562936786792457,-0.4491158444574014,-0.3604610828684606,-0.24956412626905408,-0.07838578747832765,-0.049632137231769145,-0.06975153868766593,-0.052444669364233865,0.032727966255983364,0.11044951876886662,-0.03336232518999986,-0.02023005906392806
0.010152233290922684,-0.021500877251949702,-0.06887617614489608,-0.07734911752941635,0.018784424340571388,0.005662666107245653,-0.4375689280481661,-0.555742900262652,-0.28669131355740973,-0.008503060205272668,-0.05197756411785168,-0.09063376541020603,-0.05519366785365244,-0.04817521780093346,-0.01761289162392064,-0.01821326680533799,-0.007695587371198696
0.002890330263136574,-0.01729671284245358,-0.06047584962487996,-0.07612960853690408,0.03045798824987599,0.016672705464303775,-0.33981289033029666,-0.28033067120364435,-0.3423787618271442,-0.039147569827977034,-0.006492421312166595,-0.04023549726412081,-0.07766493171605106,-0.03527525646624942,-0.07746405158486476,-0.03343110102310023,-0.03618786770018675
0.0016234080044490863,-0.0006861101912028759,-0.08815776348220153,-0.13501222711511177,-0.10777387095959175,-0.04110389526802723,-0.38911361368425756,-0.5612027924314645,-0.4105370457816286,-0.11026382322705731,-0.03593765694939695,-0.10841694090208584,-0.09092128235846689,-0.09767443775358674,-0.1328791027264594,-0.035092472410871246,-0.041235998747890336
-0.017741911816841573,-0.0071963204852237206,-0.03261640337319497,-0.07104257877891662,-0.07874945234227959,0.0367710256855596,-0.45329098944509744,-0.5531358195087996,-0.41885659338624465,-0.04739555019600502,-0.03559033677057208,-0.028351224768327177,-0.05791123549455838,-0.15040182072499517,-0.09811464735032906,8.277622964183756e-05,-0.06988867226956116
-0.015268294418005394,-0.00622773530987598,-0.040642536596380195,-0.0855455662636519,0.024714180309940537,-0.08061227027817423,-0.3950603047111576,-0.3515188912626945,-0.2694176656189975,-0.04159361392942434,-0.07164843833400372,-0.07014335620488153,-0.04218844497293687,-0.05756706771285167,-0.0725914348869865,-0.03035058317173576,-0.04976622684227694
-0.10335368667711857,-0.039855026124088026,0.2660065080111749,0.34486501212462556,0.07935174609553543,0.09798596767757664,-0.038969063861054754,0.046688370623568634,0.1347518177352069,0.26882923361046057,0.28457723238829613,0.204734586303187,0.17263163381996802,0.25293915037965164,0.2819749884153427,0.22518405232732563,0.19220933628663073
0.00637719735635048,0.026299496990866908,-0.06820733848737034,-0.0801838385953061,-0.05629939500962379,-0.007428983171115838,-0.43573695009437724,-0.6514681226994431,-0.4358950728151066,-0.07370655301799543,-0.05016380526211278,-0.06276321700365582,-0.04153953742001756,-0.08300224683758661,-0.12644224452188618,-0.024658928393603563,-0.03417213677908686
0.030419336492766423,-0.01758750983105102,-0.06303909671029372,-0.08955715555326334,-0.003562924578779133,0.009529815976032228,-0.3955985722056483,-0.4402817016398815,-0.3692002345819637,-0.056846716031391166,-0.05696428488683612,-0.04770069020242435,-0.08540340435082908,0.00030459574848448664,-0.01901118121765971,-0.026319151091586425,-0.022720632013967883
-0.07756722663185699,-0.0574699666912625,0.33053737624629753,0.33902797654503214,0.12222291476021405,0.14155816507114968,-0.18544667258524297,-0.11565943609347014,0.07709719155372907,0.3108316416656998,0.3282540443425771,0.24189783059473977,0.19202176242390645,0.25588234228436446,0.233059558733084,0.21789112540039288,0.22375380709274487
0.006904288603207715,0.02554279483333845,-0.08474537049602007,-0.09602428134785293,0.044804347295533516,0.02257011909431429,-0.5049018193136618,-0.3520810562666143,-0.27397056814704196,-0.010337370084298378,-0.020926567703447457,-0.03470614449606042,-0.028415965772094928,-0.0333735411822913,-0.023654289645082312,-0.03250054558552102,-0.02514644308183949
0.015861179341849482,0.015687471159041216,-0.0026889712351214367,-0.06857625207209861,-0.04782038114598249,-0.037750068926591863,-0.37937793949600307,-0.39721487808832306,-0.3478056188071917,-0.08743103307718295,-0.060142513484510274,-0.09321189742394485,-0.0477944454721528,-0.04779510058996031,-0.006157340842561749,-0.023770294282841522,-0.057135971884075265
-0.04836533582562517,-0.10742811317608009,0.341818591506955,0.37327579615795453,0.124295046510559,0.16949683308152466,-0.0923722721743987,-0.0611115990886806,0.08396219319518024,0.31020468242750426,0.2957496457657118,0.24015068519305147,0.18003648686861817,0.25157125407947334,0.2896709846670397,0.23517674112139275,0.2506430021309354
0.009991119165362519,0.04826199700880551,-0.028602607929701245,-0.07893984808442622,-0.13336026027512723,-0.029720921044933457,-0.5752496117427068,-0.5122250972297352,-0.37398076191597157,-0.019069013994397376,-0.03567488170983802,-0.04678870307571982,-0.020953060601422432,-0.10232825039434273,-0.08093872270097471,-0.03818998116505539,-0.0642857942185874
0.016479229579739903,0.0015674013494023167,-0.03403777393784291,-0.05814158079593046,-0.008359567492138493,-0.010321381742250555,-0.2596945625146197,-0.3043524795937864,-0.2610311798162505,-0.03139485952144785,-0.006228304969348722,-0.045951331265844324,-0.06843285499082866,-0.09703637432002629,-0.049722202461290936,-0.029265874902735894,-0.05623368319593965
-0.05455372960740378,-0.10217909162726271,-0.22659026928219567,-0.2022738048246851,-0.038004749997061826,-0.013831112273344735,-0.24062307760877838,-0.35923081647921484,-0.2127207052323136,-0.11661740826442202,-0.06653830074038579,-0.03172547292151103,-0.058754347158915164,-0.05442299285694225,-0.07909424040012131,0.042054739573664346,0.021093320036846108
-0.0005771943143225933,0.013774196020128806,-0.06903968325090665,-0.043925079120659495,0.024052505279742745,0.003029713540398119,-0.50490167916431,-0.27089876936751583,-0.3335714656162668,-0.059175754729843676,-0.04238475334125075,-0.06230412459700777,-0.0454972827120878,-0.03831794835820565,-0.04942773706421401,-0.012523454024545666,-0.0233520526859097
-0.07083356295842176,-0.10931220958173454,0.30726076087028054,0.3606737349968911,0.1511468996349317,0.13375680869273188,-0.05046696977007453,-0.024149885369881975,0.07204302107500427,0.29187246400625366,0.2735491298191627,0.21656534222738136,0.22737691040738045,0.2615976269339917,0.3082532350329236,0.24526254228357586,0.21021592708563336
-0.15870531727223977,-0.14716822622818532,-0.2502730986970407,-0.229263432643945,-0.05571501512477028,-0.040504803475424844,-0.2502533343975364,-0.5555591391770703,-0.34562954818837066,-0.04870123552673986,-0.052785524228339153,-0.06882512949031257,-0.08390870897260222,-0.12167793836006316,-0.08534701196994769,0.04947411232041015,0.01807939619470376
0.035494807614882766,0.014260274831057762,-0.03585406357445229,-0.0993372174290077,0.033970546475346336,0.0037455932461662378,-0.4593216634364817,-0.26943278541705773,-0.35825080912800344,-0.06365151700640667,-0.01838191423886052,-0.023476974486804445,-0.053622790511353595,-0.029067653619767774,-0.04360449391919517,-0.03461626624225761,-0.032887716865477694
0.028454606632223912,0.014496361734309352,-0.029358407073354558,-0.08724881251491305,-0.05030790127028341,-0.04035466006523466,-0.41230838488043375,-0.38378896205833246,-0.2788081949988156,-0.07146960461985603,-0.05358220234761065,-0.06987051675592128,-0.10238306130802048,-0.038485852043849994,-0.07812487121236387,0.002857882356815024,-0.01243368380662475
-0.08658424920999905,-0.15063183455120138,-0.09087152336477396,-0.08266190958552522,0.003004315118286056,0.011245783295411092,-0.1383182731120272,-0.009860617634511975,0.03984345593835981,0.14543840351740464,0.1303157896457293,0.1704448708525601,0.17364633911151156,0.13373386542640356,0.09498716667677949,0.09536142002247036,0.09500157292408992
0.01793796041215062,0.016348473456215543,-0.02763026998298921,-0.06403313964572376,-0.010322560678415634,-0.04280173763384787,-0.5414473597038352,-0.40560961303263265,-0.38890872280572086,-0.026755329961713866,-0.054175677460110795,-0.05178105413487545,-0.07703453233204739,-0.059458244507741155,-0.08661910127320642,-0.05090582733473755,-0.046652241680488205
0.025159710565453835,0.018352289650497698,-0.08531924984549097,-0.05347256965872337,0.0046235415674012225,-0.014391984989565601,-0.4235448770228444,-0.5241661440516782,-0.390108378521307,-0.025003970611411398,-0.06221290684847167,-0.08478317727933654,-0.08085786576880931,-0.08543511398166591,-0.08969692695770641,-0.019848253270311454,-0.03769990083668588
0.010496542073352514,0.029927067530016848,-0.11532575911561406,-0.033193418849274986,0.012605033418777094,-0.014677336469096896,-0.5100559171431189,-0.31298472092125185,-0.28226415751033956,-0.006499589145038863,-0.020959766194996586,-0.042892435790525055,-0.043447802908385166,-0.04015048868021224,-0.003180245621578491,-0.04167220413114792,-0.0022856437367302297
0.0004148305366093975,-0.01625053261081934,-0.022276831568629786,-0.014867204636908925,-0.11502742659459107,0.03929380359669975,-0.37277512340767993,-0.7231282735054586,-0.4858080083267675,0.055406775046655685,-0.04140313017807299,-0.05748633782334991,-0.07505658998371624,-0.22539386932991792,-0.14459005437566855,-0.03893506334993205,-0.04179738296607077
0.006590683949254261,0.012944509276419299,-0.03792268040929521,-0.07031965007685341,0.0097160157516173,-0.0200852370531031,-0.528385084684987,-0.38324379896317723,-0.20916091227574535,-0.08317607913748998,-0.05503437177762841,-0.05150457902315087,-0.047526877404778435,-0.0252125984873129,-0.04988975180448628,-0.01652449421559464,-0.007020860648080461
-0.00117591586842134,0.047809795659166696,0.15499643231739807,0.03201792360426159,0.08751288573292457,0.055143547772316975,-0.41869244957189555,-0.3661508958837638,-0.4601374402583943,-0.08333749839525006,-0.05356523514406227,-0.025891431659506248,-0.038647556494140214,0.046935668981806226,0.155610157720665,0.004046424702335816,-0.027644437923057947
0.005731532636884941,0.010989382315828968,-0.022346435581419417,-0.03758320035945196,0.03566918616283532,0.0013180388511386427,-0.43044308599241443,-0.351043034541856,-0.3110897638765193,-0.035148271408113246,-0.008254508065482271,-0.04557950347310323,-0.10530656890726206,-0.029512721622693652,-0.011513549937787871,0.016504402252640587,-0.03347242242861433
-0.027767081335898756,-0.006690868865175837,-0.04945923610726371,-0.07110508371615085,-0.03812761208324735,-0.024220062919088355,-0.44355021253162946,-0.6609103407784467,-0.4361063686274684,-0.07805131351672993,-0.05408722692407749,-0.0794873692146604,-0.043363119486115376,-0.10869680404356881,-0.12814184798810593,-0.05012300366598259,-0.052795326337150984
0.004243055823100799,-0.0814345342346539,0.32581891491252085,0.33160052054714934,0.11965099680346374,0.1201403974677199,-0.12947990414779176,-0.06929604973228076,0.11162610474339957,0.3246185550697357,0.29203822729096557,0.24214525595831274,0.17925080449238867,0.2533692352046273,0.24568142387369205,0.235494173798083,0.2255091799884316
0.027302543979245752,0.02022490406531155,-0.05710824577280431,-0.07144898061286739,-0.11136600018494228,0.01770327567310834,-0.4344335458620198,-0.4973869869240017,-0.42122389764291474,-0.04349670114480068,-0.07562481477462057,-0.05453973115047204,-0.05908568299124242,-0.15688985492063742,-0.08903018676224134,-0.02855141219469303,-0.060716746739949076
-0.014366359493492846,0.03282099528314235,-0.045878116722417116,-0.03397042383077785,-0.01936905302722608,0.0175827536234035,-0.41311467329852225,-0.41933488509121014,-0.38608193743147956,-0.06553316734588888,-0.016305191179718133,-0.0692829542466458,-0.02983699357291734,-0.038061228988669094,-0.03735864275403199,-0.007579830295476984,-0.04596998554631721
-0.011345146652096209,-0.044702914305125956,0.3292899436705003,0.31988037176802303,0.13457770028036142,0.11880251502138692,-0.1371877272393461,-0.005427830085813498,0.08796993209590326,0.254444114798064,0.2784375610686844,0.25513414797843625,0.18085105955490216,0.27817375308319137,0.2663849573458797,0.2333047321749573,0.2289500462448292
0.03362550798933263,0.0161388904288536,-0.049673462879875604,-0.02177364930809234,-0.031758070160228025,-8.027603631761058e-05,-0.5024347930093213,-0.4337216932852758,-0.47784774448206063,-0.06741328615527765,-0.06077731116631585,-0.03804679468572124,-0.05735636496548252,-0.016617017524804798,-0.07188945205534326,-0.0017829181417261784,-0.035544978772740335
-0.1685491819577202,-0.16431903240029289,-0.2792152574967322,-0.306462902782756,-0.18580111942815292,-0.13486710970534477,0.12075029466348815,0.0023477230645086397,0.012732316565395526,-0.11338388377007294,-0.10829061596696705,-0.17905291257109482,-0.1338867135382142,-0.1297690817122569,-0.11747073933110645,-0.544662528378459,-0.6094910094485363
-0.028889321468897392,-0.021635526291876386,-0.0950754936768686,-0.089697024348884,0.012443597742606555,-0.009461392822477967,-0.41770956221219635,-0.3892703787639481,-0.3803816696619402,-0.08661589531071365,-0.02739506003076438,-0.02870343311966711,-0.09151634746053142,-0.032635011758895764,-0.0482821413181422,-0.024496806471464235,-0.01117961302286936
0.027709567288370117,-0.02887394441406134,-0.10869696695530245,-0.056560948712821704,0.011039302514998857,-0.005952829277310353,-0.2804155991053793,-0.5193951021022192,-0.3878035572100706,-0.049827989024716184,-0.02256386656498765,-0.10245714950404268,-0.05654162348879823,-0.02030766785869544,-0.07483034140127358,-0.05209310050757326,-0.02499560713668031
-0.09224166131388076,-0.08928338380990634,0.3187879400793264,0.3254682482848301,0.07696763331310401,0.1068082238465297,-0.14923586104300138,-0.013329067696557385,0.13898376370069626,0.26154846305791607,0.3001351365916034,0.20493413185608456,0.18194800670876446,0.2787000546187144,0.30835979271909,0.2258761814911605,0.19931146721047185
-0.06321647155014615,-0.033978022428151594,0.3671902760451297,0.3642546681469693,0.10116697521557803,0.04838589309596889,-0.06072154373208272,0.038331346072268416,0.0706492805469803,0.22810844338837977,0.23899335277162395,0.24669530561680952,0.20807573885007372,0.27579543532468886,0.352631713944351,0.24518462537362268,0.20088825426076914
0.007893055937571607,-0.002599518210990721,-0.01762510903708504,-0.007693077809388139,0.013617693168556861,0.04666968582920123,-0.5550695644273522,-0.30501701842034595,-0.28185154818081865,-0.015159427852296618,0.00029971281736338134,-0.05714240005827461,-0.03741952479993988,0.042552442613290525,0.01515375738177957,-0.01720102146909139,-0.029616257532365426
0.005267854233125558,0.028900743323929133,-0.014555455297319612,-0.03611007747001366,-0.07964181071648456,0.01691207987933903,-0.5458036283489064,-0.514310309492775,-0.4379568772112731,-0.06074364602583441,-0.06029538272956927,-0.052961153992614494,-0.02420408465197984,-0.0632582480397622,-0.04992411423068241,0.001706556513653152,-0.029961814402716128
-0.09734204727563411,-0.11955929465324405,0.3020198616949091,0.3802305840427922,0.1268088638477584,0.12434553473333163,-0.15097353048799375,-0.04019131177960639,0.08616012605065877,0.28487470447825997,0.33214711386294715,0.22197758063616108,0.2041720992161357,0.3060184538090685,0.26817307216926795,0.2312382364401686,0.23305204089565126
0.03548608508315529,-0.008492643271006114,-0.03536333527575917,-0.04829051623593537,0.06227661821706023,-0.0021495370871800774,-0.2963456254382261,-0.32669672995968474,-0.25422497203090577,-0.01596191312731125,-0.008485019346291128,-0.01636132617724123,-0.038530530102142545,-0.0531659555899307,-0.04121893275033701,-0.014053050644834832,-0.05224615171225195
0.16762205600005398,0.14789485329352703,-0.510687763537181,-0.4766312820479527,-0.2467288220357887,-0.026889349315970916,-0.112747246962565,0.5501857541453997,0.5618881588021353,-0.1955049205645687,-0.06383641233029742,-0.06970132364176643,-0.11855808293068082,-0.06444401856184373,-0.07364217520613178,-0.006436506323749379,0.026762466602253784
0.03892311680204676,-0.00030648111572008244,-0.11717800008485985,-0.08229514368912223,0.009681027081452173,-0.01614102428586387,-0.44503141373515565,-0.5309611585579813,-0.2874004681980417,-0.05666437628292832,-0.07221537273074491,-0.0923808403754931,-0.11330889884983054,-0.02427644208824514,-0.06382575390752712,-0.003121614546704007,-0.01907623389486383
0.02478105609202798,0.0034840986246967376,-0.12120488571537391,-0.049086246593012146,0.015402466434420546,-0.013718786730604135,-0.4071850893289768,-0.4347970109155168,-0.27056909442814897,-0.023159249233505708,-0.03122455577209748,-0.06995317311070713,-0.053364203828753294,-0.05855674778175385,-0.06722713431054687,-0.024156856706533687,0.01132804577851603
0.01103376571234359,-0.039269500399399804,-0.04792039450905654,-0.04603309322392153,0.012161829933607971,-0.015028418997799805,-0.3731118813988628,-0.3707017705513175,-0.28214711772979173,-0.03948716753442661,-0.03546695503011187,-0.05820608850971062,-0.010396885486149816,-0.020781418468102743,-0.04123751343149848,-0.0650122654620278,-0.04978532703529887
-0.08125261008742664,-0.04689686139100966,0.3171889874004949,0.36753643025910976,0.156549725406102,0.14402337246959704,-0.21784870226102157,0.03247005705624689,0.10183132381272629,0.2523262008617173,0.3057210658710934,0.2140750065964954,0.19866122215237228,0.26326325589000577,0.2688269492713269,0.25927458560545663,0.2336008198023134
0.0028459664350422623,0.02523575204892259,-0.04237535051330622,-0.07210850724043409,-0.06633730442688085,0.02502870672042099,-0.44586503815230244,-0.6202311150371773,-0.44612141760463064,-0.08233709801535996,-0.09082057059882431,-0.050857806260996494,-0.06633626026549719,-0.11300034974451051,-0.12560429581133203,-0.01639865514315308,0.010758045733438009
-0.03502281092050485,0.016065063803370368,-0.06407397832508187,-0.06091369632660845,-0.14738235668872363,-0.03175132186727418,-0.42986921425944136,-0.6141413345461865,-0.44049032469581356,-0.05944741066198763,-0.05529141353375156,-0.06564889896973944,-0.07635229953047928,-0.12541256658204303,-0.08465776301641144,-0.029458277731861684,-0.0652310616566429
-0.006302334414995256,0.016385150107310422,-0.01566678974408939,-0.06676382093499098,-0.0067164717704833975,-0.037188091069047226,-0.49666143672050345,-0.49096622537481116,-0.3665295248800689,-0.03184470733013093,-0.06653099295785665,-0.04467694043425251,-0.06947531154290992,-0.0357760480094447,-0.051054052299391084,0.0115792448048413,-0.020183472928184776
-0.022335593774793865,-0.004991219031140723,-0.09763261313932138,-0.12194261059702972,-0.04033801565446002,-0.03619261495040819,-0.3245726725189564,-0.36992674756785265,-0.31266408528580925,-0.038148757045072236,-0.03840745210729743,-0.07656046039075155,-0.05443686502988725,-0.031161108007821056,-0.09376682641630775,-0.04547655931645623,-0.04219283773078503
-0.13599719381115305,-0.07729176286187234,-0.12909821850569927,-0.11659098232098847,-0.11413972831192623,-0.02686940086063565,0.09041300940520766,-0.44249269197855473,-0.5669636665480271,-0.18248421944041826,-0.16509246020158863,-0.18738220518899634,-0.16587240638977632,-0.17010533795176472,-0.19868038962093454,-0.7217102506080509,-0.7511807089723618
-0.001591080621011517,0.007386350231793256,-0.030316208332049076,-0.10689291297681663,-0.06872651574787494,-0.06601707149535001,-0.42397709310405185,-0.562406431881393,-0.5479902354154719,-0.08145710569555717,-0.03788950052203138,-0.05699473981027377,-0.02772271682355044,-0.032277733744523446,-0.07572631769211378,-0.011848356278828551,-0.029388736502820378
-0.15150150777434937,-0.10757302119866755,-0.4566194526881314,-0.4652576807062305,-0.06552046680978102,-0.12904718813953853,-0.25969362258261125,-0.30153985138361183,-0.22155402703951327,-0.15291690833297739,-0.04653708938470765,-0.1281931466272875,-0.0898656615140848,-0.0008234926134816308,-0.08489219314182167,0.07070528529906185,0.07482151332892856
0.054442634612385375,0.01995612358478425,-0.13053201763506822,-0.07914766553103998,0.04898834078286883,0.05987729624013167,-0.5162160781723568,-0.4325504174160975,-0.26149159158704055,-0.04652316877488383,-0.009868755430582724,-0.08172608011573569,-0.07072968454637064,-0.01144377147314011,-0.035573918496708413,-0.024816023829928424,-0.015772727700079692
0.0065811457649390575,0.036441865797517445,-0.0172759573988335,-0.06980074865022674,0.014800612928392987,-0.010123587912588265,-0.42397908741406315,-0.4872089685663552,-0.31439449913699047,-0.06978239942588148,-0.05174211174168372,-0.10055572676725803,-0.08257783287778472,0.0038679375684964284,-0.043841622474825495,-0.04073389456121882,-0.002753553076077348
0.02094854926058822,0.04296917707095064,-0.036790971320809183,-0.07156639278073634,-0.06367480035412176,0.005301008769665622,-0.4999457681062038,-0.5710126907992783,-0.39959868890583133,-0.005111749774163497,-0.06938585915439648,-0.038058906636206036,-0.044435037205248315,-0.0968407031095684,-0.0782690726062867,-0.02399759610214552,-0.03421237612493637
0.002693568352795461,0.0026459930904356404,-0.05343641059815438,-0.0736259340588888,0.01296533054500977,-0.007636035398158476,-0.37457718266792706,-0.4280082430217907,-0.24242564570553776,-0.04467045535825815,-0.036377843544139817,-0.046382670648404935,-0.06314459563560175,-0.0457713906078363,-0.05841872655408528,-0.026863304111637846,-0.035685814258337535
-0.0464539722761505,-0.05453270607731215,0.3257174746231958,0.35528086118237945,0.07904722590818307,0.057104506423861424,-0.24347844155192988,-0.06837249221101387,0.07924132007116653,0.3038405907063809,0.27609004679767346,0.21888272638190134,0.17915045688906964,0.2773365371596383,0.287560100662638,0.1957572267071421,0.18652007311180183
-0.00898560136755121,0.012863047380863035,-0.0676400598173047,-0.06559586426647412,-0.019982442823593828,-0.009302287851792952,-0.4035340408050478,-0.46895675980525425,-0.3058622883951553,-0.05512587168831257,-0.024183874109037117,-0.0737664605620907,-0.07802040427168723,-0.01641965126220967,-0.06558799805198144,-0.04840888091185931,-0.04475082551547712
-0.08488395582965347,-0.14469921868795396,0.320712756063065,0.3314967710690687,0.1170319345522738,0.11676105366015369,-0.08985679421375717,-0.006370844680327895,0.07809782681029663,0.27244985865884236,0.24692079984972395,0.19291626125972158,0.1728509582433626,0.2804947671349744,0.27355015510585223,0.19374421856077137,0.21973905255534268
0.018114184033605964,0.02105340836517923,-0.0712036418762808,-0.0935145732187796,-0.01919332029668358,-0.013741337942933024,-0.4057581156893951,-0.30401507707185166,-0.383246082844275,-0.05669562760743032,-0.03410092673180236,-0.0882010175078014,-0.040601229049654984,-0.027480326880307836,-0.027912698970116872,-0.059928247511456915,-0.03073528189216824
0.02181940489414413,-0.011618846735053636,-0.09354503618402693,-0.09219734377981088,-5.3544921012844374e-05,-0.008954560215106738,-0.5110752795421424,-0.3805184519981479,-0.3038673700269545,-0.0494568157239818,-0.045335424402156814,-0.03510935669015302,-0.0760923626069044,-0.06930895248845831,-0.07189084263360161,-0.06420245476965696,-0.06536927290546968
-0.0211175687209839,-0.049497418319042225,0.3260063024212048,0.3416737605458165,0.1246306577360464,0.13086897872187453,-0.09110514438483724,0.03089310337754958,0.1300545951688267,0.25718682499766193,0.28987281178608726,0.16896314535425752,0.1831962195679058,0.2824650305868763,0.2892850550773564,0.21020554278674958,0.21724983614194798
0.0033216348803429955,0.042130030806256664,-0.052210375854499246,-0.01434258419454757,-0.13585617108276077,0.005309918034769209,-0.40914798783867196,-0.5267076489465328,-0.42120862960143857,-0.05364874679244451,-0.021966253773067518,-0.039433647151800214,-0.05206218156791177,-0.13887724259138765,-0.10324824880089642,-0.049577798378902735,-0.062062552108740905
0.011905058146246431,0.020640212176339517,0.009147925220172113,-0.061546670842630324,-0.029550621811588604,-0.07078195470652286,-0.3461801839290777,-0.4902384169223394,-0.3744382460071846,-0.045203428069743055,-0.04295271566928884,-0.0832426105026823,-0.03095933343784301,0.05646107786925696,0.01584862582121453,0.007279668924210395,-0.015050246107498395
0.043495494845618765,0.0023585538072819377,-0.042943062216213544,-0.05049294863057578,-0.011837319223799663,-0.004535738155092548,-0.48876734209842854,-0.3377798151161236,-0.2726750384521858,-0.08908815531482225,-0.010144774581115299,-0.06585901676160243,-0.051160291786999136,0.015386781376352942,-0.005079693114673039,0.0001555173200630731,-0.006311552574840392
0.04177429435050855,0.03638425741697249,-0.021519736850543814,-0.045373759292727446,0.03950512616545056,0.0015105212999544243,-0.4863738557820608,-0.3943962058186568,-0.3171542227901705,-0.07280271937362254,-0.0412332977818794,-0.044626095564952936,-0.050660611408574,-0.02211195521927328,-0.07122234943595847,-0.0021854874467234,0.002994854306569624
-0.06977999783659738,-0.08272076317600853,0.3017222265311117,0.3403114143707541,0.12096661139538512,0.13138412998238083,-0.14801561944978484,0.00941768507348095,0.10677748105071053,0.34792578662886725,0.3001927991494776,0.22855054814442624,0.21147204783995305,0.235104494222033,0.29434799066146144,0.20781020965110633,0.21604836936145522
-0.09707221435550528,-0.11223924129697997,-0.014295980974847109,-0.07655197851480126,-0.08417078187385209,-0.09561481396820404,-0.29874950220749596,-0.4449063145669938,-0.3437904419789269,-0.052413273745770664,-0.05484316137628511,-0.28028903638576036,-0.283815989906767,-0.09828634275305961,-0.06514235470994477,-0.4861359559364133,-0.4571883143154062
-0.0765569471609299,-0.05168240963952825,0.3237773211360819,0.372772363662212,0.12527297873154664,0.1506775725942776,-0.14612627986957857,-0.10725671776480654,0.050792085128058086,0.2597657914575023,0.29787396114790976,0.22422700712969723,0.1905604612072239,0.21800877879886102,0.23400446101522757,0.23455942316330863,0.2408663305704556
0.04097419240057509,-0.006565364779343406,-0.0805784385835013,-0.04652227456949176,0.01055627725790304,0.020272801246638,-0.5151070506007088,-0.35602196311775935,-0.3923604788512324,-0.034475237572168055,-0.05399856264975067,-0.02927021935696663,-0.06674495195019739,-0.03597911071574422,-0.052750764268497036,-0.03639752628543531,-0.032510522307801264
0.015795916090145017,0.017436361562764843,-0.0766810493073938,-0.07346546250568399,0.034811569313775735,0.031967027476628385,-0.48314865933155776,-0.4922114933749307,-0.3793589048114913,-0.021984578434146577,-0.05641075874125485,-0.037213385550298114,-0.059859823746666964,-0.07753351188467619,-0.003795155464976612,-0.013195685329508081,-0.02471111881498449
0.027686555260335595,-0.010788821929505005,-0.07030125983954352,-0.12832044938217194,-0.0010683126184993848,-0.03142100259190571,-0.3637695960700948,-0.37034831196237217,-0.2562093467552612,-0.03542666490445524,-0.01859975455926079,-0.06694537067476439,-0.08233256611324948,-0.02793537850180607,-0.04365776635848205,-0.02826559819481656,-0.03932546400480074
-0.008635196542251793,0.017663729469317175,-0.05029391998404233,-0.08840818249745706,-0.09046390509146414,0.011353254441949736,-0.47489183860767026,-0.5041840103582544,-0.4378114156907121,-0.011122910443220542,-0.055415234698805174,-0.04530714855842935,-0.034113498835728326,-0.115520480232495,-0.1288163507788913,-0.0033671822290004473,-0.0625716412284902
0.02817709039485734,0.061552465170165604,-0.06900896909561825,-0.053428148439966044,0.007328643936370595,-0.025955972053179715,-0.52838071904668,-0.4757447234456903,-0.3013232522337393,-0.09683386993076828,-0.03802727186033816,-0.15282212394829164,-0.09428647489824518,-0.08445639818983501,-0.054073528410399585,-0.055346754545715825,-0.0652370163866107
-0.021092494662399208,0.01988238075885231,-0.06289416396781573,-0.08408824212299575,-0.13894635110107928,-0.03129421267472371,-0.4557186501945729,-0.6015431667287799,-0.4603106857003947,-0.07118761873585615,-0.08134625762554168,-0.08740643980506288,-0.06067232539771459,-0.11697529962071311,-0.11961860627589756,-0.02330460130428223,-0.08632372969469827
0.02831214357095574,0.0057162262460597,-0.056977442370261776,-0.017523846624643274,0.04966404363987959,0.0007548537103665876,-0.40575740701306495,-0.4826062772493608,-0.3215496706560901,-0.06759409856358026,-0.0068572718506502055,-0.09662588661931308,-0.06036105097478122,-0.028641817694473812,-0.05556183618255898,-0.014258236158127189,-0.013799003001255548
0.024572514613275434,-0.02975798098276333,-0.061240383805677694,-0.04944224097594646,-0.03323790803901379,-0.023987427104794727,-0.30986215777519616,-0.349780083916911,-0.36690936854639145,0.0011211809467094357,-0.03779049568857701,-0.03622631773254594,-0.023353739222392304,-0.040087480649558194,-0.06588173415708859,-0.0807800282123241,-0.05246914566296109
0.00042964028213807735,0.01177679702524699,-0.10056157047788032,-0.07665466041266686,0.028661378773406104,-0.029293078104073896,-0.4638261533639435,-0.3807939008193946,-0.3069953867830244,-0.03379830115359584,-0.04123035090772091,-0.03417070625657773,-0.06885807103247252,-0.017318563271629124,-0.08378960701921175,-0.01135821226536855,-0.031620626358138275
-0.0007549759327642125,-0.021980977684640114,-0.06410853546675298,-0.06711008397490824,0.0003247149394221121,-0.016754768615988805,-0.35034001040544116,-0.38435539997164686,-0.4580928343528166,-0.02192393448491046,-0.041905265225857025,-0.05778136302459215,-0.08355459942608312,-0.04697283585174788,-0.06620214258324846,-0.05292560790819728,-0.04211848156243166
0.022259455262193584,0.009986798307766323,-0.02987646850453146,-0.06524630899545945,0.01171344250770882,-0.01839454303450487,-0.4329811783944939,-0.27323700480239793,-0.33810591701211956,-0.03815469592057904,-0.05621096973184825,-0.015237023504648648,-0.0538995318123603,-0.002177208385055916,-0.08060156911637154,-0.014493840530518711,-0.023909331121915685
-0.048271630040029455,-0.0768683263712979,0.30138667436783717,0.3256030630184857,0.04667500465884233,0.12692462486159595,-0.13330678072789884,0.01631337498130199,0.08638300109816474,0.32975182018206967,0.30378524837118714,0.20852899047475373,0.18357899417841927,0.2337821809069077,0.2960496139782564,0.2190509771048299,0.20857726675291144
0.02971246333666851,-0.01409829624905589,-0.03815792698924622,-0.04137263522308073,-0.020988928417780977,0.030752473111592554,-0.337497200801381,-0.2676070964594016,-0.33559134158138254,-0.05045865417889669,-0.05560412032417051,-0.05522389100103683,-0.03750644254417647,-0.027435375448735807,-0.06471530699997484,-0.012050318191007678,-0.02055316498650167
0.02197805092178551,0.02894636688855605,-0.016717357599520994,-0.0689517939003704,-0.08683743305826862,-0.04239030425980702,-0.47208009607572116,-0.6021532223553816,-0.3641470541143366,-0.09650526346212028,-0.03933621093416744,-0.059336192729873186,-0.06226800499057132,-0.03540623287340972,-0.08182846313518634,0.0181128564563911,-0.03082428725979805
0.010497317650101116,-0.01085498551220658,-0.05749772242703486,-0.016178071180885756,-0.005634693498623295,0.0026491967681720446,-0.41374095316574855,-0.3606656872667087,-0.3273534430797268,-0.05500014293494148,-0.019818610004161342,-0.06132004926352018,-0.05211666484005796,0.019369157704066765,-0.049467679062227904,-0.030936328728399857,-0.021728126899660433
-0.06871803991771996,0.0017500216818876575,0.40302026815337644,0.38333099835237516,0.1431349984456262,0.08857693923740165,-0.09549961406854768,0.06659056757142973,0.0437757532493099,0.25716104288606567,0.22841862583705122,0.2047791508476006,0.2288352886395812,0.2928064223245461,0.41785324784336625,0.22127739919909015,0.233186126634924
-0.0044797359250057294,0.01041317689163726,-0.036014515126944965,-0.047262938856851934,-0.03819976602596079,-0.04370688557218846,-0.3718439887041427,-0.46997081897054915,-0.31282499161144767,-0.04678707906971911,-0.06296321329879398,-0.04851969752742012,-0.07050324939004186,-0.09111383458302987,-0.04261815027856793,-0.027476188190462113,-0.048637984999534686
-0.16466061327807274,-0.18665681370263668,-0.6185234543909816,-0.5730248087590502,-0.03581688686169411,-0.0799333376875571,-0.23255997091571906,-0.6168994181036344,-0.35844596579936483,-0.11584954047579278,-0.10632614263956465,-0.057321740509546894,-0.10548534682771754,-0.10333161546766968,-0.12568209407847303,0.11728922695689949,0.06669973582456942
-0.0015941327036495233,-0.00853302912604516,-0.06197325914991303,-0.027618389193474747,0.03454173629720569,0.019718602455637602,-0.5268282596497262,-0.3078809283450711,-0.27160298413128325,-0.05060902447306389,-0.024803263440648583,-0.07663980823441019,-0.07908040761461099,-0.001580405962477676,-0.025813234678423027,-0.002020212649012817,-0.035978694442313365
-0.05219075535857494,0.0071892160265049935,-0.052360158954841286,-0.07101588995570562,-0.09371976358906815,-0.03453974737554454,-0.4049455150428354,-0.5297610897036049,-0.3826891075240337,-0.029067564109596628,-0.01865880487802064,-0.022035852823398712,-0.028259300406176434,-0.07874809059715183,-0.0943780824862933,-0.042563669183886245,-0.054536878438058115
0.13858334532849778,0.15625833459619368,0.053820899236168514,-0.014485455785604489,-0.2194181800489902,-0.1787353429567115,-0.09434587535937833,0.2492447535148756,0.2916439960918189,-0.021019282187757973,-0.006501488449837759,-0.05019658890110291,-0.07318852135302993,0.14114862736201186,0.19827429447567732,0.2940523774565564,0.27706663465497516
0.031243468369397866,0.020591713793548502,-0.052240920513235554,-0.07146610670574302,-0.026407508222699497,0.00890123787431354,-0.4949794027734144,-0.5319535322105512,-0.47845879551575843,-0.04448317039598324,-0.0716915294936684,-0.020027256987778394,-0.04187131077109809,-0.07560514679572876,-0.11507593808974881,-0.0019614493011687398,-0.03528450784811674
-0.012532858371207227,0.027929308893334774,-0.041031116943370416,-0.029102928442512964,-0.05314386538810495,-0.013784430967634874,0.062472941281316065,-0.5799322223076093,-0.3862070746188342,-0.061739142135383125,-0.061406175306013125,-0.08205545696419235,-0.05802524823060868,-0.13074463910582473,-0.12498101437972657,-0.025217145006434117,-0.05623640900418339
0.016972438148101725,0.04648010689716078,-0.05548231845454118,-0.02414049182757836,-0.04883389095036753,-6.5483632731527e-07,-0.5395777412689677,-0.5176953166367452,-0.40253231674381956,-0.06815044965461621,-0.00975445613744208,-0.017773895467930442,-0.019084371983301266,-0.10402909723835392,-0.06658243844790383,-0.019260060217545012,-0.015315120885497541
0.05821663569330308,0.008573904527780802,-0.06376186944748842,-0.02550529797589129,0.05678767218523872,0.04605962995813692,-0.4872477839778172,-0.43481021973030204,-0.2512199826772303,-0.04133024452975275,-0.007847362679946178,-0.03031243590591779,-0.014484170531394827,-0.03388868677869758,-0.03661129245865594,0.009548731816995736,-0.0008035645694918436
0.013153298449145616,-0.0382500694900218,-0.03362261881792742,-0.053318350172097594,-0.00568733033883837,-0.00800785851968584,-0.2584842626726239,-0.47650581125152724,-0.39327444826449376,-0.06059713235602255,-0.054612836080629716,-0.05846434891836386,-0.0410194221358693,-0.026136076705248458,-0.04934910323988824,-0.05338172539961271,-0.04068884779123368
-0.0924123432776666,-0.1059904958503227,0.3403486858706931,0.35989974273061814,0.11179573288480157,0.10566923504809336,-0.12751928641687874,-0.0867712269388005,0.0966681959994375,0.3015642635314293,0.31868793856646477,0.24241121592417705,0.19785587106405725,0.24554946709109074,0.29089559928712777,0.2452829776399082,0.2208209045662389
0.0067211313761114016,-0.0024918943814880214,-0.03301151888005047,-0.042406823874006294,-0.04752590825030027,-0.07414515128789911,0.14577318232555414,-0.339238021686406,-0.382714116561625,-0.08843018890039923,-0.10092426401591378,-0.0784498596522048,-0.07252286369278217,-0.04517284400043683,-0.08876162065446877,-0.031727350393372565,-0.07208855223558512
-0.007305198891404396,-0.0020770352376870338,-0.027516158537712908,-0.1234438611831701,0.019448209755249125,-0.026025040951407563,-0.19818540436430873,-0.3877898615840463,-0.30805440679726337,-0.030128762080542375,-0.05643703061868555,-0.06184471024639318,-0.10398055327862656,-0.1193029792781007,-0.050635404022482705,-0.07410398264835491,-0.05394547300934356
0.004522743604975935,0.05188156840262453,-0.027780267828758167,-0.07275550450846863,0.04628665644484525,-0.047479808184088805,-0.713128812171334,-0.3589397326963765,-0.29882140515267996,-0.08153859811606622,-0.024495361532399163,-0.04917960289820313,-0.016911187105948435,0.008658438816496286,-0.015535181609335933,-0.03599414773039877,-0.014558143412114167
0.03811072732067138,-0.004145270506648524,-0.08741933405642699,-0.04998884303552977,0.05920789031344412,0.008970833945068785,-0.27718416634269033,-0.45547314176428216,-0.23591094247085442,-0.06356304871156142,-0.012717747642266079,-0.03529067274974597,-0.0748669979357611,-0.04057676662280122,-0.06384332227971348,-0.04094725411394756,-0.023841016213363448
-0.020653393713789096,-0.01132352579132872,-0.04186554355601664,-0.056276392227607275,-0.02111533035199711,-0.03556709572107506,-0.4985725888798176,-0.33352837991639617,-0.2709995915247327,-0.10206425076491052,-0.03709156332304915,-0.07424200919999267,-0.04713950904696863,-0.013664359016336735,-0.03844389427955695,-0.003489295587254983,-0.020049768197526147
0.037167772049209756,-0.008980575659073535,-0.05703238936277379,-0.03444924540897993,0.027660995676634728,0.00963810302314626,-0.5411972011922308,-0.32743890870500814,-0.23326417101566413,-0.06313409374148558,-0.03133607930808562,-0.0514525251604498,-0.07542442347013774,-0.011279443871811162,-0.09902465830952992,-0.015217698842472923,-0.003999633277855023
-0.02948040843102589,0.026863550275573182,-0.06015267049436519,-0.05762564601498573,-0.11219118423624272,0.018723816509455666,-0.45931608240970945,-0.5705155897742641,-0.4137228390849769,-0.05050547328028892,-0.06255210995121299,-0.05291677671833328,-0.08050759696057516,-0.10832928614234363,-0.12168600021018577,-0.0533667108405291,-0.05481063656394513
0.14555326225306428,0.1787306339624797,0.04661267274640204,0.046848335877440764,-0.32519326326467035,-0.2295615596661698,-0.2984836739845555,0.20634335964699693,0.257429493450855,-0.06425308410980281,-0.0018547243825570397,-0.05733959559722915,-0.09954510185104092,0.09766173827688832,0.044196513326235295,0.3094328209568318,0.3352388960897648
-0.006478952695826415,0.006704109933558156,0.0017083345586405103,-0.11027710696423136,-0.10305698802230862,0.00456391049244573,-0.3765581909685739,-0.48053233611305984,-0.39670154642676375,-0.05121735417125396,-0.056116599955755395,-0.059306926668585294,-0.04894638766238022,-0.04441170422628334,-0.10525708210579342,-0.025582700530983996,-0.035835002433676065
-0.04936363901714032,-0.07779577773998597,0.32225369008636334,0.3574949178540629,0.09523078213206024,0.11022864826686384,-0.07382143403455338,0.0340341049989268,0.08441338284885673,0.2871982573929727,0.3144485814091072,0.20667119537714748,0.15422558985614765,0.2599988563989615,0.27736087204546617,0.20349619884775555,0.18420343133918526
0.03745002465096138,-0.0005131917658665751,-0.053041206700375265,-0.06254741523252107,0.05205224737946066,0.05241184338514737,-0.40575807076127557,-0.23038940046743484,-0.3009302558016342,-0.08335681528214359,-0.020223511996308594,-0.07573707502184107,-0.0780462661243648,-0.061525010672086516,-0.10371183380525861,-0.02333789454451687,-0.03870573580670433
0.04892316645027502,-0.023041402648996585,-0.061782855899835565,-0.09830062987875295,0.0384156491398737,0.06725036324007418,-0.47259931199082167,-0.3653812204356132,-0.3764032490847171,-0.056357620524628144,0.0021079822538461763,-0.046425488270634085,-0.04989655588059841,-0.061204061359011824,-0.060385518342434,0.008753574920101988,-0.017254773772755774
0.026127488730451797,-0.013033742296636243,-0.0630814559129619,-0.03188890954745179,-0.0021384912012589866,0.03470150076341039,-0.466047993164725,-0.5243299368308316,-0.3196770077758363,-0.06955248173859666,-0.03742596262381946,-0.03681770900767782,-0.0848668655393178,-0.00028928793538239057,-0.04417984914760775,0.005101999656436305,-0.0201301305193732
-0.043289104985414335,-0.07165350772462818,0.31748177627232704,0.336455075090749,0.14807369314265834,0.14270771842166455,-0.11656416614128992,-0.016536343530894396,0.11809065037928558,0.28059940224363444,0.31686255498798044,0.23164372998640007,0.17676934036939315,0.2556707572371299,0.30409531342138363,0.19554821843841308,0.21106409693646988
0.0033105347942372046,0.0036113807200448948,-0.04038716538475761,-0.06822149084236906,0.01571662916801447,-0.005484630425813654,-0.4909705082562717,-0.8156289695676779,-0.40195370345178794,-0.033613898003805966,-0.06252345024881918,-0.05721723140199849,-0.06614532454671354,-0.14153724935972262,-0.1494423477356869,-0.02281250792242759,-0.04720553620458589
-0.011459178657770026,-0.05967077569208146,0.27764220939861656,0.29089930462601166,0.0954678399731136,0.12280458276585453,-0.23749510897194798,0.04301576571948758,0.11595789567374337,0.3160034662027557,0.26356383871404504,0.2001691624113144,0.2142894035924637,0.25407530357267905,0.26980289103880445,0.19301265430424194,0.19963271172555855
-0.03866417465334001,-0.0736519392146721,0.31259767296452423,0.3403735478911511,0.16167587813334722,0.13187232896747028,-0.14680390337535018,-0.02621609827079029,0.07171976767766136,0.2825125776575413,0.3576090556753312,0.21295346907925797,0.23105854839118664,0.2796077344640066,0.28394811891322486,0.2345609262879838,0.23239193017266732
0.01932033642180307,-0.010674740673451652,-0.03648499483627978,-0.024676239175479578,0.03681096644817588,0.04523302832433778,-0.5069749673636488,-0.3679017740245655,-0.26703265773390306,-0.08298795207205174,-0.049310269417018056,-0.03148030185370582,-0.05565747515017892,-0.04731373460789892,-0.03076445407301925,-0.02588492660177084,-0.04477530581934176
-0.008915389539309286,0.0030625318120000625,-0.009453996266138295,-0.00832466806928733,0.02012075359252539,0.009899575210497837,-0.3073244385879354,-0.41788507079013654,-0.3951908908609326,-0.017854072573230878,-0.017411937365799574,-0.031168762197759645,-0.060605563266238505,-0.05113121365885793,-0.026319107184335933,-0.042504915234041915,-0.02628031131717082
0.020232057871354243,-0.04601243309520792,-0.06156757349224876,-0.043175563316068796,-0.05523895757175756,-0.06721630261920002,-0.4178243378671741,-0.3277379834963583,-0.21998089563597212,-0.037983663647399364,-0.049403941104256166,-0.0769548906694877,-0.01320048498167386,-0.020736701676415604,-0.07364714569608152,0.0011103847666212197,-0.017272358851302475
-0.06610514942635122,-0.04708155466781608,0.36434992249677284,0.3571531832162823,0.07281874653348545,0.032722357007956594,-0.022556802711970525,0.02354450523028881,0.10951964634785408,0.3069409921424926,0.2695866832935261,0.2051683115148473,0.2058203889428163,0.2863077423676559,0.2789154045146947,0.2132430006616155,0.21770402730786884
0.0024635035435753593,0.005019158458838297,-0.07959152941130118,-0.08979641589750872,-0.040485669837233784,-0.044617548610939764,-0.3013455789860897,-0.4779760785350093,-0.3661080406159824,-0.058227598867132635,-0.050834449453278606,-0.048573441410394824,-0.035602180497426784,-0.05961130458582549,-0.022679621023269637,-0.03983242568460862,-0.037322019983781624
-0.05656791355490983,-0.04250444722712591,0.36965644139158665,0.3592105094887407,0.06762799602155593,0.146497668932129,-0.10785916704867782,-0.09686843634671212,0.06523807127795955,0.27462554273920836,0.2638653850965517,0.18533280239762803,0.18987903644229387,0.26277569937347867,0.31134540355190726,0.2195779506082131,0.2060499133227551
-0.013935866536702462,0.04083455510381032,0.07925600751450321,0.035426333702077276,0.02650470788527683,0.023207549410887613,-0.4269566996034406,-0.28437385210511273,-0.39427824305557846,-0.0799859177170155,-0.07014007650021974,-0.04303682859804164,-0.030198117255595052,0.031819160461958935,0.07511246490533673,0.0059437214531337865,-0.009687084119903926
0.011893712169641983,0.044027233768425135,-0.01027867575621285,-0.03997682642771437,-0.029173053158732434,-0.05466488092664863,-0.35873527485287493,-0.27706503015805706,-0.2652458416008326,-0.06845687841854553,-0.07011515207250714,-0.028518953718093862,-0.024120524114167274,-0.02746096232380352,-0.009089455629908639,-0.02665999141205072,-0.04859766130894286
-0.0028754413874996095,0.004124885868015712,-0.03977675478050874,-0.04787033651499354,-0.07590352070779238,-0.06332543376912325,-0.4020383408420345,-0.6427740982045782,-0.4594384901828065,-0.08103310110771747,-0.015089336384860737,-0.04502906382765706,-0.08411309190682084,-0.07110738638512056,-0.061969868060923056,-0.054323191480423055,-0.02530911910576098
-0.11213550853326475,-0.1218583296770811,0.31433505361070985,0.296147173571415,0.14997736792083094,0.12031516735804466,-0.051803685372979164,-0.0905075545002289,0.039487432633183835,0.28878604631583266,0.3009989648575256,0.2240588658411017,0.17166557150826997,0.24185913984273968,0.2937859595974925,0.17991521722785478,0.225795246328628
-0.08444843582030373,-0.09038716134792518,0.32676223589731207,0.3655210772186915,0.078292319534479,0.14102546683560116,0.019234111228011247,-0.08235033932913018,0.09564971942407431,0.3036696146898139,0.28295176123463395,0.22346918136625119,0.2149104240038974,0.2667075333559282,0.29106925911170245,0.21983593742743482,0.24870471559507998
-0.013401486370294207,-0.051919461184999384,0.31606753036469193,0.31365120460160073,0.12391199273353216,0.10301353231403826,-0.2651885541946924,0.01760982933192003,0.1389179860417815,0.2425791433786355,0.31723662797747715,0.24235253724904332,0.19413257483758342,0.28119423930410636,0.2954542256084614,0.18967319569995167,0.1531307704839724
0.012124569123698966,0.03114881190326149,-0.04683668432897947,-0.02864647323981906,-0.09218755612938627,0.010389306370367368,-0.5235292789882707,-0.5178472326287578,-0.38648287492474287,-0.0225558701329138,-0.004873097154086472,-0.07471227161778289,-0.048822860552249964,-0.08075347298709268,-0.12159402766936986,-0.021095722177134235,-0.044030567769041386
0.06228883792020788,0.026413637063530494,-0.054606146796281486,-0.021679037326233795,0.043265206681494854,0.033831059541680183,-0.3586123638284572,-0.37742117610242565,-0.291472363997037,-0.09949074392135972,-0.04973030848205841,-0.0802927164647526,-0.04604982055343715,-0.010594622669488147,0.043121117129676124,-0.022899238067200272,-0.03849867006966339
0.038304799538668916,-0.022535472128074847,-0.020758296594585224,-0.028378722309483864,-0.0056781763822087074,0.005092541387747459,-0.3883783890949721,-0.3555421668951227,-0.3899169767788015,-0.04594291274358117,-0.030591218668673033,-0.06337883182614104,-0.006378580448714085,-0.0020841146592201123,-0.050119728049505104,-0.03129687680077364,-0.019538527677081252
0.0012880704224733704,0.0025557807603553955,-0.04233434395169443,-0.059545911994503736,-0.05855857403087857,-0.07865162868831188,-0.41255812191845487,-0.46375146937972206,-0.4430709829167726,-0.061124171550241004,-0.03942744578860883,-0.07124856724665685,-0.08059857186906914,-0.07929446089427443,-0.03720909028426758,-0.004117624158498615,-0.037914316024137994
-0.007607265415248296,-0.015868679566800128,0.31851717354762515,0.3673380044973431,0.17105389807987464,0.17279279682923931,-0.08361425422367688,0.07405309205593083,0.1148868439730508,0.28587831185018153,0.2865272764804372,0.20028105288241224,0.21901083300612736,0.3044326935154361,0.3239223738122491,0.2251908738604531,0.22906304543406333
0.0033407429589512754,-0.004930822540402609,-0.03326541234387395,-0.05799382695212587,-0.07984445974473994,-0.02824051962634895,-0.3292884844630951,-0.3469108152327277,-0.34367925209077094,-0.04198931916975961,-0.08016170203305202,-0.05752449140769438,-0.034958388410959454,-0.03418477285494371,-0.058586107835449826,-0.014949789154267229,-0.015222787422437177
-0.08829263862648877,-0.019989374320500807,0.19934002870086795,0.21676201528581762,0.04439001220421498,0.1032436847026198,-0.0031840907265066054,0.02786342944119193,0.06832166196637086,0.21441292001821652,0.21270103614208083,0.15071240647638676,0.14979054231972283,0.22112766286037155,0.21984149739544678,0.22494144965903243,0.21963576706579718
-0.0418200623407274,-0.05679220580457169,0.3240972551586556,0.3510442174061074,0.1243462006781907,0.03982167090213923,-0.30624637804289756,-0.024965622812869712,0.10732044030516993,0.2628231433584538,0.28142877055663335,0.22271476955701622,0.1913062692853688,0.2891501900579448,0.28737749448867506,0.23222322534251885,0.2401855145900482
0.059118306783241655,0.13395945595827854,-0.18345224660322873,-0.16867633701321938,-0.21716751069829593,-0.22504847983663012,0.20037147845808517,-0.48084099731341035,-0.42387041691520955,-0.06071061457396282,-0.07169712755706696,-0.10134937295443956,-0.058249731601866424,-0.07067447907817169,-0.03011579295021366,-0.10325539983477,-0.1147451691951206
-0.002989130597814046,0.012638233682611215,-0.03461069136124767,-0.08389126346514265,-0.005404537924639228,-0.049955618926692646,-0.40898874941991925,-0.29369266194950655,-0.3410225297808256,-0.051483960315005,-0.020084321272630077,-0.056031604112826455,-0.050566634087823865,0.0015710125096590945,-0.08812120739437133,-0.05440496336695012,-0.0009679712539937618
0.024419223403202857,0.026880925738999712,-0.030133315355711003,-0.0766975640624363,-0.08905986807236184,0.016476431212777396,-0.42126752505831466,-0.611398276305184,-0.523008333289258,-0.06775081220029822,-0.06322008444971206,-0.06352816305405816,-0.04672332982821731,-0.046906324979157685,-0.10914669590521633,0.00462476743284425,-0.06093399698084698
-0.011833079442735863,-0.008040886883844698,-0.020713647022701728,-0.025794337904895073,-0.052979489956338055,-0.05068455861429961,-0.49915445579633777,-0.37657929502742266,-0.365794597038605,-0.05305189495550208,-0.04664329658367384,-0.027910103912414844,-0.0321454663200949,-0.031401167491052824,-0.029860016714965656,-0.034384316489729984,-0.05665300436269943
0.015907885497821652,0.052092582686420745,-0.025354462715323503,-0.03076548740204977,-0.038160011112255074,-0.016980831719650334,-0.7356294939250441,-0.2870704702437552,-0.2407357301713015,-0.03781414526020177,-0.023614831985287705,-0.07871038500267288,-0.04465267881060354,-0.06798141758683605,-0.07973459466529348,-0.01755492655440857,-0.04368327121107855
0.008692364166445987,0.0080109428126055,-0.04344880322516073,-0.023345042474458,-0.046269271503529774,-0.0747399917744506,-0.4524082721119388,-0.388540565544002,-0.34047898963580225,-0.09693804185670703,-0.06924167143823663,-0.04848981142737426,-0.07492575627332837,-0.049162942689087885,-0.03003448404955901,-0.04270964362824181,-0.020205581249539036
0.04568574672203915,0.01675641941884342,-0.027351632933023062,-0.05213952765943647,-0.04524332527860919,-0.00085830958092664,-0.4235460796252648,-0.371295319508646,-0.31947275711571854,-0.08574876909844577,-0.05856546156376571,-0.03769164115219316,-0.047012302227123125,-0.0018230275987308532,-0.014372282061775219,-0.05135225016944228,-0.05819018738385352
0.02359048077449658,0.021077557218745775,-0.022244733918115704,-0.10025569646143911,-0.014022992007439778,-0.0180483839493334,-0.5803962529805617,-0.6905015284104935,-0.39323855731693946,-0.054234649011734234,-0.04254462344177833,-0.036199997118309145,-0.0717242860455832,-0.059349233980713303,-0.09342972978301621,0.013701709096748704,-0.012880906979966512
-0.10051928210944236,-0.11341683477679862,0.29882654923419527,0.3217957181470482,0.1122605002945073,0.06400335897518462,-0.05078832984233919,0.0042767532734209355,0.07591001311528585,0.29377070553973267,0.3128746550132738,0.22887679324380933,0.21754804274075915,0.24272341988167148,0.3110846897465368,0.21161695108448864,0.2064622523368163
-0.01545046018942198,0.022366411569248193,-0.027452186206526154,-0.0028460913526340346,-0.04698345985473913,-0.021804973235279666,-0.42802835541456946,-0.3677131497822438,-0.2888878776765486,-0.05794010142255548,0.01278502363772118,-0.025224938963317258,-0.055477917853988166,-0.005855575793645228,-0.05510987879446693,-0.012710800200246895,-0.027927147594372224
0.012877347259470501,0.05915072637157657,-0.04078863200504266,-0.05742021847509579,0.0068649924200102855,-0.002089710167938311,-0.34810370860006046,-0.5505006686683068,-0.38074825938481077,-0.08079274861753724,-0.006408537332437314,-0.08997327384699916,-0.07836759022949846,0.010546892543338312,-0.0046437866340233135,0.003442524569771401,-0.03466576865208207
0.028276828498989773,0.06028736535804137,-0.061528300918123155,-0.03650002593968145,-0.06084860503058963,0.01351939322676274,-0.5265031452296302,-0.5853549280192644,-0.43085259406388293,-0.049286264906701314,-0.05320113945353602,-0.05141008465324487,-0.02478643716714595,-0.0689006937701933,-0.10387946991466686,0.010317969918278967,-0.0357444952178285
-0.056825851859405814,-0.06817080299482503,-0.10489792376066552,-0.10013860491647249,-0.0764160007035722,0.062020925659209136,0.0896850927156569,-0.5662764479268346,-0.44764757312610914,-0.16241248159890526,-0.17596254853122112,-0.16235758528102504,-0.1771063512200275,-0.17049230500916063,-0.18861816363144981,-0.854051376522641,-0.9800429271174463
0.010159541995392143,0.02256233683184314,-0.05242744170853574,-0.05459216870137229,-0.10863026304657927,-0.00901578753324934,-0.4958040947151243,-0.6441982603914247,-0.5453440853297267,-0.08367065986033961,-0.05491858333899441,-0.07296564716232833,-0.03506432464933311,-0.1527547166866321,-0.1069112669305329,-0.03425201061785652,-0.08146610936018849
0.029408432489343925,0.02369624345046593,-0.0003708888378456621,-0.04816103996768515,-0.11101533937574466,0.00893908872038585,-0.43297567330514675,-0.5257140553580902,-0.4153506740657751,-0.09986835156259262,-0.06628306014216112,-0.03649128977094979,-0.0178989573941823,-0.10081100713231773,-0.09705285970616886,0.0040304262774328034,-0.021721093844484046
0.010379705984337871,0.0023399150696292027,-0.0413259196694183,-0.0704898535283789,0.01260062412023332,-0.03834353785245771,-0.45932146384090855,-0.35932002351348136,-0.2556123993765764,-0.02360633210326829,-0.015751534152029,-0.05587599135880749,-0.06966477664869132,-0.03323191259710515,-0.02249166158797294,-0.047328261635648905,-0.040021724754467795
-0.017273848271092667,-0.017652664418683503,-0.20341534199309252,-0.18920879650752773,-0.08864915900992816,-0.09691383812065525,-0.45722941040543486,-0.3866737981473469,-0.256080487986729,-0.1719278433189344,-0.11953523171791404,-0.08210669303363093,-0.12863679147005186,-0.0711612801322531,-0.08848062545688455,-0.15994231734869804,-0.12458517195988326
-0.03727099736180536,0.04116599696910269,-0.05197428956400881,-0.056305665981017605,0.043341132524083316,-0.02477280790624549,-0.5303478823001087,-0.35082610054176155,-0.35103388179602635,-0.06378577551878242,-0.08623326032348173,-0.08122969629296024,-0.041854472123242156,-0.06125334701997297,-0.01880153142049572,-0.04963522207776163,-0.04138847954880372
0.017266443394531716,-0.005683566628823275,-0.06419446151095139,-0.003385419669037061,-0.05141661398789026,-0.04294581465167644,-0.3251211072173164,-0.4190303893358481,-0.398219284268666,-0.07103115335273658,-0.04700534805081803,-0.05483957213784839,-0.03380369934652927,-0.06299542514397587,-0.08230690099154128,-0.02061482274413627,-0.01331688373525201
0.005382285674048497,0.005024758926377786,-0.06508509150142817,-0.03698175500957945,0.007886013038290863,-0.005411453290434905,-0.3679099338895981,-0.3546123327466317,-0.36289593841112155,-0.04675553913023107,-0.006633995535928218,-0.04719718677477924,-0.07390546031199847,-0.016289495047720287,-0.08080317322342143,-0.03402370027049423,-0.042338958613758054
0.0035916295266783687,-0.009956409183669366,-0.07337129087419687,-0.07659997639546717,-0.03850043505457171,-0.044167402217108166,-0.21539199067032097,-0.4406950000155028,-0.4582331053301974,-0.06084418683211342,-0.05048120817026937,-0.08874604767281466,-0.0869810162773078,-0.051452681320360204,-0.08962770071645823,-0.02527674814441899,-0.06521639405040171
-0.04996033037650737,-0.07039281328677319,-0.1204678925970094,-0.13184912373582133,-0.08973450384172982,-0.045774396374832535,-0.5249123137293126,-0.3179366259806073,-0.49887942263636154,-0.12157476428588383,-0.09693269523789123,-0.10325135041815722,-0.07467084343030407,-0.1035295361177298,-0.10352967632671568,-0.0796909591190486,-0.07558617200573924
0.02250468538700121,0.013907368937541485,-0.04547823199229329,-0.05570609086372089,-0.10713284040620255,0.0005269711241134559,-0.5378779878087545,-0.6536549634884289,-0.40194973996318845,-0.10712219094179141,-0.04261484550419581,-0.07001047174187046,-0.03739128634428971,-0.09591636487470925,-0.12361072454160671,-0.03477024218287415,-0.05067187239337195
0.02228469450624002,-0.011289986269421012,-0.04635107349716771,-0.07857433010405615,-0.009398261709977465,-0.02248188395526894,-0.5961451671939694,-0.3841207425516864,-0.23089280834405512,-0.042201243998513556,-0.03487700869371396,-0.04995431320193649,-0.0583311077446726,-0.008150783527566968,-0.026410884736273857,-0.04517983449022237,-0.0430038850769295
0.0030054464278491486,0.01121740766768797,-0.04973977311193174,-0.044353088911613575,-0.09318882856506888,-0.0029147599061427167,-0.5235290169026944,-0.5094775222608937,-0.45010124668549106,-0.10651498772207235,-0.03224408500764927,-0.020708385908525,-0.03895808953448957,-0.042175948318215695,-0.0679930687401372,-0.042247760709989764,-0.03136833981408763
-0.053571897766775664,0.042149860470966825,0.050149257684654336,-0.023217423105937357,-0.030876646049810167,-0.07462910951493874,-0.4924402514543932,-0.46819613083251066,-0.3544698291945428,-0.026202977000691595,-0.086346366040728,-0.0684355906507071,-0.04027972616840441,-0.046227229669726824,0.018886382753569908,0.014018211791722537,-0.0011557204563213805
-0.06694419469809891,-0.12253104105229501,0.31091192222316105,0.3215747900802572,0.13027118459696116,0.10563581597863875,-0.026310559424261415,-0.006402847817894732,0.14298617207514347,0.30048250324528963,0.2815806681868593,0.23294749119786193,0.1424008780779611,0.2530139583385235,0.27638424584975335,0.20123173998281732,0.18493933117391634
-0.00878966102701778,0.036347315197043414,-0.0238076955422711,-0.060771431008257985,-0.06512925323540923,-0.0644748677960241,-0.4736051508318113,-0.6933049181905269,-0.36432460497572544,-0.08932832395491692,-0.03171364818157288,-0.02449887740659638,-0.05834857076051215,-0.0006222430842301816,-0.04447704913693802,0.00342181163337903,-0.04284716360839109
-0.034006271514448905,-0.06626690001946096,0.31175354206725364,0.332387801624688,0.16336597608196882,0.17239460834692422,-0.01887681280306852,0.008307179346086775,0.15189782337587462,0.2551481892005019,0.2982204775550702,0.20289297959438624,0.16630945043778808,0.2621033768961114,0.27581775670458103,0.21236191396649398,0.2526685179120697
0.04831803820423585,0.03974155830177937,-0.03062712373257037,-0.062475176460678926,-0.05640907674488801,-0.019677596090315077,-0.49695923032714506,-0.5977958402945276,-0.3834482036141257,-0.09048788393528014,-0.054531611779805,-0.036305607370144925,-0.059585620983728736,-0.05884310479841345,-0.08073609289548679,0.010226162563028674,0.0080892437477659
-0.017658192392187848,0.06628842484346269,0.07680831587405924,0.008911745877011296,-0.04137844132412987,0.013281470806916764,-0.437217406460938,-0.33725050577553606,-0.3265136808020358,-0.043193053615804784,-0.0453698840740013,-0.05881912775552894,-0.00990719651803896,-0.0019143769359142686,-0.0025775230848075013,0.039187918085344685,-0.03169220427030974
-0.028674815391763073,0.07874200384587537,0.14312459784582066,0.03037505627414794,0.03820029530243722,0.04810347568521108,-0.5190756378527162,-0.33692540819546374,-0.20340582587939013,-0.1279580708723865,-0.04883579685825665,-0.04956743327006709,-0.01184204712694744,0.07141773142978171,0.16904011456966062,0.02006127460633823,-0.025433427853742925
0.004248839866065134,0.012961378704705234,-0.08691161349204304,-0.004518776393663477,-0.054037404417673095,-0.005569411365430911,-0.46589455493640375,-0.6408583617698085,-0.4686939927575736,-0.009890914675044422,-0.037770380849811235,-0.056024904257736784,-0.07641102609813206,-0.14363171173709174,-0.11910728719482273,-0.02128425050620721,-0.03244392141605962
-0.000253624140298874,0.031193239716992664,0.0207505129656606,-0.03718028800928505,-0.048045884894871445,-0.02104270071674085,-0.47259680872115073,-0.3445176804325588,-0.3295332890969041,-0.02117224768405988,-0.03198218191930747,-0.02226832375015006,-0.03935201344514027,-0.045429187259673764,-0.03773943206066743,-0.006987368983234279,-0.026415118758507442
0.03544060349543632,0.008829798865274232,-0.022706284428043875,-0.057186193043323515,-0.01159171377432651,-0.005122379923695515,-0.2953818177594487,-0.2943410862898943,-0.20659513962842302,-0.005565491801724029,-0.018287209941872058,-0.051653879242436015,-0.03563537464953562,0.05498444426338238,-0.04611640613542647,5.8645690107050896e-05,-0.017784225668160118
-0.12971275706021038,-0.1564882947587824,-0.27728247535417244,-0.36490789459295214,0.013669852099200394,0.025371208884993734,0.07665792088453534,-0.02431356697418944,-0.008110084075182338,-0.034567569158231545,-0.07369859164847721,-0.013404174931245613,-0.007811207022801079,-0.004057632489862173,-0.07833979099799888,-0.26412428746965816,-0.21896576744108345
0.015411535018291575,0.037848686720604006,-0.03897176729191818,-0.11753969900727257,-0.09384242443682855,-0.009065549772564286,-0.5034030433139475,-0.5833734738257425,-0.40434627915868,-0.012174752106470902,0.001923604612367986,-0.04375351730394467,-0.016580447166005246,-0.057685744070463105,-0.11260888338542203,-0.048288687967401336,-0.07275946683940328
0.1481455671835238,0.10595745019637377,0.047751529600896056,0.030380329481936565,-0.214613327010702,-0.2048883360515449,-0.1119001434258963,0.25715019415119206,0.2671774918178795,0.009061636954303077,0.016938626478004398,-0.07025601988264561,-0.0796660466915645,0.08348364004467042,0.08379533035038562,0.2868654499574053,0.29661184687531356
0.04699720490758953,-0.013691996381424293,-0.042675599300230314,-0.04867890575692693,0.05281430361195795,0.051279828752345456,-0.5456613100551464,-0.34429133249010846,-0.2721863427096072,-0.01477624234129936,-0.006795941535713285,-0.07377596402641884,-0.06967999104751497,-0.020163230533066023,-0.022444024177495844,0.015468897909470744,-0.005105088842782601
0.0016806037751376124,-0.007787909218509169,-0.0668936115313797,-0.07700065023575518,0.04426742355619677,0.05538942463275808,-0.4517060100734893,-0.4331826404449717,-0.31403315680234095,-0.048097697350154414,-0.042446383560515916,-0.1324645879503443,-0.06755794653118903,-0.07476946301349832,-0.07459273412100527,-0.011433518113963119,-0.030585568286592427
0.020426430684796677,-0.0029135460428100987,-0.05385782664452394,-0.05283699736968821,-0.007297642928137479,-0.02721739727508035,-0.3745779425733442,-0.3002849480271156,-0.1835428959732444,-0.06457597342731254,-0.034278864856306324,-0.08532486233630772,-0.08272718746016738,-0.0506975470901026,-0.09121765963421757,-0.08492788800135864,-0.060217403221290614
-0.002870025609394663,-0.00036352035007954125,-0.07141330154793352,-0.06261600782218815,-0.02191534956774262,-0.010595148345381881,-0.5948949353309857,-0.6185625139327185,-0.43990638794883374,-0.0472339683779184,-0.07928270235618853,-0.017079987121403534,-0.08044299478867173,-0.10506581539590361,-0.13607680969310657,-0.01693915877306249,-0.03685383989602217
0.040586210328011796,0.01633679322235987,-0.03212238149407555,-0.05183643295712616,0.00277900354113964,-0.01271770303344881,-0.4097077181755319,-0.32132349090738394,-0.228254854758531,-0.03585140997110338,0.0023327495071359242,-0.08541791585735051,-0.06678707259534951,-0.024092463533843946,-0.029920517757959304,-0.04696441941584174,-0.0477400910657258
-0.018603974196638833,-0.053843676561857,-0.12019134692890909,-0.0705604192445264,0.02044949528320199,0.014250888571404767,-0.3653453630611557,-0.3626777599583503,-0.2643759035473427,-0.03009811846172925,-0.03790684843175403,-0.08340102859754131,-0.10469560526123829,-0.06205079164148768,-0.07078054801512322,-0.01750641217854257,-0.05309424845726269
-0.014035728843751701,-0.004220808474300283,-0.029715879694498376,-0.08655770809689613,0.03447219242838342,-0.0760930116160324,-0.5855914570218788,-0.5032969167348947,-0.38479468061122607,-0.046116817248369975,-0.0063604834832689736,-0.07798327606796178,-0.05218465971651439,0.005379504610218484,0.0014706867919825229,-0.04212984490914166,-0.04920770853171889
0.035747673628726516,-0.010253020594903108,0.3323894675078566,0.37335320905720903,0.00740729839349272,0.0050398656877930215,-0.2767729432550039,-0.01455134679752208,0.17337896954218285,0.2694424303900918,0.2660690123285112,0.21013305042054162,0.18507339246070056,0.2611117844926365,0.2253144735186185,0.2474069719525095,0.210071586422502
-0.017114920562327534,0.025052530266954465,-0.029764756465404763,-0.052120080654057606,-0.02828550274730888,-0.01489134199067007,-0.4954670859089687,-0.4096994921558985,-0.37687917289039063,-0.05304154257238736,-0.051742492491493555,-0.08727711545522943,-0.06664259328127162,-0.005406914746086258,-0.025384764629999636,-0.0436788275453491,-0.05748916970872318
0.13660725619596978,0.15678006889930596,0.0671625047557144,0.03316695676663536,-0.2470630237532356,-0.2267456590394669,-0.14542284747608678,0.23859221367613692,0.2834404581583994,0.014449666842227251,0.023805427270543637,-0.10759710581867898,-0.05267671152718438,0.10286243258494938,0.11387102463448134,0.2948540172269413,0.2851215231976341
0.02351165668152243,0.037019288643230217,-0.03883116841385146,-0.06902824321636981,0.009198062774140802,-0.029197881928888225,-0.5174032308200276,-0.3318700675728831,-0.26691280476717,-0.05035187806411949,-0.027900556953305688,-0.07680615295535283,-0.10066853643948147,-0.0022402840554812007,-0.06555125955704666,-0.004847695626104625,-0.00849736021617047
-0.08826909072633385,-0.0528653694204021,0.3680021287483678,0.40000453131776315,0.047371640081603224,0.08911918244358774,-0.12888132908252464,-0.0398800161424482,0.08295662890848306,0.249304914085024,0.305039258982915,0.19899875030421543,0.2357790185171325,0.3033225602467339,0.2847701542172768,0.25244524456290085,0.21318231218989123
-0.003761940158051034,-0.015677094154237445,-0.011527309524766891,-0.03004683033280776,-0.0034964983693761362,0.0022649365587566043,-0.49642568805671117,-0.47734869828513415,-0.345271454635766,-0.09358457858199719,-0.05972685433370365,-0.08850114172534411,-0.12565704092321728,-0.008338082493640783,-0.05631694908595462,-0.013374479806781185,-0.010388243407310942
-0.0663165694293853,-0.020851188013859368,0.3496600577277341,0.4001104315570269,0.07635506648651276,0.11417973175112459,-0.1349043333812212,-0.027365793811701067,0.08456310148342097,0.2509907322690046,0.28957419439892595,0.2162034697147855,0.17136045868036168,0.30198729073010583,0.2536284261834467,0.2560370333955014,0.226907949144845
0.02341669820356923,0.024010319171112446,-0.0535122021091415,-0.06326008780043524,0.016494989233275855,0.011947657755327207,-0.5306150240331049,-0.412489240130028,-0.39121141867584036,-0.02747713226755596,-0.02715022765744446,-0.04029174760648007,-0.03791814340411901,-0.011424942248354622,-0.06486468166007359,-0.022892797220732123,-0.008592982378695829
-0.031469549173516166,-0.017427607175032823,-0.06793549263735128,-0.0650763637341685,-0.04110562148125306,-0.03935623824134214,-0.33886230592080124,-0.36028965112208866,-0.31613451235978823,-0.040441304161476885,-0.08509150777616595,-0.0829696911659374,-0.052776246180335294,-0.07368168556402893,-0.09413289929366397,-0.039319561049289395,-0.050079186998528556
-0.024468435950560922,0.007506257378051252,-0.07502385965620079,-0.08916540845074852,-0.19438055320254558,-0.008152495212218579,-0.42354090479122164,-0.5571420428044469,-0.3866005619952995,-0.09116319049074877,-0.030964022348750894,-0.048983120880762045,-0.0513124038980692,-0.09818779776440437,-0.10026807417115025,-0.013901728678183987,-0.05287027971475288
-0.037076508957600944,0.0033854212894223095,0.01623832269650671,-0.0692543605784161,-0.019251125724740144,-0.026772132119284513,-0.23024910753082803,-0.22383800736508633,-0.3236349507971513,-0.023200376938728454,-0.019003581387031624,0.02578732316539377,-0.004797240887745411,-0.04964230190034058,-0.06149126955168064,-0.014508801025731849,-0.04468338150426647
-0.058752329279345566,-0.11044225431851386,0.3504643142344496,0.3423044538150933,0.09966035668934832,0.08483244067646728,-0.08015627594977523,0.06991750547619324,0.19485571736915316,0.29133101913486686,0.2844017205107502,0.23876745367713426,0.2075222451134441,0.2817827924015805,0.276116817063798,0.18792288729568668,0.1933469768974673
-0.033880612451902097,-0.002447139383203886,-0.03346735859790015,-0.09559056317468825,-0.07949953434978946,-0.008054973040838886,-0.3269359562943892,-0.653272992483704,-0.3699047011044484,0.03705363630953003,-0.07168862990815436,-0.06445415801090415,-0.06317322020591332,-0.14449180083682464,-0.08794816274666627,-0.024068563399160452,-0.06153492819505471
0.0016458466969091479,-0.014739546823434705,-0.096241143446168,-0.037782353154680696,0.0015121999861082156,0.016116695917613433,-0.3343779147381884,-0.28632565290102735,-0.42509113131842297,-0.06563083663864504,-0.02721785461081996,-0.09235392287819895,-0.0791643890561329,-0.06662319167478774,-0.08292379337233825,-0.003020724979321405,-0.039768182719466166
-0.0712966328920833,-0.0855456656934085,0.27880056757303273,0.3469072599490555,0.07844694656893084,0.1171864978239348,-0.15039138589245235,0.007727653471240098,0.098546563290378,0.283596786710398,0.26156331941730365,0.1967015647058022,0.19473426419653142,0.2851360563241666,0.25184099471280713,0.20053680523466322,0.22905292639524463
-0.045681926109451175,0.0031642787279182144,0.4494536339533009,0.32473613484215286,0.014934118665531213,0.12583112762291992,-0.12516559725042395,-0.4728311693775267,-0.1271554160991787,0.3053892106721615,0.2215372661970447,0.23383218500497854,0.20516697974991102,0.12291887855361318,0.1673185906214343,0.25886147167931645,0.1894994532956406
0.05126346258735366,0.01835130985169404,-0.05394126151072772,-0.06017574567145208,-0.014209383152652874,-0.028172941894107146,-0.37212735799678665,-0.4530408107771408,-0.2816730108381966,-0.05977362705649576,-0.017983428572597805,-0.03757708551760155,-0.07783902432287389,-0.05004111207526273,0.0028795207729509337,-0.03737130143053168,-0.03456396728516078
0.008128848190691684,-0.006885700615139191,-0.06032894326641806,-0.04030685077424616,-0.09864507630792667,-0.05162779240828373,-0.5320210505833307,-0.5412782995194515,-0.47065464079380614,-0.0557501343944864,-0.06578463196635603,-0.05257120936764722,-0.04895642061832247,-0.05321417476448984,-0.10977430100309714,0.019587854983338645,-0.0008306542733423366
-0.04038609354955899,0.04223347292208335,0.05144389191595381,-0.013973878896162896,-0.025244889738069914,-0.05920540469628618,-0.3964903315475333,-0.29245498601410547,-0.35564350991168703,-0.03889168078128544,-0.01849168182105603,-0.0509986877998937,-0.011121831406752224,0.00069972294311834,0.006645889990226093,-0.01746464356280527,-0.018737481097557757
0.01900578596650661,-8.974111860956059e-05,-0.06545172401897102,-0.06457924375938029,0.015761691167576444,-0.012708409789024027,-0.35014210575607485,-0.47067043747953835,-0.31141289893753205,-0.03906434300816029,-0.051449174243254604,-0.044041906132382166,-0.07436605965143292,-0.05903097597590948,-0.07737105011127264,-0.04947907034620821,-0.0472932836948809
0.005904335259573098,0.017320579048593313,-0.06983712872310333,-0.06894786774976513,-0.0014527575657795769,-0.008063277920286925,-0.43123761406358263,-0.5189726409932248,-0.2911685837580201,-0.04440234315143513,-0.034528031002362874,-0.06775054755653134,-0.049755900962004475,-0.025803475713071285,-0.09320693944801406,-0.011308580332712216,-0.025832828966738403
-0.04753122201478744,-0.0652765098334037,0.32025451932622834,0.3087138727790873,0.21315906175387056,0.12482909959590971,-0.013996565204136002,-0.0371462455874467,-0.0036936222608091817,0.2126040959231626,0.263138361985296,0.22247252944828944,0.18187838454694447,0.2728652437323689,0.26919183682678827,0.1879252962514064,0.19404234946823967
-0.12832019415546286,-0.10879879387446378,0.3420630070197624,0.3335505396167282,0.1117211272713511,0.14814536300892414,0.02516408488712296,0.03141454647969294,0.10974583710308597,0.23836473892570395,0.31965724951199326,0.21705843768578897,0.1820830326838631,0.27581414975234675,0.31332839005600877,0.183446312873449,0.17673270969843716
-0.03303370746556022,0.011054217182115439,-0.08491214100102965,-0.09210801452432596,-0.060966391500012894,-0.004641665799287211,-0.39133216290938394,-0.6693537797639928,-0.4118723668978594,-0.0650240563584865,-0.10203159332243672,-0.09489991700180106,-0.0708765888507561,-0.09923447235244874,-0.12874489157769772,-0.005006000652003527,-0.050028315141949026
-0.002556217842621874,-0.006736536571907362,-0.061422611670255214,-0.03643330573559781,-0.021725203947226854,-0.01384609149424625,-0.364736437515941,-0.3196259435220228,-0.24249836340370307,-0.0833523123239282,-0.021291739944137404,-0.08431963217399652,-0.04223288245839106,-0.007942970764220484,-0.07085698167056097,-0.008981111063151997,-0.006594323652441294
-0.07689498451846558,-0.12167205853070244,0.3427632949315009,0.33805171022457536,0.11958609944953728,0.12093912669932426,-0.07309586182586214,-0.0021277110320108146,0.12744427578271406,0.2850337687793551,0.3375268447403305,0.2242207609666437,0.20150947408776548,0.2790429924557479,0.3188544877233227,0.2078627221801974,0.2369424725771974
-0.10974923027839283,-0.08330998878637398,0.3046486028916106,0.33102955413058743,0.13795240070702736,0.12558314823510497,0.01311454579275656,-0.014471689399028938,0.0997401149661616,0.3188133890257755,0.2783616572483551,0.23424335249750955,0.2129087847316963,0.26822417880395,0.2070987284548584,0.21316278334537836,0.21975996364142034
-0.016255294850926003,-0.016330434666901292,-0.09503365368864382,-0.11901671344523435,-0.05636209677285498,0.017123783805421594,-0.4129615859381254,-0.6997793144454046,-0.45558087890112586,0.002149898943608289,-0.10847655360391761,-0.06876432763126186,-0.05622915400835575,-0.14885603656780957,-0.08329251832393259,-0.06536149497850441,-0.05156947488740139
-0.0024903591121034495,0.00816204571849341,-0.07524668632334039,-0.08930032454935473,-0.09595376541363393,-0.008061637585286486,-0.46097673150655327,-0.5643188173008956,-0.5098950072783813,-0.08104699422332119,-0.054487996223028835,-0.04617126922634054,-0.047398573293810115,-0.14028928846810948,-0.10885267499425075,-0.029985609695994103,-0.05092420461615585
-0.10333035326578356,-0.12275437665696286,0.31997952461680285,0.34050075222493675,0.1991245181819613,0.16360260479740601,-0.11877010229548571,-0.04553925694223268,0.09972676266369596,0.30488302406929657,0.31162259499721195,0.2226266475573231,0.1893828983782629,0.22305085216273218,0.2626043001565445,0.20128538245885852,0.19732308249737404
-0.020763826956047077,-0.016038811058781036,-0.06327605412579922,-0.11586319536585218,0.006634465518811737,0.005138370156949306,-0.42113047382456614,-0.40074636409617403,-0.3254688485817292,-0.015656304761862513,-0.04826596015459023,-0.06162192098620247,-0.07021680161589254,-0.06131882940790252,-0.035289273706726215,-0.0664703524001312,-0.057169516884057206
0.0032826576481235405,0.004101571844469903,-0.026787749981404898,-0.04526528172657921,0.03539492984531175,0.009212118939694237,-0.4964258910315216,-0.38407458270694556,-0.32873344046865355,-0.07247237605304198,0.00564585683042703,-0.054567827324013,-0.004931037419380628,0.04097894567793059,-0.06802319565950977,0.02963567782906408,0.0006230893043905958
0.002058201457066985,0.01683095007990215,-0.0708707240156221,-0.03415163063211864,0.002312330687505775,-0.02224984740190533,-0.47388796968839775,-0.374249133571201,-0.30853817264671557,-0.04253331352544058,-0.04948797848980039,-0.05409501304743644,-0.04463734426172835,-0.028702853692738055,-0.069158489264216,-0.03868362734651406,-0.058177805527900084
0.02871273877547257,0.02615013019299416,-0.024797272928205848,-0.07142568916468076,-0.003929851106527041,-0.044513950472515426,-0.42593796251093674,-0.49935730559049785,-0.3435367455780721,-0.0512040476402297,-0.06613512613827073,-0.05458503071119951,-0.030838173128570873,0.020580641979894437,-0.053676218727488095,0.0034229180329198843,-0.0159793166669216
0.01232554215894862,-0.011035078024812555,-0.010528795164128286,-0.027846715532188555,-0.041017410665763664,0.01875184607280241,-0.3960722982559802,-0.4144339150262514,-0.3454890294825223,-0.04863386467356021,-0.02871105897732836,-0.08099873208795104,-0.06469356360007587,0.022303521675780518,-0.05585238280933699,0.0037459799812056653,-0.025148698175671162
-0.043040601756379464,-0.047105701250385455,0.3350298313996428,0.3442538968319271,0.09659191130832978,0.1338217257544365,-0.05999181062039899,-0.025526317817171507,0.07953883630719011,0.2978430287477369,0.3100978972590188,0.25845095955244685,0.2316821581973589,0.25726351093490984,0.26784378086829125,0.19547993384736465,0.21353589530024014
-0.18806356913150088,-0.19697298504276095,-0.24085848675134094,-0.17418446297660403,-0.03866223159856346,-0.02582234865549621,-0.24876890749184716,-0.5706414579273773,-0.3664705923974022,-0.05064710294365752,-0.08630981919599545,-0.016385175685227,-0.04518629195629205,-0.14942767036916577,-0.11831257108187027,0.029632090341921342,0.030514607959930933
-0.03181069035183402,-0.0808157076723398,-0.18642111651951762,-0.19205746651975558,0.008891588203642943,-0.048211826524826605,-0.3165285282397746,-0.2859805421432882,-0.4043039383408767,-0.08193382211134603,-0.06260837833293531,-0.08355294464998446,-0.09277487179218677,0.025917218617678907,-0.053405204971345245,0.029692143295333567,0.014078213228096334
0.034743009990104365,0.04504008377230446,-0.023621073007212112,-0.04565832459542541,-0.043593444694081704,-0.11283981150214159,-0.5514244132592694,-0.5149379719601624,-0.358798794065261,-0.05622584558721057,-0.03277058585085192,-0.043512928619374856,-0.03592754536720444,-0.0008244385126362655,-0.002900741371538703,0.012284730177193203,-0.021028414948833143
0.030364832812089557,-0.01123143893405994,-0.09589731827918412,-0.06017286030464333,0.04967316550945421,-0.00023095060695419763,-0.31547981418718085,-0.4678595626127154,-0.467309228379841,-0.019849572386132046,-0.04164963362169186,-0.04122844390906779,-0.04930511273442886,-0.06284367597313424,-0.06402865831484202,-0.00453989580154672,-0.010112791027728558
0.04430507275056389,-0.005992964471355254,-0.0644939621898971,-0.049716925637480244,0.01498617009019079,-0.002976374741565221,-0.5216860846666519,-0.3864976177933956,-0.2549807835404493,-0.04082120635273455,-0.07945659069425344,-0.07447233508081684,-0.07911766912554356,-0.031442014733706905,-0.09024285985035996,-0.009382177741221222,-0.01879741102782841
0.1473915542998526,0.17442639099058108,0.05121275841301962,-0.010065634113909207,-0.16553737417683018,-0.25707680130597527,-0.07266361907707958,0.2537479835023419,0.30934668572164664,-0.022284410826885433,-0.05677277704411512,-0.07626961634963858,-0.12038141093167784,0.07416882457031874,0.0919529525553981,0.2363946473176937,0.26587304775455656
-0.027776085136063253,0.018516772793781482,0.006752323345683171,-0.09018347472390466,-0.06459730394484405,0.0040836060491047125,-0.4636896738107673,-0.49642806431184405,-0.34884440237927833,-0.10746457461817378,-0.09831028960894611,-0.037944113117788225,-0.08566300437266819,-0.04080593720804609,-0.053923191835604276,-0.021968058415843154,-0.02848488795771684
-0.016110538855356907,0.003160604181049696,-0.0006506250772496511,-0.06495563101957581,-0.08765464737202633,-0.0021566325896447453,-0.5189188905789414,-0.487156482725039,-0.4136536228422865,-0.04290620273034535,-0.033726682863910264,-0.0583804620362481,-0.08007857968755278,-0.04365495523231263,-0.09397197187011547,-0.027758912802734185,-0.04325126636184381
-0.003003640129828865,-0.10452508494529657,0.30951208262838303,0.3534343783766706,0.07749859156845842,0.06813922884329876,-0.08015579228924669,-0.054062302995464356,0.11709547612027205,0.24720620291352283,0.3167547176831228,0.26213704093932244,0.17874728549790833,0.31447620555197126,0.3004637031567921,0.24917321650189694,0.21880243657092885
0.01127613050574838,-0.013139622488308455,-0.054878561533049326,-0.005482883368709051,-0.03505967180974228,-0.05957554556125082,-0.3825929651640342,-0.3190066030161947,-0.28357651586339677,-0.07013504797480759,-0.0320619157731078,-0.024667823247598187,-0.05988958732125222,-0.008182727735372262,-0.05953502122954877,0.0008768430355242947,-0.018441278759617673
-0.0069078085303863,0.007480423649597394,-0.04787317474257428,-0.06860113722838906,-0.10864698618245168,0.00842062465250985,-0.4607817998239437,-0.5966458435456208,-0.3897627203209743,-0.08111884773207287,-0.03254576634302022,-0.08766150799857733,-0.09055803831443598,-0.07789331798803217,-0.0904282785724197,-0.027851475503621093,-0.06033342750908101
0.009563356580835285,0.018682117193742385,-0.028684174583061786,-0.06706914418519072,0.013268559316574604,-0.0005893632296011158,-0.3633634031563351,-0.5411596009395976,-0.44630355325184085,-0.030703783735712788,-0.050228284888290634,-0.03831073586867331,-0.019338668753707693,-0.06269087689287468,-0.05746884635083858,-0.02869239461937874,-0.045160274997391364
0.009206952422760617,0.007578107382776001,-0.011302938356139316,-0.04475686802683378,-0.0427725916494296,-0.06754598995754263,-0.3892453237983007,-0.3223275640045082,-0.20573859943149836,-0.1144326042126773,-0.09361292454597643,-0.09591746217923054,-0.060005230877313666,-0.027989036115787753,-0.10879680759428631,-0.04194722920415099,-0.03381021586243238
-0.1889620506629059,-0.18704564676677357,-1.1165579837746609,-0.7348695337150674,-0.6532922632890197,-0.6897380633191442,-0.3701381114923321,0.14099998256047605,0.4288216845771698,0.08981969229683351,-0.10917386712370275,0.26352519043789796,0.2423165700930341,-0.1107768011652501,-0.13442655839972875,-0.40856795013142183,-0.42662099427232353
0.0024902183585978907,-0.0034592080172259642,-0.04296862585401247,-0.06426574539722023,0.008819881216768907,0.034121424613798045,-0.3944427576758097,-0.364944536446187,-0.32981019421844204,-0.037695190620944896,-0.07762504920361116,-0.06984196191309296,-0.04359009215958651,-0.02277188458828191,-0.07125364683805725,0.0026030363431831295,-0.006561578730769048
-0.018075272868639095,0.0450129483838713,-0.008859882906017422,-0.07558724514682137,-0.07093654936657652,-0.010988543927213332,-0.4926991923682098,-0.507357326998032,-0.3067136965044008,-0.061463016352959886,-0.06948169093631923,-0.061755096743034484,-0.02832740854240421,-0.13461579150261324,-0.09311697259775199,-0.04134656634381438,-0.039257062827662385
-0.03859664487090394,-0.017831686185064505,-0.043366213875449054,-0.03551727767890487,-0.08120799660296822,-0.014764731967198484,-0.3963249949413625,-0.6022164241177744,-0.38855412450698146,-0.033580807030741476,-0.03414758314585769,-0.05519909579846234,-0.03639678742678838,-0.07029499865729384,-0.08352951486604959,-9.986594041676408e-05,-0.061441038191487884
0.030664038389915767,0.009045296007687048,-0.07527957087992569,-0.08199194535740817,0.0072402010300061295,0.02195079861758998,-0.52491162006244,-0.37876919034342055,-0.262078078144944,-0.058201579573407256,-0.042921991063305305,-0.04526751627350244,-0.08119050201580502,-0.044754880008448926,-0.09210495673583592,-0.039962107979576514,0.0072310026261550265
0.005752127315030726,-0.019861744085274344,-0.07875576020146584,-0.08488408699458379,-0.01946762494908015,-0.0242331040522207,-0.5100562773457354,-0.47427696313430323,-0.2850810157295651,-0.03098575745461098,-0.016679224629260504,-0.005746585355990026,-0.0638589630994363,-0.0886008789852493,-0.06389912946639537,-0.03720008116811254,-0.03898952665989829
-0.02514950851592469,-0.024792036807037617,-0.06936584595101432,-0.06049510821486021,-0.026613462819151452,-0.03313847544771547,-0.41527456498125787,-0.30667464925279597,-0.28193714535722797,-0.047817378985080275,-0.051734277882296544,-0.05511239472246503,-0.054875120745913414,-0.006981554057737885,-0.06902019478793926,0.009571025149612916,-0.018137144767498555
0.008216714803370368,0.01465203564780058,-0.021068322134364978,-0.03524949064049303,0.033815592780512355,0.024826347582705726,-0.4768722865272057,-0.2579061428626656,-0.222426357347933,-0.04894422188511689,-0.02239500019091137,-0.07690811130311825,-0.07045854372796102,-0.024047024973011855,0.0038102267272899226,-0.014256724205543607,-0.014273750098557844
0.05968799141218294,-0.0026456468546860014,-0.028209041385300802,-0.05246707200295323,0.005106227768370918,-0.017276727624273583,-0.34886332955294463,-0.37405357867631905,-0.3480195910333093,-0.04787360993740297,-0.058390070903158876,-0.09084799411491606,-0.06112288562423909,-0.017209572170080418,-0.0466019176155159,-0.045555663386888275,-0.04158489639207173
-0.10735871275748783,-0.09792291439268028,0.21706985141491783,0.29539475308073937,0.1487277119174884,0.11833091812968757,-0.28895850368404274,0.03950965158809848,0.11935315963010348,0.2554342554770919,0.25902524930746756,0.15705223615576044,0.14147609732277108,0.2593125236269316,0.26168796752024315,0.18991470349953826,0.18585644607856797
-0.09661082066186816,-0.08844443633655964,-0.5257175334491383,-0.42523492331812723,-0.2118225899896801,-0.1227651017639425,-0.484657122374098,0.2860143883660356,0.32042588637831526,-0.27788530043641096,-0.23226332149135875,-0.37050449488887177,-0.363819471753156,-0.18879658783567038,-0.3148641553875497,-0.01453392613823007,0.03053993894626445
-0.10920285972250626,0.0036096963648362696,0.4082244141753633,0.41262419156342867,0.11759241919245977,0.05300319935220725,-0.13657510813573198,-0.002798789204069609,0.032055133260706394,0.2563580593509558,0.2550543820189286,0.21195508974701238,0.24751465686582005,0.2577311172522785,0.2791554397179737,0.22411543050022129,0.22347982916597606
0.001280341590480719,0.010932847352531727,-0.038676556001524254,-0.07284353490027258,-0.04987596450057044,-0.03613966718046481,-0.4252876646864125,-0.4441767777006902,-0.36572914624506003,-0.06898545946232042,-0.06689358499401431,-0.11168103750242814,-0.08160988116187382,-0.03824262798978397,-0.04058946401669475,-0.0522009394256804,-0.013125396465092093
-0.009584304206648284,0.004936300367581811,-0.017590715633230315,-0.03828597052299745,0.01613466883087899,-0.0024812067868696403,-0.2891397999997861,-0.315528835185543,-0.36843274471798204,-0.022944708683974184,-0.037882543618847964,-0.049341617678552184,-0.01978160133918926,-0.04130928886242513,-0.0437781100406374,-0.05592493402437049,-0.027687932967512985
-0.032672545971402935,-0.14110517028751676,0.2720037988589454,0.3304241673945383,0.15267791374592085,0.10140449433964684,-0.12013677685050833,-0.02188123201075407,0.09588034968661663,0.24426322934205963,0.2705703046607475,0.23438662869628826,0.20177739815556658,0.26981743657109913,0.28495963460443857,0.2259540400687637,0.21860217387190684
-0.12626099842613112,-0.056967234976687084,0.020626308488640863,0.05351710387549035,-0.06816627506541337,0.14022304494498414,-0.5606865587352202,0.1736296335909541,0.21726036413296046,-0.010601411925541563,0.029835980875100938,0.07524943910105392,0.032923310104716295,0.0018826855741082861,-0.0003768105594567179,-0.052717948784558724,0.009985369517492718
-0.19930388523980402,-0.20091252210476554,-0.3667139417014967,-0.32208204773203103,-0.11556164243313867,0.054364803286652094,0.025449779647935475,-0.7894161618923843,-0.6496095558357546,-0.24548567340861002,-0.2351412205573299,-0.2918714816008504,-0.28941442625680663,-0.2749397375016711,-0.3028040694083581,-1.0610011811692475,-1.095414597440754
-0.026373186423693035,0.03369811195422126,-0.04936385664576507,-0.05213196281662261,-0.11291540777776277,-0.024514356870738434,-0.4488039179718675,-0.48427055447604633,-0.43761110721514657,-0.09941135372670354,-0.07418658242708347,-0.05224255658001856,-0.06954387108165125,-0.08769946181049611,-0.09794487550221764,-0.03340057901165906,-0.041094735076327216
-0.04653699570709605,-0.03221078041823054,-0.0037839415266458128,-0.060457293815619345,0.04823092388455793,-0.012482728922670905,-0.30527548085445283,-0.426114827951346,-0.3731196392535187,-0.042476213734899,-0.05880193517631769,-0.03382249001387565,-0.06219147592654702,-0.06313504666214181,-0.0524091526653549,-0.048427123393714966,-0.030872809721545894
-0.20054464305511388,-0.17999339946587734,-0.03066553821715288,-0.05427385345039204,0.04254254681516585,0.029027556100359498,0.11759712727144027,0.1670746090343284,0.17987902855326265,0.009885679998894543,0.06059051596563909,0.017573246418788484,-0.013299414949090111,0.10071564105227519,0.16331561044651513,-0.4330079354577277,-0.3754451853693371
-0.05998604202043111,-0.01851177837402061,-0.021766334980999842,0.0012268364107987358,-0.07435748849052808,-0.007702565023336889,0.12328224358414058,-0.523529044205374,-0.42051652107685333,-0.11207234193168329,-0.09051431646104258,-0.11643243509711877,-0.082133876620049,-0.07811913139360309,-0.07935069963717373,-0.3752296536099311,-0.37959286481667726
0.23195174562802962,0.29099488426053244,0.25806294422348414,0.3018799891552686,-0.14354175376744596,-0.0729340180599695,-0.06963091311141036,-0.20500491489531183,-0.18243158309198604,0.021268713703331887,0.012471816668427392,0.3027202940846759,0.2926210491218428,0.0070343009315797286,0.09153011354859622,-0.7329933798898608,-0.7204922403733458
0.015447171912611005,0.010610543723833502,-0.007175310286383991,-0.04425025772051027,-0.004957635073746035,0.004982057567099713,-0.4017911548085632,-0.43812198390102963,-0.2896638127640984,-0.09091694356635951,-0.014660488156067736,-0.05359180518150306,-0.05673753126823283,-0.037532230104404665,-0.03678681601555973,-0.01201909513455805,-0.007080303002791639
-0.05949731800447233,-0.09381916908650693,0.33208877256999897,0.3194625240733865,0.07314909699920943,0.0711729238019371,-0.10641677330040855,-0.03606150128198563,0.08111453819865945,0.29256955943433066,0.2988559588704268,0.21060748149618047,0.2095290657831019,0.29560179623136634,0.3317463917861884,0.20953873542226123,0.2105261887947617
-0.07026403178184842,-0.031156765607503793,-0.006868353531312797,-0.06351599575587104,-0.004368357116179197,-0.08799017704348844,-0.4660488506167398,-0.42875128613217023,-0.27485019303082553,-0.09012458407381131,-0.06122653346916835,-0.1007749873063246,-0.11028715413091328,-0.06192774344920397,-0.015780025734483276,-0.054898966098683576,-0.02390076218789333
-0.03695540775511679,-0.042487457970989455,-0.10240461775616552,-0.11481974271795521,-0.011229663068284346,0.017693587691131534,-0.4654822026293822,-0.8452925967077461,-0.5062121634402948,0.07271234395690271,-0.09948480199364049,-0.05818176086929584,-0.05772439671742851,-0.2312768675617257,-0.22028184247770813,-0.06220224197056081,-0.0817306708368983
-0.030721558998445118,0.001236406971870133,-0.07826207460694823,-0.05742930837847646,-0.13173020583018039,-0.07129592267866502,-0.3840390751582741,-0.5243477760322128,-0.43206591654978155,-0.049071992203819866,-0.12231529426588672,-0.0467676961533652,-0.07110815951771726,-0.18409746079158487,-0.14508588323880106,-0.05665906348458068,-0.08129024215544702
0.014641591672479607,-0.01000315387952885,-0.10714964965786922,-0.1383246942925,-0.0522281963498483,-0.0741918772091703,-0.6908815945111528,-0.27498438029239086,-0.306981216272636,-0.0722681906178023,-0.08506380968706481,-0.09491082806208793,-0.11968788433512764,-0.02682620516814586,-0.05001428303574687,0.006314573187848455,-0.034565710276851555
0.012047431695370849,-0.02680270534619389,0.3768817695719541,0.40496682210928003,0.06897835887579869,0.1010097260980392,-0.2247520625596654,-0.047394254408820786,0.09160655638760738,0.2718638574279384,0.2708170339426254,0.2415795138345819,0.2443697225018675,0.29249283654113417,0.3548916997673396,0.26916354211582977,0.2590486574122443
0.028066187139447772,0.03607206799562068,-0.03275108592018206,-0.03517025463487646,-0.006529665948660237,-0.046497311431436573,-0.5522119267447582,-0.37194404036095075,-0.3253198994488426,-0.08884704099573433,-0.015269998603038789,-0.09238474301154632,-0.015438781831408704,0.003165363672316409,-0.019271048718403034,-0.026982301816958845,-0.03658389744067642
0.004431167088000836,0.007401095119976077,-0.055400565767676165,-0.07675642540310582,-0.06007621250453929,0.011995227382345926,-0.5469784384714346,-0.6681842425728111,-0.46962479721113004,-0.033566643466423206,-0.019342320447654084,-0.05718220515791895,-0.04484879730270783,-0.10833918573813214,-0.0950410054414836,-0.0375737442647955,-0.045648588053298175
-0.0026732950468383847,-0.06039728169808123,0.29649476919581974,0.311065163290832,0.11415474782826944,0.05216697749992559,-0.31658531696896886,-0.06694076966374392,0.05357188317322667,0.19839667127824276,0.2787435285652418,0.16969003959848103,0.18004168206432963,0.29305176855001713,0.29666859994099104,0.21125750279799607,0.2339100817906847
-0.03524789306641161,0.022747071423220567,-0.05525787482317889,-0.015930617370439864,0.002364179896003777,-0.004842992810354772,-0.3653449205013326,-0.38460854810072187,-0.338559741557692,-0.05813331356725708,-0.023088808136015798,-0.05040423309086054,-0.03633794819559074,-0.011217499411542877,-0.021039520720086306,-0.031325118689837624,-0.035636679723552146
0.01246928075306002,-0.08514067431438382,0.2582422516722238,0.33829793002327174,0.057988308710778466,0.0867186493112503,-0.10027922470716616,-0.05705690740756868,0.12352929633906845,0.2148339138487568,0.27363362536016433,0.21723882673066613,0.1746932001040593,0.2579443563248217,0.24006496036888525,0.22061980209059237,0.2251506304276245
0.00467741877210565,0.04000473531070944,-0.013985162407512177,-0.10485166098496462,-0.06906749065903353,0.023855715509747393,-0.37298752611770614,-0.5192330659457522,-0.30939756658662865,-0.07309924704005492,-0.04090687931694644,-0.07623449768408748,-0.05821820806725625,-0.05754164534379278,-0.05629753070050439,-0.00756830415807722,-0.015907329795346006
0.03581457075570551,0.022540753331891237,-0.030076952048388124,-0.07862580448152569,-0.10060752063615827,-0.012965521965969508,-0.40679759600431964,-0.5303233413602486,-0.44696035787039434,-0.0509503975861933,-0.07031253979118342,-0.05091131620189102,-0.036219686229414065,-0.09911243184614967,-0.05748505705547826,-0.03178527693929587,-0.03997620526888137
-0.033341263317452706,-0.014109383228087058,-0.08929480821223611,-0.09043866992252812,0.004039980501223374,-0.004477500333553827,-0.4119160772729843,-0.4509580305369555,-0.33765308652791587,-0.05792249908669839,-0.030849827361484727,-0.0470780995303901,-0.07467599142455894,-0.08918653978054109,-0.08927785770605978,-0.007382294643541869,-0.013821269688481009
-0.036545995783295045,-0.00554271913896557,-0.07252560086256615,-0.045416253171647804,0.005411278349430004,0.02206291061332632,-0.5860222248615166,-0.7178366436330684,-0.6695105588792591,-0.010464947720496592,0.035721205302249155,-0.1530546600600023,-0.07444060532455633,-0.005668743336536369,-0.040633158343560856,-0.01992206782773633,-0.008106188667141431
-0.013851232954426302,-0.045160989400646376,0.3359130196945245,0.3232929913403387,0.09134390115118467,0.04110778235617589,-0.15086486774274596,0.024504990778333503,0.11779648716889096,0.2185754978142678,0.2436535381034521,0.17291780674765803,0.18281053830442887,0.24977214459148017,0.25992483257807136,0.1592035018822592,0.17963990218383985
0.015892594950955016,0.01709493047629985,-0.04392200908362171,-0.04917088252236062,0.01699715240304275,0.04204781884834317,-0.5855950127747239,-0.3607497400429917,-0.45323199254511226,-0.051638452797152117,-0.023709276854548506,-0.07755950479514259,-0.07895070955233809,-0.028575709625916927,-0.0553131323170493,0.007324852725568443,-0.002148398695671088
0.01959375622168662,0.01011519365235593,-0.059361463184054754,-0.0717762826265239,-0.0038024903501774534,-0.023019617068963542,-0.3776912732042562,-0.3152998662763817,-0.3938419916097052,-0.06705223591811868,-0.05523789787868453,-0.06613155067121974,-0.06937315473151733,-0.019079454514802138,-0.020304490284195356,-0.020093721157240133,-0.06452702187791941
-0.3011380012386536,-0.44977798450626066,-1.1226068784711754,-1.1783353521035436,-0.9188769928080522,0.045063285807210106,0.03671276934455825,0.35826957334160986,0.40395839482931245,-1.103366237577663,-0.886964385802475,-0.07214117333520209,-0.06155587010825252,-0.24940035945091837,-0.20179366056426673,-0.847625227552818,-0.8482950653872553
0.014624616782219275,0.0014845419819277212,-0.08058932543327409,-0.11405567623312571,0.01349146022192272,-0.008408161133004865,-0.34248640249678064,-0.4961164223034835,-0.42125670728259423,-0.030348668857365358,-0.06674664793122011,-0.0846008290545304,-0.040068081158273955,-0.07043471473834588,-0.04229568436944393,-0.007401704938941173,-0.0317923510201071
0.0041269351176655535,-0.023029518865433665,-0.09292996432945494,-0.13969349022594796,-0.1039969445468973,0.044757963485466866,0.1864099741856941,-0.4793084113102605,-0.3825000552835448,-0.07499301259614254,-0.051769647807567584,-0.12368030901958793,-0.05560712995341855,-0.04465111485040233,-0.0603132608959351,-0.6484712910067351,-0.8978345818500646
0.0008801282840594179,0.03168989683852649,-0.09840668060829957,-0.028903827873719937,0.0430426269115478,0.0462592965760912,-0.45722854499031584,-0.4033261819873119,-0.3690898494279264,-0.06995453836685649,-0.040319517825785245,-0.03150015010075009,-0.055311646082507715,-0.007454128165452507,-0.05986585811902433,-0.02171193153062521,-0.012375094248675575
-0.019804718098653706,-0.002984551639846199,-0.061983120377307764,-0.06776017936621784,-0.10640234506689243,-0.048472478704558786,-0.4186853806497457,-0.5520599995380032,-0.39365965787633406,-0.04709479028726926,-0.09698572558154792,-0.04159288003311681,-0.041589512529005654,-0.10462466248027652,-0.09735214571002011,-0.03491082130625773,-0.042829964384472737
-0.04140136981729332,-0.007432957417741599,-0.0138263584623698,-0.08766558953170454,0.029053083052746804,-0.01818020632375857,-0.40144402381664956,-0.4417185015010684,-0.34099131895540535,-0.04315032155968642,-0.036485252710651776,-0.04781051607327094,-0.06114785652538051,-0.05838780691887528,-0.02539409271919587,-0.032951880142418344,-0.07672890384183642
-0.053653790026350456,-0.03747808302695983,0.3094266333389875,0.30120449413699496,0.045560416140676664,0.0981902663234741,-0.03062182014759432,0.01683157501530078,0.028638784729373184,0.23051839223163922,0.20409462582100033,0.16493123009256538,0.14854410883982844,0.25313659921026216,0.3027629027513617,0.20580372892759824,0.19256315008795358
-0.015635369348979473,-0.04237296417826373,-0.10499627862090008,-0.10210592524501151,0.06633018565450856,-0.0012212105840885723,-0.21980580047351633,-0.4751155830089194,-0.2695141852498859,-0.04301230146135546,-0.03396259630794205,-0.0834147673021088,-0.1220988961734587,-0.0784126504096604,-0.05326998789549505,0.036096746025914936,-0.017006908606840378
0.026042136872983623,0.005510143306736479,-0.05606682329267893,-0.06532319395795731,-0.07343388925057082,-0.012747417168789342,-0.47544901502160086,-0.6393728031976003,-0.5517409023410244,0.004000894366664008,-0.006439560137499635,-0.09133447848825411,-0.03868829594926436,-0.12289710334734098,-0.12370174716385687,-0.02573713612341631,-0.07716072217173167
-0.0028139412942693224,0.015986392907874545,-0.06118318791971068,-0.01456355033656127,-0.06057638867300623,0.03726733222139853,-0.47773529299831,-0.4809054298159135,-0.26724064307639295,0.011298587397892973,-0.04899357346848793,-0.021559738777637772,-0.07055211969793965,-0.12535251832043628,-0.11676866560318372,-0.01624210705308353,-0.0625959780313307
-0.003059366898715142,0.04371063498370209,-0.03943451855800486,-0.01685459665877945,-0.02921149351648396,0.011568241494512448,0.1519944423554391,-0.31442767432417296,-0.16046923519967732,-0.05831174531274741,-0.02841005851456628,-0.03384174215675088,-0.03330335407533951,-0.07815787222347018,-0.02621694588333365,-0.2601539220257587,-0.2610848459369442
-0.01803560025044088,0.04740277331168829,0.08989010707279785,0.024021929148197212,0.0337691821732829,0.03317787061873424,-0.42897916101180134,-0.41317808590158006,-0.45978955193877835,-0.03591686920706824,-0.06329130763487928,-0.02479217658003641,-0.035559484884045166,0.051860136406464315,0.11705416114590098,0.03102582983939931,-0.011917805282830355
0.004536135996450095,0.009741878937822428,-0.042241025152243566,-0.030200069125570682,-0.013991327120187856,-0.027015967821480212,-0.4682509643027349,-0.3996405562546163,-0.4076299560714138,-0.07852537143669053,-0.019207042049418227,-0.0786663901530196,-0.07237798245649316,-0.021986658700926563,-0.022995687133558766,-0.024103528312058448,-0.03887399210196594
0.0005657048963202817,-0.009174918218694643,-0.04560127795666284,-0.06922001822288894,-0.0048132121809499094,-0.018480393521214455,-0.4481352113934294,-0.48439050157150754,-0.3295326092005777,-0.05204336905050495,-0.024238665435177255,-0.10573950038929315,-0.07926938718210931,0.0027227306556722244,-0.015528437698362233,-0.048762939633152314,-0.02965147059544423
0.041095820996703655,0.0026456660824317017,-0.08810395505974625,-0.02924286513278134,0.03136696331954065,0.05288850832613708,-0.38976994583844654,-0.2409194216786097,-0.1484966460226263,-0.03426068473878315,0.003315954242803113,-0.05922303610379067,-0.08987059948252088,-0.049095915065535574,-0.029845768536954306,-0.019131991510564817,-0.010848117550934105
-0.10212112172095138,-0.0502740914862182,0.3722583177120315,0.3906306003782643,0.023752818090819184,0.07281301472904027,-0.2797040595449262,-0.023416185875002635,0.10895093461050744,0.26888076808713535,0.2516347663299858,0.23824142617361901,0.20422951545511253,0.26197687501460387,0.30132518578798745,0.22879312722020292,0.2568706165289725
-0.035098295069345524,-0.034165823831147205,-0.08792274493672078,-0.05256343085483256,-0.06638695194020862,0.0561315520988737,-0.5398302400151895,-0.7248073241775723,-0.5088203506648742,0.07074230714497504,-0.06123802280913593,-0.016184033277133303,-0.06235978931890528,-0.28905530233456306,-0.22096639109441532,-0.06192527762654524,-0.0590464875318305
-0.13422352911654833,-0.11917797118936672,-0.06413022105612061,-0.014240440740952666,-0.01000582042530253,0.06564575023249357,0.11632491244676628,0.12500530987158476,0.20584390262111693,-0.01253434201583262,0.1428798665865447,0.0018048869595766349,0.02430261267335886,0.08606139317007361,0.09760926325661488,-0.4168079700378665,-0.38517540084960994
-0.07576705969485055,-0.12407837940249183,-0.7289961326242934,-0.532392268027326,0.22855507819972382,0.15642536501570017,-0.34442155998796103,-0.10789038735280343,0.16626715221465044,0.3044363420951877,0.08216465752454177,0.23283415968655877,0.19820047653134212,-0.2575692540685868,-0.16442729938112025,-0.10332275515786808,-0.1636092123768669
-0.005678616958734452,0.005469083143216252,-0.005207714977276183,-0.03285677947964747,-0.017429026419647022,-0.07540548226076482,-0.4407928010817802,-0.4184954669019712,-0.3387119772671063,-0.07421853974804551,0.024971412073308902,-0.061351948520147914,-0.054490208953488675,0.09807841278144551,0.01108864390796668,-0.027594177522505627,-0.04412607024869911
0.1653431034500963,0.1402253286892214,0.086503771399423,0.004840634594545674,-0.21995386607910472,-0.1878727402160861,-0.1618514009349436,0.3073574831060506,0.3671932047438895,-0.08290961448124556,0.019757320690209024,-0.09008904311773941,-0.029486518749694213,0.18361982474186275,0.11966669726563943,0.2866039502964667,0.31087694083797746
0.02695079715836123,-0.011400939892781172,-0.05084650919861332,-0.051880785590379806,0.005944633801583089,0.0019339316576000012,-0.45703794800718955,-0.4672126701385061,-0.2426489218273,-0.009905417206448526,-0.01982204886830769,-0.056460399809203754,-0.005088106446976085,-0.03096884939343988,-0.05752589451590817,-0.0026517115462812322,-0.0007113654221714886
-0.07249916489238632,-0.08034486575295292,0.32555971818144697,0.3436982682849687,0.1569185947040006,0.12651641415842085,-0.09550025188941896,0.0018132354984180274,0.11999225595928668,0.26873840495500767,0.2638480380413071,0.19006699625813375,0.21391252746743622,0.2762862692721653,0.33512877887906284,0.23583727040788968,0.2220701314380485
0.01822595857848398,0.027272653879244966,-0.0196245767999557,-0.04585650410043524,0.06456154955785535,0.03950535576495241,-0.5069750268541536,-0.4679523133345592,-0.30403548646842843,-0.0656997573992009,-0.03168416238817544,-0.07210038544572747,-0.038836092729719544,0.02254405665138418,-0.004998196969474034,-0.006131731023807393,0.0018747852993449435
0.03259692902040655,0.008247802648972282,-0.027128785819886796,-0.020657206582340364,-0.03944297661190886,0.012122226074984952,-0.6076437355562411,-0.7109270235428535,-0.44165275406471755,-0.06809918450703734,-0.0556739731117607,-0.02639429911493857,-0.07364639579036614,-0.13174180138531627,-0.08314820749437321,-0.042203199305945814,-0.04179139387130929
-0.05115638696626838,-0.09178852681774366,0.28868456286107835,0.29247554802815906,0.1370433112754118,0.06233214533966849,-0.1297984466648693,-0.07648914591090868,0.04386303001787032,0.30481389204882203,0.26562396742214806,0.2354725360201902,0.1600321477697958,0.2636908688031503,0.2755678106565263,0.23926435213951516,0.24004706490700753
-0.1527644525357719,-0.17771280317215074,-0.025530471159173108,-0.040000588867727276,0.05295222509083433,0.05971371917684564,0.1257380300251657,0.16113445021290532,0.21037931728227816,-0.015502812869486217,0.10039833722542102,0.010390833532760078,0.043946363486561536,0.14809592038862884,0.1672032483273728,-0.40706557906837587,-0.3474304720408445
0.030101073033198335,0.019214530144537636,-0.07854373484936981,-0.0434555605134717,-0.07314360025702847,-0.0030559298103065634,-0.3840379124013248,-0.5941858073675212,-0.39931077190542985,-0.046855381090632774,-0.04800191392717388,-0.03403357982466252,-0.08584553479750463,-0.11675680606160854,-0.1168701625653483,-0.028062522528398682,-0.04124330161216922
-0.09417508459625734,-0.11290252340512405,0.3424299127735391,0.35292046710160585,0.1096564027442192,0.11607610689435809,-0.10069651801254173,0.04065925149174741,0.10040228216585627,0.30957375967980055,0.27913660989123207,0.20785902961354075,0.21574557677496486,0.2605057155671884,0.3121368559528577,0.21013371281395596,0.19615699809052245
0.03835295352078562,0.017661829001033746,-0.05355670576270006,-0.04141617347083534,0.014325905485259353,-0.004540959016847067,-0.36758797938270915,-0.3797622919844707,-0.2396564804440432,-0.026903115198353002,-0.013510213777254318,-0.05164095936562236,-0.0812478182237149,-0.01367842617014885,-0.03762259042335247,-0.023821247727125464,-0.012992923440882645
-0.06021917125111066,-0.17668999549609427,0.3170793638394171,0.33627042718805367,0.12012784163306556,0.09065127799767825,-0.18728504461861223,-0.025111784079711364,0.1276103373401275,0.23922698078909202,0.2890342129076596,0.23852800430297613,0.2344022491387694,0.2752066501564894,0.255130976050518,0.19666575689176163,0.20020261108011334
0.05656211034743791,-0.010450516527951668,-0.029967361928772234,-0.04794143030397574,0.00085004743613033,-0.0008940903470051862,-0.46158313343266444,-0.25806606404388244,-0.3180037998377065,-0.023038303205485583,-0.03490576229648165,-0.060878326003790284,-0.026156752230203178,-0.01504950787440433,-0.07452226745064645,-0.010035613587116212,0.007205870976137214
-0.04681268921207441,0.010080857388626595,-0.11114134430892356,-0.084365777417561,-0.13359647210125994,-0.05687741192694847,-0.5249073869380743,-0.6148754350348282,-0.4068214040616542,-0.06092465234416094,-0.07885195628287663,-0.11473489026691921,-0.08383359290526106,-0.11307521785314364,-0.10508970722626579,-0.05187462279028714,-0.06038532373402271
0.0003913106700791337,-0.004417426814726166,-0.09654969532039798,-0.09368869394581837,0.018862406298622587,-0.02644826211583393,-0.419668873402941,-0.4855850869477161,-0.24781643835279418,-0.0545376464723868,-0.03102024191625692,-0.022680448434433575,-0.07353562915887583,-0.058072623411624884,-0.06495942361199931,-0.0009812690132268566,-0.0023423774925755885
0.02759443006948637,-0.02781026789583944,-0.10789759920412109,-0.07600969930841635,0.002735099645446924,0.023908649325669627,-0.5733247711495746,-0.46537055944346756,-0.39524503244830467,-0.057467382661917844,-0.008810604380492977,-0.04554350987745521,-0.06476989052965737,-0.06527295890209098,-0.08615974776481497,-0.029677501391838706,-0.04264462690881407
-0.15550323227757884,-0.1284914101429329,-0.3910621452796847,-0.2501726167831743,-0.15361139504325996,-0.07879299924671039,0.0641295604525584,0.07039142305139676,0.11685287060663978,-0.0815029233568825,0.06374429993957907,-0.06056391209267669,-0.002047874251740505,0.04884025431312077,0.0025450274465863756,-0.3991970637829098,-0.4916550517364263
-0.02749649352845924,0.0005627678396168052,-0.02353232505283596,-0.0602613895223785,-0.05108593092867586,-0.03365132871406408,-0.41981992643351573,-0.4203531486930395,-0.4302328756519546,-0.015401350977701142,-0.037713704741468006,-0.10957329087682025,-0.02300698597929037,-0.03554337867710395,-0.0686770504549106,-0.037296944655260386,-0.05932286154887034
-0.031248909871900907,0.0005969417136697201,-0.09768925437726517,-0.11200242034637348,-0.13801426140429193,-0.12741301830861262,0.19511259161391423,-0.22522241574668608,-0.21229610122130074,-0.14287034540285454,-0.125998180283766,-0.26585632051383284,-0.20121604813836613,-0.05022804841042081,-0.0036137274906162683,0.12929461996793873,0.09689701334607907
-0.07139130149285684,-0.1379823630533837,-0.521013232404776,-0.5818920990272615,0.10956333114405094,0.09963287168079604,-0.4969598921563119,0.2755942019185737,0.3419812167218696,0.18155459091247733,0.22643672753217103,0.19318056492665875,0.19872015609689356,0.12808688018591194,0.1361140083796515,-0.1287223759805471,-0.09016389986748051
0.016746020978572407,0.010751914881025103,-0.08074684449874817,-0.08474537324150523,-0.010090867382378146,-0.01626079509373176,-0.4508357005562551,-1.0516175955469438,-0.8211691317514038,-0.02094940151531236,-0.06854774168034611,-0.07246541922727674,-0.08700471166668683,-0.2125582411355916,-0.09629345640279421,-0.05100705414045379,-0.040478336960017396
-0.07376956702714675,-0.014703279666112814,-0.2527035574828818,-0.2613956358528887,-0.16355962500398225,-0.04974108600611093,-0.685876034275595,-0.5579100495689939,-0.3301224259815199,-0.1729283879592687,-0.1239450540732511,-0.1378831910832582,-0.13267746780651274,-0.18984615857253215,-0.17023336756284985,-0.01915522390387258,-0.052062830894804325
0.013711255711150054,0.0069921117728254855,-0.10657119224359583,-0.05958599750955718,-0.030275120112024885,0.036847722330196474,-0.49642552220140945,-0.5995996466931997,-0.329502155737413,-0.06006652834769309,-0.05983340727646993,-0.0784240038357333,-0.06698646115068117,-0.030250502375224426,-0.07714064409245755,-0.02731721056197858,-0.03582414096884264
0.014210013692637883,-0.015839521537561373,-0.055078330753245766,-0.06406548958978896,-0.1586602980106026,0.06278843554409669,-0.4172027911482151,-0.6989077494259972,-0.45305423631758573,0.01072700492107825,-0.17565157880400198,-0.003125073560914953,-0.05187916369157596,-0.2960948101400516,-0.20088079724761754,-0.01495354964861621,-0.05952945681961021
0.011908443970710314,0.05549855093400775,-0.04306891223798323,-0.08906092740674587,-0.11900662290485207,-0.03395416495211301,-0.3979535808597393,-0.5403070213462441,-0.5270841765750682,-0.02736492401212204,-0.006659760544775217,-0.03358774437451052,-0.05644603517666341,-0.06998553681804857,-0.07261250218226167,-0.06297870493804393,-0.07136363066251995
0.010860894764268995,0.029477188625138886,-0.04101749651705249,-0.05403481194942414,-0.07384265601336662,0.007938397533697053,-0.3976000644504129,-0.6023025009417541,-0.34493982320678884,-0.07000593129269568,-0.07558881657315913,-0.059156701101195426,-0.042021947804074054,-0.1051141224043943,-0.09686046851211658,-0.023260199167615448,-0.02126995684113273
0.019262513286611542,0.017924739374211716,0.014975208220324632,0.03789363865179329,0.0037988974602311716,9.088011815583386e-05,-0.4211294612988251,-0.28297620708505766,-0.17712991561211763,-0.054418728854363774,0.0051858553706280374,-0.00971517914330303,-0.020293653420570046,0.008997475559073693,-0.06518107466311697,0.022127917818968397,-0.02379835967934107
-0.041572495510099144,-0.02922134426040084,-0.0040578520033808145,-0.11589854789150968,-0.1658898122753467,-0.0904721452080848,-0.537400109703855,-0.8852951304014804,-0.6374574296068813,-0.006800088935427289,-0.170406222566969,-0.055843075422064854,-0.06388098206319144,-0.2265197126707841,-0.18871707175283764,-0.08318748324205727,-0.11044872252749975
0.009802560565243887,-0.031570856745197516,-0.03432689510897302,-0.02564155094926374,-0.06827756600727583,-0.02737150797329531,-0.4283074815153295,-0.3337825964134161,-0.3693636746689405,-0.05328272265857908,-0.005767558849793364,-0.060608884809134345,-0.037805595125538084,0.0031359823364341924,-0.0724019061924172,0.0069275799169003045,-0.014897832210070064
0.042357668849350244,-0.019255817495420675,-0.07419705697473804,-0.08303643421198087,0.025976783568124974,0.006563973168146792,-0.47687194735588323,-0.46373139836109034,-0.38786293768200253,-0.07168434720790633,-0.058851806567962815,-0.04567472253394657,-0.10025440950165683,-0.07894782963906255,-0.089609005631386,-0.015519139283850082,-0.020504649173530176
0.06378985092505736,0.049367608525506666,-0.14605274434644472,-0.11537662249456493,-0.0535453398811861,-0.029112172598729252,-0.6042741099812551,-0.5534518494932216,-0.5555179375095057,-0.0459280909060162,-0.06326200971667913,-0.07036959382193034,-0.09251371175230817,-0.07118394299832356,-0.14196941248240103,-0.06488261950696891,-0.08562041259667202
-0.09957404284195501,-0.06333300125733436,0.3140402363365163,0.39523501067366146,0.11099596291742513,0.13406610582856712,-0.24198588451047126,-0.03401583960788582,0.09442785263020481,0.2300340783922118,0.27157747211650723,0.25577674728538574,0.18641396114265485,0.30237864025136485,0.2581928775221223,0.26026752779932794,0.22485787432674487
0.1121147339382977,0.1571685042214991,0.039188584631245735,0.04432454404648821,-0.2752672041929989,-0.2301492796116532,-0.10786247877657201,0.21804877594935984,0.29930089091753487,0.03452819779643912,0.011250301455505379,-0.08707311364071155,-0.15030021641359056,0.06733564921081193,0.10047353075675318,0.334579765978127,0.29676118806690743
-0.08501827966645989,-0.09485118768255317,-1.4945247868902491,-1.4739012542159269,-0.3190433232067482,-0.27229964470879287,-0.517098005547073,-0.6362053448465113,-0.8319232061955548,-0.19097473475034446,-0.22355784503287082,-0.2651438497410779,-0.3100811787355657,-0.254479120822234,-0.26288360858127496,-0.059113735903015274,-0.021744703274314256
0.01770548935597531,0.0406000601546678,0.031098201102123184,-0.02480994837990975,-0.06325788546121616,-0.12680421701074898,-0.42285723992432583,-0.41216750475451297,-0.3690955595777875,-0.05693092053870179,-0.012795983080415997,-0.04648453492911868,-0.05487952685829337,0.038754245789944686,-0.06591991033513188,-0.0040529234424605065,-0.03367166638784265
0.0043732719709076405,-0.005799999418030342,-0.029338857624752458,-0.057198648173577456,0.02284562985185189,-0.04224225453993883,-0.46952635268836107,-0.4571104068866112,-0.33961267211168983,-0.046167930678017756,-0.052547347185894634,-0.07053868855335398,-0.019880042368349445,0.022660247895766997,-0.06471009959892654,-0.003644830819400204,-0.022885565550779273
0.032039126888996246,0.019673895091055105,-0.07791905173224649,-0.07737070741921241,-0.08774536491882677,-0.04402705042746746,-0.4228577126005407,-0.44251299251443044,-0.35386013172523617,-0.02862143753066295,-0.055409552190765037,-0.03797560577239587,-0.04848954390204947,-0.018992293267520603,-0.07927652618188569,-0.03259828843535894,-0.0532278561606597
0.011546244921797604,0.0038853397576945996,-0.01262633523176164,-0.05110346939917648,-0.018461757204839696,0.0034729566324700222,-0.5522121214924129,-0.3226776637608264,-0.30718127222719976,-0.047634375111646206,-0.03495258511312937,-0.06886454180217984,-0.045198808524786194,0.006496854430707342,-0.046698925214567075,-0.026317982149476966,-0.03239563869492652
-0.06647748068947598,-0.10094702915376787,0.32014305899738543,0.35245726308626224,0.15448375476450954,0.1564938497317825,-0.1421898681915329,-0.14316162036269678,0.08943004271615546,0.2549875143132957,0.2895158540022287,0.21693328603596787,0.21219034720576707,0.27502533574105065,0.211323118734805,0.21925989810682028,0.2265236827202698
-0.1151540720233773,-0.05543503058485859,-0.010594649934967526,-0.057171881548994476,-0.19683799527987408,-0.209653591028273,-0.313903653992329,-0.6012575092491373,-0.5638766270585633,-0.06892093987065653,-0.13825548470698418,-0.05645997702281326,-0.08188165595471736,-0.1801026426634438,-0.17386580959784317,-0.05336389310963218,-0.08144849337579241
-0.011622321993708924,-0.0017154294018955582,-0.00349277902320673,-0.06386777212617772,-0.05904427530879851,-0.048113368361613215,-0.4152728800726243,-0.47740911440389183,-0.2910139149357637,-0.04985999064195045,-0.031040222229383563,-0.08789928236042098,-0.04121484881982402,-0.01820788250373111,-0.048694721812853586,-0.005852179494758898,0.004599947594157021
-0.11054325259413328,-0.03754041491357485,0.3253638524820596,0.3690529698854101,0.09299781248316046,0.12411116100348164,-0.13102681466820465,0.044405189223707696,0.0901983039416202,0.30727310584139067,0.3023516437048104,0.23978527441862615,0.1958378930788225,0.278242871974037,0.2606244087727063,0.21032306047181754,0.21816483827322006
0.011777122804232988,0.03595934820065231,-0.01847077905903782,-0.040806717612519805,-0.008524643579294772,-0.07441090183983265,-0.44951542556915464,-0.35139388803701976,-0.20787729310582406,-0.06187951451061585,0.000225027133925921,-0.07272042070632427,-0.029963352324773394,-0.014562210771448316,-0.08152773082953631,-0.03765488206922512,-0.04320043557851658
-0.045423334107221845,-0.13792166725595323,0.30849317384347374,0.3071390559971243,0.12810432905131797,0.08739617478780803,-0.13371623289698395,-0.056382377715260786,0.11314806440692313,0.28892699306218594,0.31031921397580664,0.20612688210021404,0.18334393300127386,0.24049678242309186,0.24602633698392898,0.1868376744517545,0.16682014576660315
-0.03404760703273238,-0.018163192701917456,-0.04463243850361739,-0.061051691333853166,-0.03405415456104048,-0.005159847321333785,-0.5475161871003524,-0.7984429559324324,-0.5219673917037091,-0.02131050569408848,-0.08761789659370005,-0.06390275898206033,-0.07596755414678479,-0.1951413470608245,-0.13004504330909325,-0.0329908915099812,-0.038724464331904
-0.008443069160408236,0.006213354750438777,-0.020238372900658344,-0.060082417697364804,-0.03108046914720528,-0.07439145002484075,-0.5096562678876331,-0.6360564016343473,-0.3832107735233633,-0.0602080393554429,-0.07856280143984609,-0.028482122737871186,-0.026405584085994502,-0.13983816637073318,-0.07148765590193716,-0.05401128970465637,-0.04815260519004801
0.016725978818307268,0.008990558085605402,-0.01278806618186292,-0.1018901999960631,-0.02407534140528606,0.012202914735790849,-0.5404402072060593,-0.6479047600095761,-0.3442537405555533,-0.0915928009771933,-0.03941315696276962,-0.061155072495238764,-0.06003460708786084,-0.07717804515462355,-0.06604671237528083,-0.016131430217314464,-0.04008001038922035
0.15349703910107226,0.21016036760463108,0.17422577938789044,0.23938359900619507,-0.24894221649323817,-0.10241348127693232,-0.2554471579120119,0.2533344224461446,0.403356437500737,0.047377152572456845,-0.0030415106845860305,0.0029887426865417613,0.025623487790480456,0.1399048926839224,0.13603409442972456,0.3429093330283697,0.33988645757051633
-0.01893919917556663,-0.11119215747137946,0.29648789355937694,0.31832974182080653,0.06853190934935387,0.03591867440241985,-0.017875804143520746,0.071614299682877,0.10038012900734876,0.31183874779282916,0.3011291009561371,0.2331723799896548,0.16515448770884258,0.27067784062551853,0.2854189826201091,0.22512092080817087,0.21247550114283323
-0.0034981655499512917,0.015990884488543175,-0.04730732122070743,-0.05213649508683988,-0.041276898132906845,-0.0023936113569072073,-0.530094360296445,-0.797302606978898,-0.5005132339817764,-0.06156978965170382,-0.11864501263310799,-0.03272882614149401,-0.061424303293798665,-0.14118285077540227,-0.1274821021635263,-0.026746656783221363,-0.033812738436258795
0.00668174343594355,-0.0012853763532125497,-0.08297394137394476,-0.03449345045102671,0.04564168781245042,-0.015134369577360841,-0.500043389955091,-0.4996433853447511,-0.3740549187017923,-0.06467015957151942,-0.012672227680403164,-0.04846849345212032,-0.07178422687583381,-0.0886249647075654,-0.06860134494642657,-0.060507407877931185,-0.03314271580029778
0.04157668987117533,0.05862378095677374,-0.05699418637628878,-0.07905021320881406,0.06332357677748666,0.07264315104380989,-0.5606865580919644,-0.31274875033686533,-0.312314852749611,-0.038194258498138185,-0.030160081319546082,-0.06653225571895917,-0.037368523656121914,0.002707700967555926,-0.04889590421189108,-0.05524188431280455,-0.0415712873352415
0.025701694533994856,0.032834443746532126,-0.03785619247786123,-0.04092880957870501,-0.05413226169477265,-0.04549537380352112,-0.5210348959053448,-0.37403646890595865,-0.44397627735234607,-0.10070695981026971,-0.05477933522855174,-0.10077768402133021,-0.032974598757368884,0.000576000055745204,-0.10261312557054365,-0.004822511637169136,-0.055646841515455514
0.011904996241367868,-0.0027739532042952318,-0.0878070041841356,-0.09092387942465749,0.02317771278063432,-0.0011343599315822722,-0.5404457280240247,-0.42653275541372027,-0.3954847610378793,-0.028171738202314733,-0.03374513280501181,-0.04595222138715723,-0.07507902671360422,-0.04268579904568069,-0.057507108818273575,-0.030278780783931338,-0.016731920229536654
0.11024623567019631,0.15049095921796882,0.05690603573797051,0.019973298854147916,-0.21934211652889232,-0.27738721987243425,-0.03194218310867761,0.2561117383355539,0.2618464030945988,-0.01562396913282679,-0.035058604889323296,-0.09660541705107624,-0.07601474031694601,0.10919863954324724,0.10267257841294654,0.2739520434830823,0.2867537445463127
-0.0008356099544251982,0.031488942364835674,-0.055780464048455755,-0.047774283319678756,0.040782165636993,0.02771124953809168,-0.3972061915748642,-0.39074532337987405,-0.27672419718059715,-0.08775855015300423,0.007995417199595003,-0.03220561457263683,-0.06173849500986984,-0.03006398671371095,-0.08849437492633207,-0.037893334625972115,-0.011940126988456307
0.056793155876687686,0.03879991626619355,-0.05859862268052764,-0.06563237191627339,0.001995595949829454,-0.042639061174098575,-0.829716910079089,-0.5560503533778064,-0.440768365015045,-0.04222184425520651,-0.03949687560562382,-0.10231336778758478,-0.05929383455690319,-0.11215994606671928,-0.11519580824217601,-0.0651362541193243,-0.04228807109534704
-0.05273279856451079,-0.020807529209007483,-0.49663773871273104,-0.5027670752297612,0.03412436221366159,-0.0048942794124877355,-0.26144086366588426,-0.4838709787517057,-0.36526454182513657,-0.05143715121608654,-0.05520619909600033,-0.08796120632862503,-0.08744231498983118,-0.011767097294736878,-0.09106052278219634,0.0746922521511081,0.06119205829933405
-0.05840989832383861,-0.051799214460541365,-0.040442586159689736,-0.06831925878426422,-0.014138107038778231,-0.003539643786562152,-0.38064077523354267,-0.46298140736652993,-0.4237146310793,-0.028351285098438758,-0.011969104375612424,-0.07156156673651713,-0.0646432863840789,-0.015940531835165254,-0.06280997162757623,-0.026117277492455265,-0.029109040990815238
0.010359142778176228,-0.039082572459257406,-0.04255594495405842,-0.06446826967370886,0.028699003865920954,0.02147677792622168,-0.3921172874029281,-0.4206878389041391,-0.36182778078825323,-0.01712159644940615,-0.015809419281188005,-0.05744339003189545,-0.0527882040450172,-0.06898542817371525,-0.06272878175729901,0.012086537487360362,-0.0036765658477223542
0.0036018449353025085,-0.01564256556056763,-0.03504462856583056,-0.026187698061197473,-0.0003068662452477357,-0.02644160359049632,-0.37015256912202665,-0.2346333358016896,-0.3096081006564567,-0.04517570434780423,0.008806995569344306,-0.08342226610155155,-0.06749333874731347,-0.008437480214789237,-0.06529928678863815,-0.05774599937106955,-0.069429944836507
-0.07269384535311238,-0.04506163361034095,0.356966346977038,0.3741092983302822,0.06599736984186413,0.07659570096526852,-0.20735314878889766,-0.09915861454567644,0.013853799111422597,0.2708054144466937,0.26524703250348824,0.22773305245500747,0.18437694279777195,0.30255888649960466,0.3253322269640462,0.18700334562896273,0.1971479766106798
0.0012428784965431967,0.05120610449262987,-0.031349009593298824,-0.04565170014377873,-0.022207809225068025,-0.014398150682375833,-0.4420720034514332,-0.4872576622545076,-0.2701338112940883,-0.058015095592450105,-0.03606101326114145,-0.10462513347281696,-0.030436556955162977,0.005022680855726985,-0.06754688738407577,0.015279808138441757,-0.009649035870100254
0.10256715810215078,0.14009600853422582,0.09563112326049494,0.0005340207671859609,-0.291564665387491,-0.13248943110801958,-0.13253383144304767,0.26528953475304556,0.28059368366302295,-0.032716630073639306,-0.03307978319148468,-0.07766287898842231,-0.11853156823631786,0.15617089685141772,0.11258011169150313,0.3212930730082544,0.31835109255083915
0.004767404221233372,-0.012566666532499557,-0.09342904344556574,-0.09543891834983145,-0.04054086719173544,-0.003932552457551594,-0.49173934355069127,-0.4448220656368978,-0.4954107934215573,-0.010976869142115157,-0.002007659703327683,-0.0824723257673368,-0.040822955086839675,-0.049109515226233365,-0.01629020105391061,-0.05194127143543149,-0.030315406837978603
-0.05160823969666976,-0.03920397479481608,0.3985101293057965,0.37696437334602056,0.15203594766507758,0.07069105600982538,-0.2302453259678114,-0.03891404391754628,0.0733804703926713,0.23432280714890988,0.2790369584841101,0.25584928544355595,0.21880563133083913,0.28404158962847176,0.30690764883789257,0.25837040258087274,0.2077042172415581
0.03922709316544367,-0.02462524281106123,-0.03145781891609631,-0.046800738752074585,0.003109279720811031,-0.009618371589323146,-0.3972054243497518,-0.4186531288093554,-0.25982861543060004,-0.049573176184653366,-0.022497477134720598,-0.04216203026191522,-0.06976458557538799,0.013661277597342496,-0.0864996188180771,-0.007932100489338786,-0.004247813267853522
-0.009894560931372658,-0.05333320411276397,0.3592062732779307,0.321751661861353,0.16459399954774767,0.13505829100688185,-0.13999213427850662,-0.09342792820669911,0.10851968528509708,0.3094985349827132,0.3200377824119163,0.2471545058115637,0.21039026452698678,0.30021942952339664,0.28530185168067174,0.21824305949528758,0.25201441238128247
-0.005297239321001489,0.03003586732375796,0.005111312246066646,-0.08368784653213877,-0.014099068874836501,-0.031177083343765576,-0.5006911402922328,-0.5741277117088252,-0.482625825843641,-0.058356272338374614,-0.03255347733691567,-0.03549465494990102,-0.024022692800022227,-0.13983569160628817,-0.13106579102479574,0.03302319298802817,-0.05434508704208211
-0.1149800086244986,-0.03640003105560056,-0.02059079419460321,-0.015696179022727286,-0.15885452006161951,-0.09112832615132634,0.028728873255005484,-0.7760062133483621,-0.5052136889982819,-0.07256539807779941,-0.19518497472535484,-0.0982633998476149,-0.08944444275427434,-0.3296616311020257,-0.12482747505190674,-0.36573589209280594,-0.3619270063940225
0.01567552639501027,-0.006933996067747384,-0.012877171589032324,0.021444861525777473,0.011369594427838298,0.0022035659041531627,-0.6387811925604834,-0.44149237720375467,-0.3113343722374279,-0.04506298739964345,-0.0603240205320623,-0.02916742060406217,0.025791659864410742,-0.06413391017565552,0.0028249380121416123,0.011366619183068012,-0.022435945098046403
0.05604478879051973,0.01521109037879662,-0.08682848476570448,-0.05375723399581965,0.05387372445172774,0.021708326827062103,-0.480865495154101,-0.28041885689936635,-0.31934863988600576,-0.026857451801749414,-0.005409794666022728,-0.024749282005094502,-0.006208291064666468,0.0068572766659538405,-0.039836727675674984,-0.017094511595544416,-0.005477901094292952
0.0287298601013332,-0.01698230602904867,-0.03168811516668414,-0.0753255310390336,-0.03410435160900405,0.015441927065643325,-0.6117624229282779,-0.36833355479329966,-0.3565869112667121,-0.07202504979441186,-0.007784612659106368,-0.05308102991539325,-0.0260808543333649,-0.05319539427865779,-0.025578746178974335,-0.021530894872443758,0.002808668002446562
-0.020898344746148583,0.002068543833276047,-0.04087529917376802,-0.008064129099065148,-0.0047241827742628625,-0.09614509969370387,-0.4895595962075099,-0.5173574252153791,-0.28334260941107275,-0.08150099311321071,-0.05705942431929144,-0.0899630835048581,-0.012019677220454522,-0.12999325655516636,-0.10684059452688374,-0.030894823219396024,-0.03441156980569683
-0.012084457685387883,0.0018097196544108636,-0.10535638979926927,-0.07181721209892497,-0.10579904844410208,-0.07601957529615254,-0.5303461096662359,-0.5195550467888017,-0.4220796854689569,-0.14432017830832322,-0.0856589150448439,-0.06492417903548417,-0.03953149499960836,-0.11544228126824321,-0.15756671991461982,-0.02099660657422709,0.01933897000395134
0.0025749960588615116,0.0003652651256798637,0.007237790011497339,-0.09712789199399711,-0.06211374991466669,-0.06352090895480847,-0.5184122725944452,-0.5368978156737684,-0.4760201544785678,-0.0506270293859557,-0.033807371871885435,-0.1086674801309153,-0.06452371296069044,-0.0994331881974108,-0.06588427699141447,-0.016241175533833172,-0.07112278582044489
-0.012732695091289952,-0.011284695094452615,-0.09208485352015272,-0.1125963750799126,0.026539581282640917,-0.020054394246868095,-0.3516248309506051,-0.3735549164187315,-0.42663414047879883,-0.04450904810303208,-0.042823995886120486,-0.03480780383040888,-0.053850009565131404,-0.05716568686346538,-0.10117486658835198,-0.02111910896020229,-0.042467496523132676
-0.021465863228564076,0.0017349581273766815,-0.05755420221978246,-0.08177353917341047,-0.02446993523976867,0.03188711180908832,-0.5343381640399827,-0.6090738966277384,-0.4403597460402049,-0.08371521430804175,-0.11587050663142219,-0.03647273585130315,-0.051722685095296525,-0.19407139304839469,-0.16650052316388303,-0.027016989714121056,-0.07446721120590734
-0.21636434528668086,-0.1484608477460989,-0.07603380161268547,0.01673533467145676,-0.04385513680289139,-0.002741948433123704,0.1646431990930722,0.12968483323524052,0.1798388851832067,-0.009911635189473644,0.13823591433101667,-0.009414152558887322,0.025083541381861606,0.06423674705988874,0.08418292338893413,-0.4250275966246801,-0.41452332478144444
0.004846021485277457,0.0013949329722278707,-0.07281788187043767,-0.06033663856577479,-0.0979594661773795,0.03166640048652185,-0.40970275994451644,-0.6557687841414771,-0.4028296466681849,-0.012001220227823633,-0.03460614762159305,-0.008457518795801316,-0.016057956119409356,-0.17363623512133522,-0.10283698246523193,-0.035317465025209306,-0.02336431947096892
0.021240484255469816,0.026834107939371535,-0.05019330747786901,-0.038764588520902,0.04253598772977344,0.05902183062232167,-0.4610997365039414,-0.39835498242678624,-0.27180593138007136,-0.10216134660463624,-0.06178598473843177,-0.029124944562730272,-0.037315556299111464,-0.02000291437193193,-0.04931940312478881,0.010141595626191156,-0.032552297702308906
-0.09211525010549858,-0.007343906137443388,0.35306095297119566,0.39028563720802567,0.012572223567288404,0.11151339611180557,-0.07634965690333922,-0.0009114478665816963,0.10132992944350813,0.2439336464674756,0.24117043589893022,0.19660995010241186,0.22197792249288972,0.2688801510178914,0.2491484717542116,0.2284452016673012,0.247771324018625
0.011136698927917849,0.032251946687652855,-0.03117739942494173,-0.004024600656612825,0.01896094990295838,-0.029167560715972003,-0.3635720284833772,-0.443202572049139,-0.36207229144722947,-0.021836664270782714,-0.02573752629959371,-0.07868502782103988,-0.08831774974391612,0.02116909925768774,-0.07224810036444236,0.007108934069201351,-0.016200061137663826
-0.019394606011833324,-0.006940843769439747,-0.16312011425115547,-0.20120624623748767,-0.12388706677660878,-0.037665218411075965,-0.5249067132942673,-0.46241021404599886,-0.3895663115914193,-0.11657776684743978,-0.15894417799884916,-0.10327013441346829,-0.09591982451728387,-0.1367354587167003,-0.13005057503652115,-0.011811887274490295,-0.01288281958978167
-0.17047031206459082,-0.13295339027368827,-0.0362127397439161,-0.05986383753902447,0.012285206086997619,0.015868957771590912,0.1297163730308139,0.15495586040012288,0.1876405389687445,0.018106715377972125,0.08888751218517833,-0.026108899445147264,0.03133754745968214,0.0959116580404238,0.11115890666949996,-0.41803642138964897,-0.3701508728612559
0.012649771781112568,0.017437483033347027,-0.028305415681671102,-0.04241649952195281,-0.06487804186614966,0.003084146656979898,-0.7593075949974459,-0.3377446751255014,-0.28840144078705027,-0.06577471540276993,-0.03865460373755536,-0.06380517836414702,-0.051539235108436866,-0.006681352141305424,-0.04029514263240791,-0.002442055372172826,-0.0017095503553254637
0.12143084426249451,0.12126503669453298,0.08014608437106491,0.007414021323399757,-0.2319522203064213,-0.24158796177968986,-0.01229075794285392,0.23570150568447618,0.31167819345842723,-0.03837240551848526,0.0009040024660399279,-0.06559729003105672,-0.07528281353076953,0.2003306445262904,0.13996691729753452,0.31762049273796,0.2955089599982579
0.018196536606249664,0.015310646949078561,-0.04127999489285738,-0.05519979708750872,-0.07504326548879851,-0.1525505431864936,-0.40353301458662305,-0.459619811651211,-0.4113104042028566,-0.09149551031235081,-0.04522913660665899,-0.11017805056960192,-0.09432018693065378,0.00973589374113008,-0.030565316346053452,0.029745889414612543,-0.0652575789791527
-0.015330701587206645,0.022731629243629977,0.049099424447606524,-0.04567238558218018,-0.0955162804709018,0.004218425703199166,-0.30687477111233064,-0.43386798473999283,-0.3725480101468955,-0.12399645217615528,-0.048829760515992277,-0.013797270989468055,-0.03341148018489404,0.01591902322672321,-0.050906467692200724,-0.03566528212257461,-0.07758677498843054
0.01857580381554804,0.0037183656857194157,0.004758054118048781,-0.04435517033656162,-0.000978030044261364,-0.040017326782944035,-0.4628670751057561,-0.30930027403396704,-0.3014460148782997,-0.1055543930232769,-0.060674295165330794,-0.05621900288235197,-0.08326639274889965,0.04690879745001276,-0.042319978090915554,-0.01599396563097253,-0.022570193973125072
0.015532075623822049,0.046665674924645566,-0.051790101294362956,-0.07837217010176105,0.028520111157348333,-0.009034779098114105,-0.6326052535704982,-0.36535024715838693,-0.3211613368938503,-0.042848795858137806,-0.06460569365342998,-0.08768114364758627,-0.08163285181492363,-0.09104910273370037,-0.0890915953588991,-0.056412864846562605,-0.07283625285882765
-0.06570467147025347,-0.0607327251337122,0.3029669617787418,0.31093020236086366,0.0928427241008001,0.06274408692102132,0.05925920308344279,0.07601059242010597,0.10717428127829383,0.2443177630349252,0.19536512896731614,0.11550350758934645,0.08788195695681159,0.26319571584491336,0.3065806840659855,0.18811516936507452,0.1899393134947928
7.534893597055868e-05,0.016234412624735028,-0.05364809795110518,-0.06323206016760972,0.05031033935309903,-0.002276476844879571,-0.5312412728211471,-0.34166313183077984,-0.37640873554537324,-0.053819158857909596,-0.04157876108686003,-0.0871701383374488,-0.12198492290938735,-0.04951603008377815,-0.06676568056254757,-0.01759551557836697,-0.00798857501070335
-0.026578080080874575,0.014013439192378817,-0.042016692043044784,-0.022403360975930146,0.016411597389885544,-0.03338061617328388,-0.36021767144890454,-0.4100599942808828,-0.41177328635495536,-0.0629944695328623,-0.09170612224859716,-0.018931297455339013,-0.041859835896799896,-0.027431151548249134,-0.09225923183945124,-0.008303186628976444,-0.02811847058060134
0.008809882832684288,-0.014433053803521771,-0.040343840381350714,-0.08174079152097516,-0.04323938271438927,-0.005380721874947117,-0.481394115218147,-0.38141200311294327,-0.34749906298668837,-0.10987872899371177,-0.0687381567595141,-0.08956533051251934,-0.06154720948841806,0.0021163608584347975,-0.07905617743638389,0.008294178213197714,-0.05352252706524172
-0.00016736330282548348,0.029788141894294583,-0.020892141097108522,-0.03860926942607329,-0.045284818979036204,-0.047837300497428424,-0.5096623704802384,-0.3438801860013956,-0.3378758437929583,-0.05809875254203717,-0.012445719120619675,-0.02779127138764816,-0.0038669797065066015,-0.04960572344711112,-0.07411174583119909,0.013744826427001007,0.0056573624219047455
-0.12681412546835452,-0.0654744508703206,-0.1579669394548341,-0.19335618630351342,-0.09221855443112346,-0.06093581188376341,-0.2438942311438249,-0.5080304680743174,-0.40790376427559205,-0.05683645283868511,-0.05968339749347803,-0.03869655438626123,-0.041377673439244644,-0.19487239339737444,-0.12738631428295016,0.033863061538050285,0.028138650174766352
-0.0030142573682670182,0.036137364704654736,0.014027313862862848,-0.022954730105405385,-0.03846753195392011,-0.06487321280640207,-0.4642709670785409,-0.43347762609301044,-0.26719935439921455,-0.07400452195919083,-0.037664614551856816,-0.04392534841570928,-0.01781231822141966,-0.030253303464505596,-0.0784859944950565,-0.013514313734816,-0.04603611732923749
0.039463165372234765,0.012165387011944606,-0.09973582853329463,-0.030722944604042624,0.0012017384301940151,0.0031506656528819377,-0.48029075114730024,-0.4135006835817724,-0.2333909933835903,-0.12591157728052244,-0.023400313460140838,-0.12045892036346889,-0.036990897030131566,-0.0345703432971299,-0.07804383449382102,0.03705063154979997,-0.00048744499594277304
-0.008798747810935861,0.020478742392826304,-0.06930875145581299,-0.08664298076904367,-0.02690312412012939,-0.09082904605071147,-0.3393076633191377,-0.446740896353127,-0.3527228328954144,-0.07385705780001627,-0.060398940900039055,-0.0926501428768749,-0.038260240500919175,-0.06175127839110698,-0.02171241808807907,-0.0316679437694824,-0.07266413919683028
0.008866072573299234,-0.03325030512602603,-0.17970503567527657,-0.1844238466855468,-0.051479668953789075,0.007420533531944194,-0.4464960403547044,-0.5065428785409742,-0.36490994125519255,-0.036048399205543674,-0.08725506462776367,-0.0654040946946145,-0.09084895206330873,-0.12476289191855316,-0.09496793379035473,-0.027885831579614148,-0.038523704200493045
0.013558566227144934,0.013157576304051297,-0.05930526982425873,-0.056075892743701075,0.026447967585498246,0.027816046215602658,-0.47283824972272914,-0.30073898639578667,-0.3082176295221002,-0.053137949287223964,-0.008561081992925424,-0.005389558222373569,-0.05949538216737399,-0.00584482519458548,-0.0146846390742265,-0.040836812272132,0.005110259944923915
0.04668937914559874,-0.0030406047208268116,-0.026504486893638508,-0.02318195713414364,-0.02866063529187552,-0.06753937666544656,-0.2860337537522292,-0.4985416610143485,-0.6769308798957226,-0.08656077867218669,-0.005282815487572482,-0.06861031120675876,-0.0417226178873403,-0.01912870722463001,-0.04884089787050915,-0.008833968885249061,-0.0023480930665511555
0.02623258903060871,-0.016814452075611136,-0.0686792191091393,-0.06146498452416518,-0.00703005102508706,-0.019061271365440138,-0.41498696378915145,-0.3674447606298852,-0.28228789376922736,-0.06741783408684043,-0.06401841889580687,-0.059614108854515215,-0.04077647667453795,-0.05599427987217234,-0.1142011887273581,-0.02778922203937408,-0.0051988347788108746
0.01680285239455509,0.04167079852790919,-0.003947476225778792,-0.07550979204829143,-0.045419331138768344,-0.022967942023090236,-0.37408482783748254,-0.5309874575716343,-0.4480876772320788,-0.12440779498279002,-0.09707839799109046,-0.05090031841641687,-0.0274595249118976,0.01019577458534864,-0.026241840774134256,0.05038637266111014,-0.03545401377267566
-5.485873084376536e-05,-0.011888621994336499,-0.06934738164883383,-0.05249406187785476,-0.02620824255918533,0.020155239451676975,-0.38739937142300157,-0.4721892329028238,-0.3225584337690591,-0.07598948225863669,-0.012829857940978405,-0.09844510780485992,-0.05211024368006656,-0.04447413485839991,-0.1031474217095878,0.0005367114342978446,-0.03261109580251531
-0.020413648146456628,-0.022850248326491813,-0.09013583628054665,-0.06407700048449588,2.236544258715461e-05,0.05018933268979843,-0.44547117779266043,-0.7269984820258976,-0.48815716627166683,0.08421553648021039,-0.05607895861083994,-0.03502531024215656,-0.08099120430803763,-0.30024995684896993,-0.178845661812466,-0.042127558549363314,-0.07569138341627298
0.026439865924886913,0.021360574061583166,-0.007401721266778047,-0.013792426087596432,0.008994914238193643,0.06748632620381817,-0.5162163146603472,-0.301470608173807,-0.25076114233436675,-0.05405547823550731,0.005276731297262747,-0.03783865611244494,-0.034878357963542266,0.008800373557574317,0.024965937629646363,0.0049962688319255405,-0.023847194730971757
0.11585177178290476,0.13477191168328492,0.045730073959022045,-0.0013717420750351777,-0.24865745080142979,-0.305320769071665,-0.1030398004993987,0.2638211584678716,0.29584851743995,0.01828053202714969,-0.020268006912115943,-0.09721448837454323,-0.07068179296167097,0.12583012739239505,0.11334359357794645,0.27291122653176136,0.2801245102789854
0.1295146619457247,0.10685021077732296,0.06670161597300152,0.0664350414048649,-0.2587866533098273,-0.20997039944880616,-0.20140405095676303,0.2158657097844198,0.23341937391615447,-0.09506432490074827,0.03915232858091198,-0.056618821632110676,-0.08509854370148535,0.16163882118400952,0.09447217217354109,0.3371457747444562,0.3286731546949057
0.047709996923179,0.05381522508390394,-0.031176494422683707,-0.04251053552760009,-0.024317018057716033,-0.00013716182880069944,-0.5882724745348822,-0.4729339954105438,-0.27607321942360397,-0.08860279834832219,-0.0509106094131391,-0.01925199869907392,-0.020283157952521388,-0.01969116574732344,-0.10897761739087723,-0.008008900350096302,-0.009138066437887588
-0.026828204104655473,-0.006840669654939863,-0.008401568612901806,-0.007911444615769016,-0.047302300087197276,-0.08232238078924652,-0.3157703016461377,-0.44509349080278526,-0.4024726349492281,-0.06960888064542552,-0.048916706567846156,-0.037010683464738445,0.0019786122593939176,0.016754780140977588,-0.018526630137865104,-0.059343311835720974,-0.017113397837519376
-0.0694240298554507,-0.07462823761483986,0.33813728845505175,0.3148142801779601,0.13585965345736295,0.1281888547721325,-0.10667438832470799,0.09159495525451472,0.12745884548490852,0.23899719687158885,0.29725916606032954,0.20453068872800445,0.17264697979541857,0.34871641478867865,0.31187171084025955,0.21332311237539306,0.2308189684831062
-0.03478185402292222,-0.05050703548263863,-0.1869160861328395,-0.1449022844773081,-0.07741552986067804,-0.03825659193333938,-0.32801546937339104,-0.48352320307245245,-0.2666117520250764,-0.04911094781242468,-0.04566788848208445,-0.09384851179521735,-0.035516940029376415,0.014350586621060962,-0.025192234456140408,0.07799012945696975,0.04384135647363175
0.11444421806400332,0.13937202238879012,0.10126101425732625,0.007317736168913961,-0.1749473089024278,-0.2112214327239362,-0.3098634244799622,0.19648050853396395,0.2498695943540234,-0.030992721722206337,-0.02668180070503587,-0.03991477940278748,-0.06895053612207525,0.21230856788091707,0.1596090863306891,0.30980220870140657,0.29974416128986375
0.10414837243102143,0.13487159898959675,0.041982183209091126,-0.006224681640841924,-0.29459418857528785,-0.23247696798641398,-0.08917147089899122,0.29123549172372654,0.3306147496475819,-0.06438071087677036,-0.03636722895493124,-0.0024843840090508504,-0.10032358699511444,0.1081033628186953,0.1168651927246635,0.24666576299406262,0.2550954827236695
0.007775626643544786,-0.04739843369146637,-0.09021600199199596,-0.0763758411240447,-0.03697982672670615,-0.06489981805976282,-0.2502590317343331,-0.3947449295793001,-0.2307049669977703,-0.05782581006490012,-0.03692226871262627,-0.051559384108551626,-0.05151746930264527,-0.06468214143741485,-0.08768063285804034,-0.017470178476610445,-0.07716939529330967
0.035414730329728764,0.0964008381647843,-0.5285908583376604,-0.6681404855528892,-0.004996336511650653,-0.13835416510301873,0.22072536735825204,-0.7598734699010347,-0.5294762633511149,-0.012313162472797907,-0.05326660733922106,0.0067358557608680845,0.05048769346618331,0.0306279283897617,0.015403171723028639,-0.09518569580141897,-0.11123538514641239
-0.029680399429083668,-0.0026927140164662877,-0.10526220656571031,-0.10386543923013725,-0.04247726864068012,-0.012387887750203547,0.05872663149447996,-0.7156848015876263,-0.7420857874082557,-0.12283028642528074,-0.07309201644512439,-0.15102476101936202,-0.09632700352431546,-0.11587113411120095,-0.1756916062898398,-0.5624033171755319,-0.5069678645388725
0.003982078437573757,0.013932764451727576,0.0005450373770042205,-0.020699155905753892,0.015248943932439245,-0.006257528737438138,-0.27233236713689446,-0.38007566919502456,-0.25297266336289426,-0.06635618517553055,-0.03323249582728641,-0.05043442127945073,-0.016626709656178792,-0.024056080872778007,-0.028952850033279163,-0.032564928875149335,-0.028718278853488283
0.0083541309430445,0.010159337262151968,-0.02367137597982361,-0.04534640263213529,-0.040380637212463114,-0.006035462618594524,-0.34714765246338986,-0.4718385860953998,-0.30481921207551504,-0.05620142291812762,0.0008049434922469726,-0.0071086227297577406,-0.0636301739485485,-0.0093017347531254,-0.07445418722403657,-0.07073438958752276,-0.02514470378845925
0.005903405863354218,0.010203527894185412,-0.03740538895279228,-0.02588049081751337,-0.026383743462082786,0.01754843928908562,-0.4942612329450915,-0.3357948461257274,-0.32218180703681737,-0.0644217736812689,-0.05115411216350541,-0.10136983468834403,-0.05360789716466208,-0.026112989884978954,-0.08750490863493485,-0.011366647581689815,-0.006897002125220159
-0.025247700475534277,0.09228292439687373,0.1814029412977176,-0.040174513422857015,0.19329205976451305,0.06377800931770981,-0.6090331954919743,-0.13943947861799857,-0.21699427570732566,-0.1804446441527878,-0.0358093593037943,-0.05562146729381028,-0.017508516620472685,0.20075729630568803,0.13905968567956095,0.05254432777800374,0.004648678741324222
0.012451764510056243,-0.0262386385718683,-0.0056262482169854265,-0.046580457075262365,-0.07418284025033066,0.020828876329592256,-0.3432443495062698,-0.40372141681022417,-0.4077037612545639,-0.10892641558254075,-0.030304656929404775,-0.08068039159359912,-0.07724522377147647,-0.023047992653662114,-0.03739499194424656,0.005484368908296476,-0.010200632189878637
0.14080279872561252,0.15083124275853887,0.12859110496923665,-0.002370130574379762,-0.12023469330461496,-0.1836911794259997,-0.11567390672598907,0.23145252034885927,0.2869962713972789,-0.09519019494843636,-0.013679859113592865,-0.08241279552035526,-0.10973602456153539,0.24471812600588905,0.2208065606717524,0.29049320324711403,0.29330039570925404
0.15957312051458328,0.17517228515694105,0.008790585052775133,0.034958361834341985,-0.21960259208650715,-0.22332094836530486,-0.08355764151289877,0.2289718694961047,0.25770357685033046,-0.006464752293432394,-0.010629703015011113,-0.06875405035307174,-0.05581378844147766,0.1077876976584861,0.05865340456589477,0.28755679591433736,0.30401083232858245
-0.06146840116079427,-0.04041285586912774,-0.0501255725299711,-0.09865044170134483,-0.09726310455083971,-0.12231001082027684,-0.4329778964357586,-0.4511017731351666,-0.32971275478306705,-0.057138793217224544,-0.10196292306916817,-0.06818718040413392,-0.004066931020141633,-0.09056933430044997,-0.06625485958721883,-0.01703571843492802,-0.05899331988208067
-0.007213991795595888,0.00809058138218779,-0.028633310803922615,-0.04264505680443708,-0.1351318147316289,-0.08286304594625243,-0.47961906842900615,-0.6177700752618199,-0.45761922627468343,-0.01734760838984867,-0.043590913352180814,-0.04599491044816433,-0.05744506785715952,-0.13311699944580635,-0.17812327609693301,-0.03737461534497863,-0.017122526952791314
-0.21424331624614534,-0.20681289621039506,-0.08466000309618688,-0.09229342185581772,-0.20558859022851417,-0.09748489683595477,0.034621149739986506,0.4728437451084951,0.4982009983122391,-0.08627480965323109,0.041670367477790474,0.124545286717463,0.06206452153483984,0.018522642945373643,0.07711317970809028,-0.09698562718613381,-0.13024377490839933
-0.20287757407324358,-0.15225200634720945,-0.09923927372751999,-0.05865667810301694,0.01733975149217117,0.06296430174031145,0.14297729801469827,0.15490343998577463,0.17418752716421243,-0.05735750390545953,0.10901268786780306,0.009669005730414248,0.011930551303586563,0.04936394444477731,0.11796848679398834,-0.46075765160817994,-0.3436168632076633
0.029897104777615268,-0.005740971772420992,-0.05620401137634652,-0.07453448066027356,0.018663590584575295,0.014782847763147875,-0.4056076366369959,-0.2932389306424236,-0.3418887471725127,-0.06857807758374612,-0.04517605816987238,-0.03661635196474924,-0.04464197772156346,-0.04920111450689361,-0.07539798658113323,-0.011800404420769909,-0.018641520583206995
0.037900012754768585,0.02665438052803052,-0.029417956415110996,-0.003962183325622526,-0.030987038761727564,-0.06052868124133896,-0.4500596259601958,-0.46049053748291086,-0.26347011091938527,-0.07693766593068964,-0.034588472557231395,-0.04812652351367767,0.0050043297870539785,-0.0023049273250410045,-0.10320780942541491,0.019282072883563206,-0.013493163676140923
0.006195743751149419,-0.0027137178584822866,-0.05255603458101361,-0.0104517264716707,-0.041922758960306984,0.012833327626777573,-0.44836884588955833,-0.32519002805743674,-0.21468882734785055,-0.0384195280688319,-0.022114272271654172,-0.08591585116417198,-0.05124220910594404,-0.04370122011992733,-0.03554479011145779,-0.0014713572213945346,-0.0366894357285729
-0.0028395292586866523,0.022295266590323826,0.016183725687579857,-0.0657337497909245,-0.08630485587898916,-0.08102482498814442,-0.4642665619157788,-0.5782927499039584,-0.38086732041946647,-0.07335054648887185,-0.03941115022733932,-0.05500117617477813,-0.0585657446142879,-0.05976518554702067,-0.07300897972368829,-0.046186203099168946,-0.02080219418072943
0.017263165602310577,0.033864580221211936,-0.06200622594878202,-0.01729906697166064,-0.03791632526603022,-0.003266572689265436,-0.4620726771293009,-0.7843400911189891,-0.5170273278309774,-0.03907350248502325,-0.03088961308985123,-0.01137573958449717,-0.037655173677750446,-0.17202419416557108,-0.10025684298308207,0.0059940839254777655,-0.03875219391256431
0.15771801481891842,0.13917222080407118,0.09108644295980171,0.0012772516002806458,-0.18423812214387997,-0.25038406688692344,-0.0822376449873296,0.2450489933588857,0.30580089360105506,-0.026609502954430448,-0.018241802081021392,-0.06912948624408528,-0.08670667713922811,0.1010958037077047,0.11433163425854426,0.31389811856758204,0.28150369827603805
0.0515313383376802,0.025892998862305897,-0.01010931495582679,-0.09068304886002938,-0.016874437022958374,-0.04548751796895762,-0.47856094314808817,-0.4705419689323642,-0.3825500198974673,-0.0978362845346626,-0.04423210309280467,-0.11239102792479198,-0.049195911980724004,0.06519135600648703,-0.04578897422072445,0.037177921806412204,0.02792924158498387
0.015831895740751913,-0.04254703233159403,-0.09137770233320446,-0.06286752777672097,-0.015856683983453353,0.009064192259804253,-0.42736239310017926,-0.285442767388397,-0.28393657287601953,-0.052663970151128885,-0.061389205458723936,-0.020798541679347044,-0.07083506050715274,-0.13452852866040052,-0.10419650399072007,-0.04657161574090097,-0.09449188715556568
0.005022143652159615,0.02632050019351986,-0.06011361988478638,-0.07245882858651252,-0.010180517721856004,-0.03313104714666881,-0.36758681123782355,-0.3490139495831652,-0.37572639800315605,-0.08600012814390007,0.015248044466395161,-0.037486635887062185,-0.0028643169873903774,-0.009485256526520582,-0.04932487945506245,0.0033607738459262063,-0.011932435384428215
-0.049367874668369005,0.044504960558222416,0.05673574545045905,-0.022294109727649555,0.04451135686798128,0.0032374959618169338,-0.4497662868338802,-0.48740167832464637,-0.44919009594746245,-0.041137511222705814,-0.03646151053538984,-0.025199717175411022,-0.04004305401031802,-0.030210766886680913,0.09605060744043914,0.005644416805558037,-0.030861482255439006
-0.024814820631023603,0.052472080727309134,-0.012597138715555964,-0.042747571430948574,0.024145780432727217,-0.01550582579571034,-0.40353580945730066,-0.3150097450376889,-0.34640797853848077,-0.08250534615533911,-0.08167576154773182,-0.04822993695479994,-0.032088901945741634,-0.023498337404927763,0.0060364860875335834,-0.009055289881637726,-0.038911969259564874
0.023539022187134304,-0.005063608267085902,-0.0223372202385075,-0.03859925657507137,-0.005830207186394811,0.023676993527882002,-0.5768212085716582,-0.38626229241626986,-0.27446273278240013,-0.06472801136665282,-0.04400567503700943,-0.04256671536556046,-0.04181679641260001,-0.005714990819711703,-0.051063308296136437,-0.05373019941202317,-0.015842213419447936
-0.010876635309529549,-0.0465622637096842,-0.09628198338365968,-0.10099043667954288,-0.12974114718373728,-0.0008034187683727164,-0.5127808597215306,-0.6715750381582176,-0.4379080842120256,-0.07606437411693653,-0.07361303164904508,-0.06663201786926665,-0.09401600481196043,-0.2126856399419909,-0.12054397128073861,-0.030662003078918282,-0.07584214786021748
0.03175131536135501,0.03264972323283645,-0.02696141658611042,-0.05452533509258635,-0.028592039227974438,-0.020191638150515,-0.5855936856218488,-0.3154338799486375,-0.260039393489628,-0.07409984609484449,-0.09327202625212958,-0.03660285780939541,-0.02327579790341063,0.008731394167781355,-0.07886887894541972,0.026320050055728218,0.010371210380894955
-0.0042543865745450155,0.001816231801395978,0.3357217644885115,0.35571400817675314,0.17056264390523745,0.1958848254698409,-0.1911601244404953,-0.07161097759543052,0.09494372011878816,0.2752728898521004,0.3801134688424772,0.24201354661931027,0.23028720088557644,0.23900055280300023,0.3038092689291354,0.17979314452376266,0.2054005703942707
0.03836769232116304,0.002700096471611487,-0.028855257639778222,-0.06974782227439721,-0.024432892338277157,-0.050525954276445094,-0.36237941348901614,-0.4173892555157785,-0.4674141472043575,-0.06707440913628128,-0.04528101430908335,-0.07983700985866676,-0.015075225250332102,0.011069475427981779,-0.04492582793009793,-0.016545006752370535,-0.030488556412395035
-0.0006908107748718528,0.059063857876635595,0.0013019450782725452,-0.11497129452605429,-0.09530949709352049,-0.08816056538849057,-0.4035303499277134,-0.550218393162006,-0.4037000374665393,-0.11141622162495406,-0.07397101352480222,-0.06895204619262292,-0.08409354108803106,-0.0743256531264662,-0.1086228202334522,-0.02022372459160244,-0.0771396141416824
-0.06249066305888376,-0.04764833133319968,0.3122510687903736,0.3110749587187435,0.14573420547327293,0.09175477143377979,-0.23024565036705102,-0.045498465744284566,0.05385634148101819,0.2533486645641399,0.31110308543520493,0.2014507869575789,0.2080698802933067,0.27518360530593305,0.24071472828493015,0.22362191990643746,0.22066657198730505
-0.012104678453418862,-0.009364450691572315,-0.03784876422891747,-0.05927830803012135,0.04810510789409489,-0.06493669597078579,-0.4708093129923237,-0.7051146030944658,-0.3989676454144642,0.04363784823930096,-0.07343339605941993,-0.057685408810378924,-0.06911080881443529,-0.15574375003219396,-0.1427694230704005,-0.004873468985411427,-0.04375519125387146
-0.048239332319924194,-0.09069247462492555,0.30097120441054165,0.30685169222408415,0.08029964856422694,0.09729149258474176,-0.05346480024960032,-0.011022947415781664,0.10579982485991452,0.2615958947401872,0.2567318074922042,0.28080529842652774,0.16382602775525784,0.22760095230873592,0.2987745088524816,0.20650563468465052,0.19384176673264897
0.05528502245590362,-0.01246969732392124,0.023336237039768257,-0.007278211537875074,0.049024479586967686,-0.02859029641914006,-0.57457941559119,-0.5145407386164866,-0.23443290878381637,-0.08177323137024399,-0.049924435598100544,-0.024563773925045367,-0.05179280678728863,0.05824114819413498,-0.04060930451788869,0.012337584924064693,-0.02449838397020396
-0.013234322383082895,0.010643674102870435,-0.014299317202292716,-0.07082656100133211,0.021229735374575603,-0.01628470197862938,-0.3384653042505862,-0.33885936944330874,-0.34181823827421426,-0.059656812635485224,-0.08011140606144611,-0.05987071792933039,-0.05141395322782565,-0.04425983281616671,0.03515890303688274,-0.028962646630164617,-0.026877339210627404
-0.03412929162758368,0.00913187078595207,-0.034355689130954964,-0.05833652997388615,0.018546241300719375,-0.0026805214335079495,-0.42450594793405005,-0.2290004244528971,-0.23333521492661607,-0.02293154730280567,-0.0400026157156143,-0.06489561962818473,-0.09430191540372918,-0.050908806748242795,-0.04972698492180942,-0.01206439409721028,-0.06057254827356715
0.006647653945537955,-0.011566626460923615,-0.05246782181012401,-0.03773322733182739,-0.0018646383754992485,-0.009260636958876451,-0.39071078617495125,-0.39808258738501523,-0.3585615082163665,-0.04834404194590238,-0.03650316457192022,-0.033928406196749555,-0.06694910629934817,-0.06399295051983925,-0.07272040247461015,-0.06578387658818205,-0.045862007630395156
0.012967301156127752,-0.019083545032330663,-0.10084556907234041,-0.10700117699697186,0.013720261458762779,-0.022928593809627147,-0.4003906674458818,-0.3299048063023681,-0.4727957278725154,-0.031877189021722784,-0.04330505491172092,-0.05245379672677134,-0.042804997602074464,0.008424757397123514,-0.0897985059065445,-0.012507894032562257,-0.045455815368337205
0.02880024816243134,0.01410034920337805,-0.04075539630415423,-0.08934331258444576,-0.011540385255378118,0.04659373905042878,-0.47388720405509677,-0.34057011566788115,-0.22429050058781863,-0.04451370742832862,-0.020691531353307608,-0.029764383359524273,-0.08180442760115147,-0.04610962842817292,-0.09185414011175774,-0.03135256249760335,-0.006574559234823202
-0.11869443648984641,-0.0823516117377853,0.3346232571367444,0.33965806135891047,0.05326525005209472,0.07750609043470927,-0.10348775083955758,0.07217076324858213,0.080688571210218,0.28090583546901454,0.27723346626077244,0.26784611790593776,0.1727831037890109,0.19788648114704008,0.3197105504996543,0.2129481056385945,0.17391325919841955
0.039623813304359864,0.009142048155646863,-0.06192421897005336,-0.05135925290039773,-0.026849152704465657,0.03860564929024992,-0.2930773366995642,-0.443803908640667,-0.2603436873266907,-0.05440097668851117,-0.02883156233055187,-0.05990614581882398,-0.04230869359537558,-0.005172895006842155,-0.09054159683514748,-0.0009933075928293179,0.004555347976266434
-0.010292476517721295,0.004842734420254351,-0.04956074187546176,-0.08574577767006386,-0.09992665242541808,0.015186811474601594,-0.4434378844214618,-0.6273815752480604,-0.45457068717023946,-0.0435623760320185,-0.08159579467740626,-0.05404250001726834,-0.07737352142154647,-0.1316164628066335,-0.061870266429271265,-0.034103456821434563,-0.027092000676641272
0.014079926675122487,-0.006936177485243444,-0.046643002585347294,-0.06540163054649636,-0.03998322694253223,-0.02897344830733501,-0.36804211805006054,-0.5620671496508044,-0.3399971759343209,-0.06395150237938751,-0.0381764795959012,-0.0811213859918605,-0.06569356022493707,0.00026334722024541027,-0.08039802582000306,-0.015218598094676431,-0.005273175282110896
-0.010226377750081785,0.023428923337189506,-0.0875442003994181,-0.018846846970609503,-0.06958487158246142,-0.02290359869307279,-0.5656316773187887,-0.6331400252256577,-0.4457500326473144,-0.0927317832611035,-0.07070318501779807,-0.041702085558977905,-0.08878084980856794,-0.13600365829996006,-0.11082265089807451,-0.02011510559459845,-0.04635220610160383
-0.02012845239932138,0.020047738339341918,-0.01858748233222227,-0.10763290634892288,-0.18361762844780039,0.03342503482130138,-0.5768081140778284,-0.910576560874215,-0.517923568325016,-0.012098049481572509,-0.08316734670795847,-0.06421000357664111,-0.03230041789812804,-0.2297127450044257,-0.21416752759532146,-0.06820291453374444,-0.07193929347617592
0.12279779772751845,0.12328104958743061,0.058523608480253626,0.01278306531342283,-0.20746180505638584,-0.14450328199462517,-0.2556950190786289,0.1912355754687578,0.29743111092657265,-0.05624218358836378,0.04683874082751076,-0.10896567605569206,-0.0465052987179899,0.12235205725941749,0.123345194467145,0.29313401872737016,0.29292913773894935
-0.03425671515462873,-0.003105814310275133,-0.023310792101844894,-0.09523575885155788,-0.19042330161064644,-0.018496233113668645,-0.48832437896931413,-0.8369579315979574,-0.5386658584963856,0.016316060369456153,-0.17413834301523604,-0.0035174780205847744,-0.0580023907188688,-0.3090853609101042,-0.18309648789160066,-0.010537545623571986,-0.10723200190617854
0.04041719716498436,0.02552066142180036,-0.04718881787891359,-0.011555974935681768,-0.06469979979143951,-0.12061276447839998,-0.7401461335149867,-0.3517202880141013,-0.2614225744243962,-0.11347555772323192,-0.025405758908014178,-0.05635349604847167,-0.009170443282216325,-0.013822606694151965,-0.115982537305571,0.01885311198392231,0.022042860060788337
-0.3905566986273322,-0.4028099713604485,-1.1291897485167006,-1.0286248533090887,-0.8164459623837914,-0.09955635066907184,0.11632545699225294,0.39741328697290584,0.4103555809337586,-1.3051215083688377,-1.5075625145094815,-0.11730381107597262,-0.08782267729871558,-0.20483309748592532,-0.18359870169576026,-1.0131451746198838,-0.9764376300272395
0.017476257955838546,0.036934545634016505,-0.026346267221617457,-0.04661246243369872,-0.07120522792618705,-0.014007118019079126,-0.45170543748589675,-0.4367283246433029,-0.2585442501895592,-0.09092368303708563,-0.027207761879839143,-0.05252761193163465,-0.05106827281876012,-0.06179774269256847,-0.0720075677472978,0.02400789543563431,-0.04174381009614533
-0.007355867133308472,-0.019835898515696726,-0.09515542879135774,-0.05662205402902245,-0.016824326709411162,0.023469526831897687,-0.3190491033034406,-0.3788383450516408,-0.35872695886451283,-0.021574929596669762,-0.02335545235202054,-0.08164459423845281,-0.0691391388731685,-0.02215669066208329,-0.012244989179520209,-0.03827356193480195,-0.04356355136543234
0.05349214066607744,0.05400551567652918,-0.006958378008562833,-0.05630567487435824,0.035137201737042115,0.012524396104277231,-0.4497650712157995,-0.3526128608947484,-0.2847481999052771,-0.04028647196931641,0.0052751105313510955,-0.11072777349159935,-0.06477601503707885,-0.011027213620319833,-0.060404344198667734,0.019994166840853568,0.017997008763974927
0.0068128575806123415,-0.006769390756290299,0.0004544600043296424,-0.07460907137406768,0.009895007352501142,0.006434121663363904,-0.4069733402265322,-0.6816329645089121,-0.41371699958140085,0.019730758302331453,-0.034665856266961254,-0.0422718989907983,-0.06658331812326934,-0.1341037118199916,-0.125246415532364,-0.004908760163979815,-0.04742492188909659
-0.005135924013922326,0.003973706980284155,-0.02983358941378943,-0.05381470241726094,0.0008212112522796236,-0.04585794019721049,-0.5019083549014767,-0.29134449693741205,-0.20692940776015376,-0.018843843397475815,-0.05838756092302492,-0.047855178038218024,-0.07678365636423279,-0.025531027550093986,-0.0210502712342897,-0.03751847570362232,-0.030469192187127864
0.006596586029408526,0.02618303971525009,0.02133981216008461,0.006041202194086839,-0.029334055519121778,-0.014118525286192795,-0.4624262930759377,-0.3993513275993294,-0.2869890583240428,-0.029550248311349316,-0.030035840428923016,-0.12344562708604538,-0.021333728026179027,0.0050940092694160555,-0.06352487571367599,0.03602832763852689,-0.0017150085326732725
-0.006087047897029287,0.018869066810658124,-0.014538620823306963,-0.08152240756129339,-0.03623923966719174,-0.012836829895915563,-0.4575192983389831,-0.7559698374796386,-0.47724874739958706,-0.022105822898287844,-0.09109210914202746,-0.06107870600245918,-0.029042830886239646,-0.15960476638845078,-0.11355259464999232,-0.04138230763186712,-0.08061649968782919
0.021679978235838542,-0.020312471794353165,-0.05947901619354806,-0.03158797319723987,0.00845391091834799,-0.01770118662931411,-0.45426903853661027,-0.4812754032024188,-0.3717342693368453,-0.08314019942084079,-0.01485086173708544,-0.11499509876208075,-0.059230433249332075,0.004329732465290549,-0.09879532996463826,0.03242880536036296,-0.010106975192012627
0.030013546247635553,0.008802466841384466,-0.050011080713485,-0.018055192413194733,0.034093646693005755,0.0159075365590257,-0.5606879109791079,-0.426070502263679,-0.24627757422801813,-0.0634480801217298,-0.007564863988248177,-0.0693645874622693,-0.03224416770104669,0.02167089851055328,-0.02960169587726985,-0.009950277137707492,0.0020740609699806305
-0.003941789801052759,0.019993195180314866,0.024649620631032956,-0.05532182859615773,0.14450569919774933,0.013122533397694053,-0.5336248198271176,-0.6611603467839807,-0.5106196051059968,-0.04793160419499477,-0.020042813612196765,-0.07049577122413919,-0.04800879108513613,-0.11936304885276469,-0.09325093370399268,0.006230239629715153,-0.0016214049066935767
-0.020547220300114067,0.004900981323576367,-0.025337624573715915,-0.054417128518009165,-0.08448613255499253,-0.07408901672389973,-0.24784280173215908,-0.3942165474046053,-0.34644519083111697,-0.07336546691905678,-0.014993022656506622,-0.07190089040546571,-0.03192364461038907,-0.056109056996332486,-0.06760523549047016,-0.04559947300805995,-0.027078644053107035
0.015803811973603147,0.011079995337070297,-0.03460885371422318,0.006133637286781189,-0.004560372214463587,-0.00012639019672863025,-0.4357428094975705,-0.2941716736513883,-0.34009680685027266,-0.05978014122523149,-0.0453293088499293,-0.06467967379990601,-0.012447790003204074,0.009769885837464643,-0.10877853956593153,-0.008570750586803072,0.01092640742522914
-0.008694879901438617,0.04542213653057439,-0.005776826060005976,-0.04756382530779228,-0.042756827974220674,-0.03283474424843469,-0.662052986539408,-0.3685423106116847,-0.29378598555706587,-0.059986438984948355,-0.008752082981727888,-0.07633880067509177,-0.09059359581777297,-0.02152419196680998,-0.05423410103490413,-0.024248865819328103,-0.02096001649845242
0.11942491124570791,0.17422400139956923,0.12592021529005035,0.0762526970996537,-0.2006827234564484,-0.23070333848761346,-0.042993698604602476,0.3116013572110564,0.30916839174389277,-0.022468799926474225,-0.0076905040092677115,-0.031109590002292516,-0.06150384455587506,0.15716633618842427,0.16544241718130204,0.3171357220563675,0.2732530476464949
-0.11711251994551673,-0.15878533127512406,0.3228684051385097,0.3344069081695734,0.12515411102328347,0.09436522406443691,-0.188480350643615,-0.08753380883025717,0.09450413347922591,0.2956052059625258,0.2949780890747684,0.23981229187184774,0.183731548211815,0.19186399216804112,0.22789163912189378,0.17290500066903475,0.2140607907462796
-0.04088749025138105,-0.0696248045118267,0.32845372463813904,0.2749881852758496,0.1323405109946202,0.14274359083144778,-0.03520867011385839,-0.10362882393411962,0.06626837060668851,0.22503331922624523,0.24476354411698112,0.16553700409831193,0.1964623073086554,0.2639844340607028,0.24752095443149089,0.19584691441815982,0.19090401167290771
0.013937545358985507,-0.03475251591800341,-0.01380235161259012,-0.03407679459643152,0.023411069639511315,0.0168829643888632,-0.48596946600545066,-0.4658932308168648,-0.38018675813473424,-0.018261533881365796,-0.004078751234331866,-0.0006156453837652874,-0.0492276477956381,-0.03631573366249956,-0.029497495910273726,-0.03579242544573687,-0.004027130706310863
-0.0987081668397074,-0.012234450561034997,-0.023114308716948324,-0.0654451568778109,-0.08909727227744073,-0.05357863872546747,-0.3928905062493049,-0.5724370880143843,-0.413189504952311,-0.100019263902184,-0.07810251168275188,-0.048400460272225325,-0.033545420985467624,-0.06663632344403925,-0.08179375609386859,-0.03500466701148308,-0.056778057149444436
0.012314300656154778,-0.009462714033750557,-0.042164240691042285,-0.07561510310023982,-0.01609774823198231,-0.05988710001085399,-0.4313346611850971,-0.5811438396917017,-0.3566091142926976,-0.06160652514234697,-0.051605058473190926,-0.06747169341630817,-0.07122804694287008,-0.0861799501237648,-0.09781247561487437,-0.006883349085033988,-0.06736631581931853
-0.029821785715328758,0.005199990620345345,-0.05667121032033217,-0.05969939696136033,-0.04920998564695713,-0.09179044586476733,-0.4869081348105082,-0.42928776264335416,-0.4005170539955567,-0.06704384804359953,-0.04713640840746682,-0.04291338059596389,-0.011304543837165592,-0.036706333336315754,-0.05872193413352362,-0.04788005694976776,-0.05817626689156469
0.12810237227072163,0.15613461484034588,0.1056388840386833,0.014105981678605582,-0.20178821500416988,-0.2036448811239448,-0.05439960177139139,0.2860280718957211,0.2704864653277388,-0.06507761647013395,-0.05878434517949194,-0.0603471024992435,-0.09300124103659546,0.1148180428223516,0.13464526948440378,0.2945445319548624,0.2860669866060277
-0.04273246718936041,-0.04766783971462869,-0.21718419848533962,-0.20980032313242547,-0.1593337350214985,-0.08516815441362502,-0.022927788803481147,-0.9663031863506889,-0.9006562513827514,-0.1674982761978113,-0.17417543120090595,-0.2058081082767477,-0.13593341865306785,-0.13730230479328384,-0.15420514664422266,-0.3588563599904272,-0.33970261314204747
0.010275014143629718,-0.0047846461539558785,-0.032134806497597194,-0.04211767815908237,-0.02783981641933514,-0.01058883404664069,-0.35544160581930806,-0.3749394189674239,-0.23182786987828927,-0.06626950564703646,-0.058143342521212026,-0.0294153676804341,-0.037567673284244193,-0.04914008833699794,-0.08985697285551672,-0.048182180700190445,-0.025446475735421525
-0.04885372202378616,-0.02711679868772752,0.34271972308841064,0.3592192322217878,0.09218263764718788,0.1584979025979649,-0.07833944857332786,-0.03003933319593532,0.1343536916449127,0.2955609345132191,0.3184339931583398,0.2436528526088961,0.1971111953398981,0.30096869897573014,0.33231553027400546,0.22303107862712596,0.20490190222603097
0.03159738548387949,-0.006832872857893576,-0.010857823329409553,-0.024406324792776435,0.021184596016283842,0.006675207920946935,-0.4035342392591288,-0.3235784304230667,-0.35849762147268516,-0.038459732962709325,-0.036397217025734854,-0.029330969211181935,-0.08696484628609877,-0.04185209887791903,-0.07036764990060337,-0.004145577152957371,0.006626049951540455
-0.006069915704434,0.0002020561608705039,0.01931136259954649,-0.054989492894376775,-0.07830749954133795,-0.09869520247997063,-0.4448424446258926,-0.6642669548083723,-0.5298657634782521,-0.12392879823334399,-0.07250347984322178,-0.08499406921520124,-0.03852088767864886,0.013384960872611273,-0.08863061912250687,-0.007015353576657978,-0.038083286563828686
-0.4156020093592017,-0.641271999683544,0.20918563301451137,0.25439835726041427,0.05214385776526875,0.0527639281236976,-0.26878519521289423,-0.07382598936877825,0.049104299104013475,0.2374442667358491,0.1693308242424584,0.03297520726943065,-0.028048056597345893,0.13770155492967526,0.20303392364118533,0.1630828498488864,0.12372103297755643
0.04292265405345865,0.0020625132530734534,0.032260725862064694,-0.09552629250735445,-0.06076368240707874,-0.036001706666004565,-0.262757477165535,-0.2338847194140513,-0.11283898240785961,-0.07300100247725703,-0.024289732952379392,-0.053409599157367975,-0.047622017568291625,0.06773037344836734,-0.08240606424768371,0.013898122738411267,-0.006405939832246611
0.0278222015454731,0.026181728979924594,-0.03256701481619747,-0.04790095513306432,-0.024826325301551728,-0.010321343220296113,-0.414647170331717,-0.37850364590034147,-0.423230368832955,-0.033801126923839346,-0.02399918205029773,-0.061390640873409195,-0.07208838403888933,-0.06617215717207665,-0.056645355635877616,-0.004086626830365844,-0.011358077791386137
0.03973810800433328,0.004941386745458777,-0.03003114908039084,-0.0752090963620366,0.007183804626626219,0.08154873685171743,-0.48565972080793895,-0.3523730690168664,-0.2213939367320699,0.027610032504745304,-0.022266793648547875,-0.07942500787318567,-0.06208724486173647,-0.07594668714554483,-0.056616349332758074,0.013526979988444283,-0.025259335484742185
0.05086756606024225,0.02011589982695418,-0.06154654209331646,-0.040258811443081376,-0.06856570209255435,-0.023144101484007036,-0.4634521278016454,-0.42438872126685545,-0.346667072762475,-0.12386739154017788,-0.02185367108097508,-0.08348510205791553,-0.02319887691936934,0.013635941071982557,-0.03561757600796136,-0.004718843206232773,-0.021073910302351402
-0.028996508196212644,-0.05204224267796178,0.35937259764642604,0.36322897153212,0.17140675893203827,0.1504978235815039,-0.06841000006820591,-0.11477044248128723,0.08780361726674042,0.2766468551025314,0.2589125797515368,0.23172475991060618,0.1874715404818932,0.2616505778083379,0.25262917796302775,0.1817935731850211,0.22316483865629588
-0.024491871486997312,0.017940525905044875,-0.012359523996286573,-0.07691022620481683,-0.11888521765378557,0.031194968297331586,-0.5417981394608177,-0.8534870871581519,-0.5756895796823489,0.0617481879085652,-0.07551346385020288,0.009723954898671115,-0.001027926637286785,-0.2728433027421104,-0.20020858514887083,0.004509924427184104,-0.03598459178595378
0.03152221829096824,0.02744472130873249,-0.06984160373468319,-0.059378063929064986,-0.0645084678676088,-0.07600098697586741,-0.39016226272896765,-0.38912756829615225,-0.44571982036692387,-0.04966080488315827,-0.048636382865600174,-0.06781830042385185,-0.0365880321995515,-0.018811220965956315,-0.03160980863759218,0.002608580861836275,-0.045271330957983594
0.028494046989096803,-0.0023156994842325456,-0.03589890689991411,-0.04248946878649164,-0.008061614523901627,0.013042335203240262,-0.3003212050433606,-0.4337998680992165,-0.2806572790517109,-0.043491151026944445,-0.05833998726634511,-0.0786146870752465,-0.06682493504517652,-0.06327084122848863,-0.11493190284224404,-0.006048830750836677,-0.022811638020416795
-0.14600243982585795,-0.017351177032932277,0.004550081817408775,-0.08653498183219359,-0.005183434026167534,0.015315952910857928,-0.36891347853456635,-0.4051855755381933,-0.358874829539156,-0.06963523950400564,-0.06532833189917549,-0.07093843651836963,-0.019172245893584326,-0.029140130210032086,0.06792459225108656,0.12942580452128866,0.045343707973684255
-0.033426395837265255,-0.016325703942356613,-0.03950907148490538,-0.09752724825040766,-0.23849008145207107,-0.006907727004107045,-0.3985377162015145,-0.7995324939300169,-0.5872577757123032,-0.016774377991581168,-0.10827773879609709,-0.04839933904673282,-0.045168416895647046,-0.3109391939067074,-0.16551375914926642,0.005490957454747557,-0.13281838845183697
0.02309434532454827,0.05972988615381134,0.001541000269600179,-0.06293816828335293,-0.10651034338291536,0.010863595852249538,-0.5249076416243684,-0.5077719008303104,-0.3609221557014743,-0.03910334510286473,-0.02654266300209394,-0.04613712675178649,-0.024036156253204374,-0.044974483202288265,-0.09557086756700882,0.009059442627094454,-0.04673856482467225
-0.032245957738393526,0.029520211582266902,0.0034643975102171937,-0.04880465323440165,0.015491367375449589,-0.057652376031430426,-0.46286294172257336,-0.5080444155417271,-0.5207756468956252,-0.09307609575226469,-0.03412151877656148,-0.052734908933828345,-0.06279559067477608,0.012023713651738481,-0.035267880138315305,-0.021772562779156828,-0.014796895721673118
0.01137668465904747,-0.011599230996645676,-0.01969478669941146,-0.017311272940089585,-0.024261658062684585,-0.04541710805108303,-0.39902897569513435,-0.5494686060795378,-0.30175734968604806,-0.1184259190799568,-0.033186717789017516,-0.059703760122639324,-0.03360601337566409,-0.006208236065663364,-0.08185947874261014,0.022053983535685287,0.015486510274548898
-0.18698272462626692,-0.08844774727616969,0.4485322899783064,0.3882366684006611,0.07103999929152344,0.183560262224288,-0.0954983281917508,-0.004832343828965707,0.02817520481286976,0.2951148794365354,0.22793002767941387,0.17593488122117462,0.23719910672413766,0.23810772022153942,0.45758286119671376,0.2585783348776008,0.22704622658330573
0.07187805677010896,0.1658547121227537,0.05582823673594959,0.021568105391099948,-0.28466671223739437,-0.26887158834928176,-0.0833031233529021,0.22126689796206195,0.2637491465681033,-0.025629914019576816,-0.06533275853780747,-0.07169829087202628,-0.10516384515193118,0.026565012285234144,0.046165025385884434,0.28109307488958973,0.3030436740041429
-0.007117930461997052,-0.0009437414080863706,-0.014282278944714451,-0.04385921841521149,-0.04377060187979263,0.003390137389418627,-0.44910527976212844,-0.742711862272065,-0.5394183504949484,0.015273532987310037,-0.06526492339738772,-0.012579291785531257,-0.043309802973730355,-0.21183296889543746,-0.17062420859622326,0.005528810831585876,-0.07427314896462561
0.037857250668673535,0.008996129095858433,-0.049921375053276686,-0.10041975005086777,0.06896380405617991,-0.014695860634536206,-0.5919781557608568,-0.2319987593210351,-0.23843275571610342,-0.08343859474826988,-0.04524698947557266,-0.08460702204515835,-0.0912156426600872,-0.026799224822808894,-0.06553169140221386,-0.00617419196536496,-0.01791972215898685
0.06554064914758478,0.12247079643075091,0.057399609065390704,-0.011926750163750542,-0.23058648260244935,-0.3508474950782554,-0.14576447159460126,0.25923947487877264,0.30636316789037565,-0.08297477573354031,-0.08089242828537624,-0.05986413094228557,-0.09679272364015777,0.16450059709397857,0.12747079296392688,0.2788168256211854,0.2967355693796096
0.00028478683222349843,-0.013628076145743037,-0.08199810427287406,-0.06630540789862094,-0.004920897627472799,0.031658143150669574,-0.40592368691170533,-0.480099941704886,-0.3528735411990356,-0.01612662910561558,-0.019412925950142056,-0.05924263884040498,-0.03630828701811265,-0.16179148210889369,-0.12163470108903911,-0.035184550799731734,-0.01929880534425797
0.03830163757185666,0.009253766344695956,-0.06451193619740056,-0.07489286576557394,0.02732642462522599,-0.01594353368083738,-0.49580950866475065,-0.46501649954814106,-0.2894659054374277,-0.05114694754727986,-0.041156311657945935,-0.04117535482272748,-0.045930110718832406,-0.06083634636566924,-0.0510691236847719,-0.023854742411541924,-0.012139179901199932
0.045883106610371156,-0.001076204379321423,-0.06846393080498125,-0.04935436754225323,-0.09301462870074395,-0.04447836010300277,-0.4329801094115923,-0.45129113555004297,-0.24591694342778508,-0.07397784581699152,-0.06328713340631743,-0.014623015400679838,-0.011756421619380486,-0.04896192133632211,-0.08935048661473609,-0.016969351422874607,-0.020774585608076126
-0.025474268967057234,-0.03037835106672393,-0.1313322037082316,-0.052140295450126474,-0.20118886342763573,0.011244822670566926,-0.49641781524535106,-0.6500652492334068,-0.46396289283427716,-0.04104611952897452,-0.057287670515411754,-0.05061942223774634,-0.04239925303058349,-0.218184258368156,-0.11799988008461555,-0.013526859870289596,-0.05323776739644555
-0.01914435578840399,-0.03023453252897734,-0.02608723739564724,-0.03513698841236711,-0.09767200352537153,-0.02461248804181687,-0.6009971833348018,-0.6076552781110011,-0.4625503052877901,-0.05060697918117277,-0.10465512803837136,-0.08458356120940524,-0.06739758270555878,-0.13029690424969137,-0.16825002483318116,-0.055823596107987226,-0.05020781409873065
0.016014616441028195,0.021991502987056023,-0.09459399911040854,-0.07412153139380376,0.04764814680887289,-0.0005665220793646572,-0.46824716024427754,-0.5950656879442939,-0.32729740116471623,-0.03964374732709078,-0.0428076556189133,-0.08073497930898892,-0.07557634321285642,-0.1265674773277895,-0.12210423991635036,-0.006942465265434463,0.006545496207853864
0.029356582664447777,0.025687154660938384,-0.07071911679105347,-0.07507771224291757,0.08266516501081894,-0.008440977893800257,-0.678184065687637,-0.5026309867520148,-0.43020012324261736,0.016172378966763063,-0.038726804757981056,-0.0291829019060727,-0.05347496105145978,-0.10754758165848065,-0.05346217296200856,0.007751539093189067,-0.02142360201696293
-0.06546762421411922,0.07483752159665341,0.013681431693019531,-0.015305739628827503,0.06732659449883506,-0.005376316815044392,-0.277559405361064,-0.3516697853486723,-0.410426659761931,-0.07112651532466634,-0.03477299380594785,-0.02985793566533894,-0.012088958529345183,-0.05364190247661394,0.021611393609387037,0.010230103171234926,-0.009696043154078219
0.03408489989939677,0.02358207713597532,-0.041022400331351995,-0.06077449687674414,-0.01729167363131142,-0.011230670615565812,-0.4930508852317281,-0.3595455678629225,-0.1365284302945264,-0.03970311908426877,-0.01947117265064428,-0.07231094659779744,-0.055160303686097756,0.0038988045756389845,-0.030540596309994023,-0.017647834877283306,-0.0361809607766501
-0.06760734206556032,0.008315080081149371,-0.0008303378459557642,-0.027091625721023912,0.005471338804973185,-0.04265702203746857,-0.34443270181662655,-0.47546131105719136,-0.40796376350891145,-0.07476766388061679,-0.06876164755567482,-0.06503027418861722,-0.04581846560617268,-0.1302314252106209,0.04401392689510966,-0.007860406571105358,-0.026255893769270067
-0.018517526001056734,0.02766956202935826,-0.021677241202774054,-0.06382162014809867,-0.0016152513284054316,-0.053189551134880844,-0.5648164290880263,-0.5721010784652312,-0.29424330658125003,-0.051920733479044655,-0.019369713956156165,-0.12837428077664575,-0.040155327219173954,-0.051056504000028244,-0.009127779873145567,-0.017353813647713448,-0.011943915020409321
-0.22267509430231835,-0.3406687582246486,-1.0153953707629475,-1.0306000846175685,-0.9192592664777647,0.13522120210205918,-0.3451313244091089,0.43218777059944646,0.44591485718207835,-0.6377457126202307,-0.6346794357283355,0.08165699707000455,0.10423812398684673,-0.13842041893832188,-0.03610438474518943,-0.7803962741039303,-0.7382119617206996
-0.15543038091143277,-0.1305682876835401,-0.12795454601715112,-0.030949461644647007,-0.02697747119217388,0.08131763537131209,-0.3745753991640322,0.2306647514116182,0.24009332438714134,0.0033113316714516497,0.00844819652617943,-0.05996928184877115,0.04798920243842671,-0.0015105912502089655,-0.00722160756901903,-0.13509691676811927,-0.017256461091034403
-0.007942279889152764,0.0006171617704085269,0.13551973002960604,-0.1011186176207075,-0.07836005055916394,0.02270659431417412,-0.6498436477055574,-0.8489232295962953,-0.5870619170946492,-0.03968642054773502,-0.11184077259254092,-0.031918771352496385,-0.025737937457439453,-0.20724448322873884,-0.12769593324384637,0.04492707299492526,-0.050087418011548
0.023057062322416604,0.023465717883345453,-0.012235503119969491,-0.05073893842589539,-0.018146796428058148,0.01438510063610133,-0.5249116171798097,-0.40316478522149185,-0.37837357746835165,-0.07743394620296842,0.022382717351369662,-0.04265373869004918,-0.03958886964283613,-0.0038581151796267753,-0.02963246067994229,-0.001771676216390526,-0.01747751290064961
-0.04895351288891062,-0.024842180219849092,0.029275562660164362,-0.11810297846320135,-0.1610454475495439,0.029444730594816615,-0.4800867987211753,-0.9883711567057213,-0.5384177517871109,-0.06469206227421347,-0.15541762864215122,-0.07212637104690571,-0.08089364970507312,-0.2666387437126065,-0.19490222705773694,-0.04890453336247363,-0.0982025159948431
0.014307692833190196,0.0005971587369250868,-0.10590055285796335,-0.0785211621326647,-0.07268458295519327,0.005217000035669755,-0.4329750124256929,-0.6029363796314458,-0.4873266241657902,-0.013156919216106821,-0.01749889672413314,-0.021683324371378734,-0.08291553110824397,-0.11658894464365284,-0.13310398661395773,-0.04141961232056714,-0.04326643717668933
-0.06475863064305162,-0.012228349675380315,-0.05999699153605524,-0.045465171828845415,-0.11398877090837187,-0.05569147148522879,-0.3922466943948563,-0.5449292198329092,-0.38651036821321083,-0.05272973616332638,-0.08333337036686878,-0.07517779592648917,-0.08701343531578748,-0.16935494059571457,-0.15798732593655804,-0.021640042383766125,-0.06267458694931283
0.15038125523417073,0.10990190473722568,0.019807233961221346,0.028130892976854734,-0.25182795258304586,-0.12307049498408215,-0.3231408000212976,0.2566536155058359,0.2584993085536415,-0.026438472932973283,-0.05714222331235442,-0.14326098683217298,-0.11003973697206101,0.13497726499707177,0.07877391717342924,0.26102201014714393,0.28291237983266115
0.0006345152639554438,0.02571505305499076,0.2984110375457987,0.3340074755575036,0.06878759787734769,0.1666272749350876,-0.38976687673683136,-0.07353601222635485,0.10537406847443538,0.19672317975499456,0.26715166457405126,0.183484400573767,0.15774055030859002,0.265885831566187,0.2916604277175902,0.18597788102434065,0.18881908853374177
-0.09506006155627415,-0.13343156499216374,-0.2903910789379246,-0.4322227118400496,0.14714825226854963,0.06533607606014577,-0.4859719930192495,0.2797246944136112,0.3242877025078487,-0.16533779919702726,-0.0028325602222810885,-0.08646031335626914,-0.08558840324223434,0.10890285189938194,-0.09204710031182345,-0.03972249117078896,0.01425195712772785
-0.03012481877338699,0.0669800086931544,-0.09259708562747009,-0.026531593519192268,-0.1497350471949851,-0.05623256619590598,-0.5661756080003344,-0.6325542404542734,-0.4489968276241543,-0.0982765021950025,-0.0805279601568256,-0.01097581508666379,-0.03634599083525273,-0.1794518527904181,-0.00972306232283192,-0.011918587248528073,-0.038345267175158994
-0.04324527730582037,0.01826726719485064,-0.03138808888785619,-0.10344675654088253,-0.13997100060956683,-0.05575514477949478,-0.3506047668237858,-0.6399655233910326,-0.5366545640494252,-0.1233983111481623,-0.12979652847604625,-0.11137799118849238,-0.1288799049932642,-0.15114386528359922,-0.08734361425364079,-0.009307205104595668,-0.07452158360407733
-0.013880802897139485,-0.017519874414441007,-0.06309939289009402,-0.041708851133734334,-0.06572747770969392,-0.04871133054546839,-0.35162357701905134,-0.38947694643436775,-0.2226449707117856,-0.08577447183467994,-0.017309228995740496,-0.029457829906394385,-0.11342927544107073,-0.03220125645312315,-0.09137750419864225,-0.03729243133935255,-0.0517821860737374
0.019607149171703826,0.03313060643065401,-0.041927453971399166,-0.06338338347173714,-0.0418316161427175,-0.06393217411022066,-0.5100547688618663,-0.407543384517064,-0.27129265842230793,-0.059514252073323795,-0.014163212300556083,-0.06588171434290543,-0.0396253837127695,-0.05857522099509519,-0.10030316859511791,-0.009501624883584256,-0.01912141406790649
0.032860980986770864,0.01851575386676763,-0.06764567579732697,-0.06643094269642343,-0.05943133275991856,0.001338402013430657,-0.38460497862144905,-0.5081417605446545,-0.287197538663652,-0.04406233992580003,-0.018288499818773334,-0.06596117507093226,-0.008972214306525624,-0.0929842725168774,-0.10188533196943872,0.02215875001418679,0.004521227081492223
-0.12354085091260318,-0.08092469697472952,0.3591758615184995,0.3446942337954822,0.06466693029423859,0.07415433028863806,-0.04267104243240122,-0.03008611350402741,0.1029561955580164,0.28790293184618004,0.2968562188315412,0.20534765600133337,0.1708885167016022,0.24635087850292758,0.25630152282863605,0.18836817414448806,0.18864867607412786
0.016194682430842697,0.00821744539827736,-0.07334758806054588,-0.05819233446998345,0.01262247408991903,0.03616224772299611,-0.4235440989404155,-0.3571042250736441,-0.4037262294790582,0.017553132857782837,-0.07371268307302312,-0.031940211674721525,-0.027730818266273147,-0.05076426161920648,-0.0690998074473524,-0.04827682064749085,-0.049294843927603575
-0.012358375855549423,-0.05774254886376163,-0.13795545728105907,-0.10457057679873727,-0.1283267627464205,-0.09758294994033948,0.21975837166922554,-0.5898100741941791,-0.570918134508004,-0.1298725954854898,-0.06348492280288208,-0.13383951073456873,-0.10007474804967502,-0.005616919117159824,-0.018999780847742606,-1.303189822322825,-1.1282958417494102
-0.028095273199254256,0.013929467450434269,-0.07594908807090599,-0.04281473612697541,-0.06319627413310692,-0.12170460331290603,-0.48314107561830144,-0.6341952324092355,-0.4927240109041236,-0.07463524159770818,-0.09036551810993886,-0.046761475863617015,-0.004491512663719658,-0.1487042294440901,-0.14814328030795246,-0.03829191901735763,-0.02510664489849275
-0.07453487735719515,-0.1374082511456005,0.3356517119130954,0.33307324840248925,0.032520602687180676,0.06428834402086801,-0.1127457827842156,-0.08857890079385411,0.04074350112894154,0.2611536961151056,0.2398735741485323,0.20520853099295358,0.22263484155856358,0.29157564179733486,0.29498996311219633,0.22894111784606466,0.2292372033086307
-0.01991685219400579,-0.02389855245116706,-0.0474973396884169,-0.10857480125280351,-0.08545762082448749,-0.00018052455789767662,-0.556942259162248,-0.8826771110925664,-0.5006403971090398,0.062434915158166425,-0.13650693396222238,-0.03467523376271313,-0.054883363432801494,-0.35143840190555076,-0.19908330938414212,-0.015756095956369162,-0.0448102399582131
-0.2632754755091761,-0.2567181455170659,-0.3405335188715818,-0.254756023182307,-0.21546164381070657,-0.04648360976529029,-0.10083138961369154,-0.5011092053899844,-0.5510773857797474,-0.11341025421133484,-0.09092889128130473,-0.2823072533834346,-0.25531836603297686,-0.14886016876588382,-0.09265476811428904,-0.8805803013930663,-0.9352746651396322
0.0022399067122174415,0.01078852873269307,-0.07225656290070112,-0.0595295477267409,-0.1655264243957896,-0.07390088578097677,-0.6009914046433549,-0.8380350358201729,-0.5821583662614922,0.012869412030919517,-0.05651658439580781,-0.023606484402156517,-0.07927960317982069,-0.36478341366841116,-0.1503109147811785,-0.029958569604351684,-0.029287024093774493
-0.07469556569137488,-0.08518615146113408,0.32383349986546406,0.3343724459110073,0.1321747913864843,0.14893359822898336,-0.24187396393672211,-0.11499274561794148,0.018280600448425385,0.2944203154611666,0.28606015091344345,0.20895285602273625,0.22668035810735293,0.21412062791973316,0.2589297027616328,0.23064157626103401,0.21159682927953533
0.003015845333196194,-0.023247757195789656,-0.06566877286705634,-0.026723177009595606,-0.022279815591147906,0.03564149390358936,-0.3728809378962514,-0.5290443309835118,-0.4009549636069835,-0.026095690976401464,-0.04041064095274164,-0.0302689976130865,-0.028154081658335387,-0.12930854487988555,-0.02556564640426995,-0.018621117532912748,-0.041916992729662726
-0.10708957372979877,-0.10301522549848922,-0.19114962201211919,-0.1726179467348809,-0.07633184912268898,-0.015597888790765119,0.04985147092895548,-0.6022233360358114,-0.4339907783621057,-0.21179298837909763,-0.2087349441896753,-0.22594739393872168,-0.18485586099890483,-0.1639929223462992,-0.2023724837424119,-0.7038059124749237,-0.6782402147245244
-0.039590818514687584,-0.05293932786644147,-0.17199744752952825,-0.09965972039746823,-0.09686466943859867,-0.03504126340168864,-0.4793255219248148,-0.5694757268841882,-0.38631700317092055,-0.043465621597905776,-0.06955719686828397,-0.06418037460475579,-0.06860392822888166,-0.23617234982858917,-0.15719565295868704,-0.05195481903664612,-0.06892639903127938
-0.02216154529010995,0.03497530158294679,-0.05317440566289446,-0.038335056804729845,-0.06953377368422513,-0.032560672636149694,-0.4329794429080006,-0.6313459909168838,-0.3194188145566343,-0.039566527613611326,0.0019592194281305222,-0.073360702578706,-0.11072476830061631,-0.018118026542975636,0.0028751573317818873,-0.007101222345111527,-0.01740540335145848
-0.3226869406427732,-0.3967676072383086,-1.0779557051888855,-0.9960684093275142,-0.6582618984468945,-0.15068561511459042,-0.19686540778118478,0.407319729365954,0.4258154887775438,-0.9407211786422577,-1.0394987376007654,-0.05105649364871296,-0.05125270292812681,-0.189712619221469,-0.14224310249999506,-1.1254864708671246,-0.8877613792770837
-0.021893002154428416,-0.0017198377099696754,0.12195637101433938,-0.13997354715951893,-0.01768467407734341,0.04020937550720692,-0.4277048963777915,-0.8082072130289578,-0.48040128790200826,0.060130682076430124,-0.123100227012176,-0.020858667536591817,-0.08671898900075412,-0.20911097870181838,-0.19746421952677193,-0.008696757404985331,-0.11578543390128304
-0.027629259849149258,-0.01655437972481322,0.030518598674117443,-0.06956371893200347,0.15554199259858653,-0.0035309290763130973,-0.4372162500542058,-0.4105293854302886,-0.3585598897229658,-0.08416434781557285,-0.037349061425208364,-0.04565099428953188,-0.04320194278091953,0.09171970662735701,-0.07116024007902465,0.029748351950831153,-0.0014607330965163408
-0.03885882557087757,0.007006175415715881,0.013380283773147943,-0.07554749242079087,0.02366307607191484,-0.0010077662181072913,-0.45651960200740815,-0.7221198243577461,-0.4042162885496298,-0.08174708443675462,-0.1172610586755967,-0.03383580802433689,-0.08874255806974031,-0.009138764822908766,-0.09131624098465291,-0.011766458660784502,-0.025746386178538243
-0.14018601657518337,0.0013203805954615725,-0.47227677663040674,-0.5178905066929024,0.025804552912744062,-0.5155875678433282,0.1343337460382323,-0.6626758105555668,-0.4966564749628414,-0.13474700303863255,-0.02259729855294229,-0.029246603171430977,0.062019250561443647,0.23055745840828082,0.07137484835663185,-0.05649495368918068,-0.1099327667556451
-0.014801746183902065,0.0006831384130771794,-0.01956335268842752,-0.0059978554543826815,-0.08255033482708747,-0.04345405933331818,-0.353752206784202,-0.3381885501552115,-0.3138439828235405,-0.03750111047262342,-0.03045525461667063,-0.06591776600479014,-0.03135658025724337,-0.048356810900841145,-0.11292447110373749,-0.0050217297169913525,-0.06734340416683875
-0.19706031981559124,-0.21619779609142256,-1.0041762440197617,-1.2513864985371315,-0.4104616576057624,-0.2096230304312839,-0.5312335167289514,0.1540868455560393,0.33676132629283245,0.04206016042298188,0.04460877708157837,0.13206193041463707,0.12068041659183186,0.02172208549766234,0.03619837856310136,-0.17645888274277555,-0.14357336383651984
-0.0705499389020617,-0.11990746719682722,0.14937585758415525,0.10182684753817221,0.14521810136442206,0.13134636082190032,-0.2223105550247052,-0.09144103183078135,0.05030803377659817,0.18444940584173056,0.270674562139846,0.231278373934275,0.18257453762649842,0.3169738415037137,0.26787501699739663,0.21716055595910683,0.2279925299043367
-0.053679582797776085,0.028281393951113034,0.07170461490271474,0.008708940816806723,0.10661464962007176,-0.003506248021422742,-0.3874019533434653,-0.2717722702658308,-0.285107065507267,-0.07401866459128809,-0.06859646543587818,-0.05819524906158916,-0.05966945696164488,0.041490700340318334,0.09327932399963836,-0.017498772176530127,-0.031373410549688695
0.009558251258133473,-0.029659479575130883,-0.014431398926401912,0.0032930866937785526,-0.04911563166953762,-0.06576744092385703,-0.5296727075778682,-0.6324828222700096,-0.39747735405458895,-0.044521654734650494,-0.007811660372077421,-0.01896147991902936,-0.05516968271463415,-0.024773358373481384,-0.08877139182658139,0.05585778280570262,0.014612806909662471
-0.031039460805260002,-0.0003644385795598813,-0.09844486306786819,-0.020970467665691623,-0.17208881850614408,-0.13338750917460063,-0.5343454072116398,-0.4484730295030746,-0.3527650915945376,-0.027518377945745354,-0.026789004148680854,-0.04578032209447446,-0.06122835094950257,-0.11584856957587544,-0.13548503713326,-0.056323916530648624,-0.056165837251397385
0.02443012556408364,0.040078955587725375,0.04189929181600874,0.00010661147822165366,-0.06244752500632574,-0.04644807786454813,-0.6697044021185324,-0.6179412382985114,-0.385473072935033,-0.004591153021821626,-0.0252026512312436,-0.04517371587775123,-0.02970733473326858,-0.05335484101148827,-0.016540887263068425,0.0464450498255065,0.03662904932590228
0.12692262737655766,0.20013933130381054,0.07221739033029788,0.05043266059280734,-0.25507489767154806,-0.2779571558097809,-0.20440513676999902,0.22951570725356177,0.2853597227540335,-0.02856993607972194,-0.026613296237496316,-0.09723708282010324,-0.07787336556022212,0.15395409094697032,0.14661428347423225,0.3509748238276898,0.28138022738468016
0.009097399368722885,0.004850764848912055,-0.06825421600749408,-0.05327612818006261,0.020115306047281425,0.06298595513246635,-0.40592300257139685,-0.5723029911691412,-0.4519393669640559,-0.0650296144871077,-0.007075431166528074,-0.04662866479253761,-0.058650648127387836,-0.09419209222850419,-0.12909181517360047,-0.02495469016113273,-0.004995753209308175
0.007316592371866561,0.03855864265117732,0.013858914853832527,0.0044334991277946555,-0.045971948664054,-0.0345364514140352,-0.5799273319279086,-0.4482298586817466,-0.47713442184891647,-0.04515998812992403,-0.021502375591091343,-0.059708855052494174,-0.039371258063064705,-0.01797349081607528,-0.044294194964230066,0.008903150689945186,-0.0046805464914677535
0.027947595333974996,0.003217858862495003,-0.17233633724660902,-0.02239244406637488,-0.10364742850234875,0.06829826511194526,-0.7005858628832712,-0.6785600781354613,-0.5619303510029086,0.03780566713248323,-0.03543992031873824,-0.0683290656760335,-0.081420643509021,-0.20858328544042268,-0.13769527200524337,-0.0335903995195878,-0.0018903450576799635
-0.047779205593523014,-0.06644199014211645,0.2735586194574681,0.33891589048992626,0.1059233624895328,0.14534738726060148,-0.24170051468915016,-0.016853852096131137,0.1350515612194588,0.2553010853744076,0.2975940735208171,0.2811129547241329,0.17975625401260567,0.2520825280099764,0.25927002389800485,0.21187722147833987,0.211370747650732
-0.2201352425388775,-0.2572552662502053,-0.45381006175674576,-0.4405553549381354,-0.18253135525311204,-0.13724240861352618,-0.36002900792207926,0.17894806767376123,0.2373524248780551,-0.26171967585168304,-0.2298159532529585,-0.4120474771099662,-0.28911310972539905,-0.13821889000277524,-0.19236752485266598,-0.002626160791282839,0.031154261471201115
-0.07031156326288969,-0.07026827357923092,-0.49952496376235533,-0.39119320239011773,-0.1958658921082573,-0.1263838238735513,-0.2267513312270386,0.3563740930899802,0.370643354433854,-0.262323447450898,-0.22218203895757652,-0.3816064769313248,-0.34338015456304366,-0.15664563179188115,-0.19624970162983188,-0.016526991030190504,0.003921428977634557
-0.0077743334806727,0.042800624361625836,-0.06004886142501331,-0.012306822451294127,-0.11122297617838459,-0.05679428448949755,-0.38500680468274934,-0.40931651285238263,-0.3084699467356646,-0.024141705070387216,-0.03447615481568981,-0.03885311130395332,-0.0515125290641387,-0.09524006875191501,-0.10219208965248375,0.004824423508819097,-0.05282343069994451
-0.0029089649073534016,0.03872706174757586,-0.03904922529656698,-0.042216912326254415,-0.047843768802630735,-0.028094490665129243,-0.3537525856672389,-0.3589800506076662,-0.33971988599351977,-0.07133505692772672,-0.033785738611750854,-0.05159847894524283,0.0036402191484805105,-0.033877224416826605,-0.03631328524775039,0.011877790731168427,0.006548671162446938
-0.028789868857585704,0.008848163658846817,0.06533109008505456,-0.037414697192051094,-0.04015340407523217,-0.018622439602168812,-0.39516031097492976,-0.8846363450779005,-0.44640285775611416,-0.012056976249647862,-0.16529184378253714,-0.0379506645553946,-0.0838673882777356,-0.19680148748019788,-0.1958367579800612,0.0033962598505650073,-0.07992852419532208
-0.006766898931485896,-0.0028218946977283618,-0.06865805969645848,-0.041617876778001876,-0.11680946415665025,-0.04848251391803127,-0.5473669056322383,-0.6636525134810712,-0.49795257191022435,0.02221039730515853,-0.0687054464683028,-0.03674795611198015,-0.05923213028008783,-0.18335654249630945,-0.07628978236834073,-0.03257782933392934,-0.04884977889943345
-0.026600140912190363,-0.08241134961710424,0.3443154270157253,0.3188595712679999,0.10447421589710112,0.05184404942543576,-0.14108038057217903,0.05159277590476534,0.0966053634476956,0.3092151744260304,0.23199753645313725,0.19616113879657585,0.1901067601585941,0.2995852862972838,0.33377489810668676,0.2087799031482266,0.20031436439381067
-0.010047833827897243,0.019516390383294852,0.014827751201216684,-0.013719020712471571,-0.03042060880766978,-0.036431726489254426,-0.41038362720290367,-0.4536058908113579,-0.41637832284472803,-0.09205776442315265,-0.04543791707483903,-0.062427625582456084,-0.0404120640885969,-0.03844566209939365,-0.06071927896213932,0.0003584958701498664,-0.024940635622219542
-0.04030730122016184,-0.04095554489973457,0.3240317570091486,0.40836115191080274,0.019758030280564498,0.007261570556620584,-0.18247991090343363,-0.2164458033012159,0.03170304868568085,0.2747510194370598,0.2996383353184884,0.22997650298087075,0.20082882296795054,0.17579049354105036,0.2163520554836392,0.24515493807099875,0.20311901227168064
-0.050185556237468024,-0.15325198499976825,0.3628105084926353,0.3631827476251163,0.08700185043093095,0.1604697396138639,-0.11138695531543744,-0.1226902203172111,0.047551608123211825,0.2728391020162973,0.2778131449387605,0.21690023421376306,0.19038478771933068,0.15911882243589123,0.25008279608767264,0.20746453891811314,0.21219823663721615
0.09246113085043355,0.14955003041137202,0.09417709504723083,0.07522588654495253,-0.24436588448561208,-0.2223219593978917,-0.13726337644126277,0.15681258100340972,0.2558126527503963,-0.026990812336063437,-0.034495112529276714,-0.09838206492756503,-0.06341161064144618,0.1084005813057145,0.0974144168119697,0.324459608201496,0.2937645970222609
-0.2802045616678433,-0.18788466062531217,-0.5924955854466187,-0.39336421374213404,-0.3441024785276179,-0.28838558980872386,-0.2560438133341467,0.37242045553378605,0.32688211946665024,-0.2731078183961801,-0.29577147515264973,-0.32315072986234844,-0.4022021420167097,-0.23766751334339337,-0.26593483647290245,-0.082665606951781,-0.047762766637009006
-0.0035693301094779782,-0.001635023716399507,-0.0617214225897991,-0.07127086331708458,0.039950748175222865,0.010974869490060764,-0.4091525782611228,-0.46040633635649825,-0.40915997728474524,-0.03283409304368438,-0.03759730374041544,-0.07667214584324343,-0.11054523048370585,-0.01438339607408035,-0.04842954903085889,-0.0521758148217186,-0.026369647188030067
-0.046674803074080055,0.0005561539416439411,-0.05462796424435124,-0.1167342854553137,-0.09678042371176164,0.01896200110239804,-0.5672537099929271,-0.732474857499724,-0.49306507939501154,0.1154511105325118,-0.05897370606260512,0.0041478498033062725,-0.035478886451088695,-0.2602089905356938,-0.17791061464688332,-0.031534831595467064,-0.04212305614105265
-0.05720428207679826,-0.03911807228493783,-0.11491070648403214,-0.06038949565357538,-0.01543920445295369,-0.0319606079475062,-0.48637425278324253,-0.37654989985321197,-0.37249972352489447,-0.09981965387909238,-0.054548161408129826,-0.057714009689843186,-0.1511960366410987,-0.11961602968620567,-0.12350685032696347,-0.08940712308875103,-0.05685319092667887
0.0026386977304320093,0.02453910436208864,-0.04705240121848433,-0.03527226044790253,-0.06489758146954445,0.07062881877486027,-0.5200512527293182,-0.5784227120692087,-0.4316592605480344,0.0022979060743476966,-0.007089512585650772,-0.00650961986606691,-0.02907079297643916,-0.13302562809908944,-0.09884846055956148,0.02206262271582958,-0.024013673475675887
-0.047158385117942646,-0.03255593027996253,0.3576775711264961,0.33407062272865296,-0.1742541125966947,0.12654384694952964,-0.31104045463241303,-0.43628147638760856,-0.17048916297821076,0.3271315981734305,0.19263165108241792,0.23068692686919345,0.16571436270894552,-0.0722578522352376,0.15361717621032678,0.2103227519041421,0.15207503996794808
-0.031030364448743165,0.001519576527577574,0.019189366495942144,-0.0785537030244417,0.008812056959824968,-0.005044050551841765,-0.48912798232055327,-0.7071820294067295,-0.5195916078300767,-0.056125440985039764,-0.03438766149945298,-0.03642822298841457,-0.058854289270275584,-0.13889477441621378,-0.1136262776736098,-0.010291838707516376,-0.053240137842359085
0.17939254934809637,0.16299940442280958,-0.04368363588047366,-0.030494472410334213,-0.17740760582800547,-0.26162274995703905,-0.11056447664203811,0.17324884190880288,0.2709260429554967,-0.05952967916225787,-0.03480813180132879,-0.11964453630644048,-0.08007261256297143,0.06421200560603521,0.07841771387009658,0.27809664692546404,0.2937865187690821
-0.034234171507595196,-0.008363573504709659,0.22390520089197408,-0.1547941847562806,0.045403081003035695,-0.03432300090735996,-0.39152180741497333,-0.8731284622699222,-0.42152001760555463,-0.03308010367681469,-0.1269821361963838,-0.057711115362210436,-0.078067365613537,-0.08469728706249359,-0.15285431885516737,0.017130632102223816,-0.1408857369486947
-0.022540401979474087,0.0039867801545986,-0.05266509722577269,-0.05724033459464552,-0.1334254123780624,-0.059455784904537956,-0.3343733607914243,-0.6164938267389238,-0.4615225954064884,0.008774978463894354,-0.07569905961027466,-0.0867565555569091,-0.0685327641817717,-0.11973725578486348,-0.054697723350164144,-0.062311237113631575,-0.0642444004187491
0.11529883401880252,0.16096627622502807,0.08078880950187747,0.05794025504336504,-0.22215271116916047,-0.16575966663312047,-0.07000925077974879,0.27049335585793866,0.2649828465777185,0.018908144865700166,-0.03732742223443172,-0.1236881099577911,-0.025048231635521185,0.08631538981285192,0.09121446031900554,0.29175984876240085,0.2594181497499986
-0.18382179452972544,-0.18446756062653974,-0.25144695768579106,-0.25830781487791954,-0.07049764937246826,-0.018199884255343742,-0.27131409223279473,-0.6001814970208553,-0.3546423059525588,0.02978427937859995,-0.11312511673816861,-0.10509028773099444,-0.08993537926588768,-0.24119210499383287,-0.20226644611330158,0.03440773113062505,0.007917443147978176
-0.008675487960034766,0.01955626092621281,-0.09196994996360547,-0.10561881583506777,-0.02595486220068136,0.02132674439958828,-0.5270277559126127,-0.7616201923159291,-0.6082054016965194,0.024897528635457026,-0.1443108288381279,-0.03334581119042946,-0.07943405692916486,-0.23017812452350767,-0.15860952694357916,-0.013875064980180441,-0.05273244221090795
0.006126081746400924,0.06075838412370097,-0.02447755540890044,-0.019251661711811,-0.034820182165535056,-0.0013035517739553423,-0.5086541132900493,-0.6969206117642984,-0.440848729414422,0.000449835726309392,-0.0381333794262483,-0.05566689939367908,-0.0359978818884881,-0.00793664973177786,-0.12016828558616996,0.02096540523947191,-0.056161693412754864
0.012518984834676315,-0.08696747647452203,0.3413413028317385,0.3579317378718732,0.057238780342871644,0.0334818861193802,-0.18466522788379525,-0.06085206234030338,0.04538370766732603,0.29759293256929453,0.2830715004830526,0.2083602639182479,0.19312583883910966,0.3014178036546163,0.2616909224449082,0.24486599752451826,0.22647514853250306
-0.012655044589929361,0.009722148851024816,0.11632781232284538,-0.10948305367256178,-0.1417055533015651,0.025259620017775753,-0.49325837001338657,-0.8067985500206326,-0.6613971290016786,0.027996256452197926,-0.09006445018700042,-0.019780362707343725,-0.061913322330632174,-0.1078280385269596,-0.15951724252563726,-0.04344879294722746,-0.07929077811496424
-0.13403930664508343,-0.1432590493912436,0.4472971812593549,0.2755365362931019,-0.11849278653039182,0.15077355639370277,-0.223562178855213,-0.3133042976947,0.12169747836276866,0.6182893365004182,0.18899568882092746,0.29884281371599325,0.23097986580074026,0.01722701232952945,-0.047021852350434684,0.19642030256643542,0.13590147591198484
0.009239992639285738,0.008771850047873439,-0.0952778821488008,-0.09599760002759058,-0.15312209557680975,0.0979030627340504,-0.805884530285615,-0.6664531101796868,-0.3920259924855932,0.041316884486191086,-0.09542876650687049,-0.04894624990340475,-0.10998985071226214,-0.23886035700181654,-0.15905402824894377,-0.09263823835383889,-0.10772436989565981
0.0009432100106788585,-0.002682830641764473,-0.12203949549334472,-0.08154164732186282,-0.07179491361209475,0.0228486478853515,-0.2828852576170233,-0.5288796086921316,-0.4498634655596588,-0.00528505317963803,-0.06449305994022245,-0.07267393236266752,-0.09274815616802132,-0.13933973739824634,-0.0885892725863575,0.0071298835016769145,-0.07753708893409193
-0.016448350717858228,0.009909705967736831,-0.006602915721655782,-0.10417430659736518,-0.16029659012385247,0.022512336613125888,-0.6816237160133966,-0.8183115728347571,-0.43594157809802925,-0.08262111041393767,-0.11261510310922795,0.010322856757578196,-0.0882790290297093,-0.1401088517057283,-0.1869191613757914,-0.08530413967308366,-0.08621361278084255
-0.09580214565580322,-0.08807545569638374,0.3393839637499928,0.2695723964843806,0.4259689095377113,0.15166787891185085,-0.1583208822934618,-0.2690704720462457,-0.0012751125924634517,0.28068766743505885,0.2744934536801109,0.21036098103422105,0.1941417608466419,0.1820857178924065,0.23048872321487174,0.2631840023775455,0.21126684334894844
0.0052083425401566455,-0.016824074286709085,-0.15517937733943596,-0.013252898657175433,-0.17020274101962365,-0.05411396470395116,-0.5522072558059958,-0.546129294482054,-0.4903020861621742,-0.043083342632588235,-0.012388169270625709,-0.023708153553197914,-0.09099987697427954,-0.18369312372638213,-0.024461893745504882,-0.03173152528735294,-0.015601212286259918
-0.03877906431541004,0.00843983217079757,0.1117017457302822,-0.09884822395939517,-0.12690599551312176,0.0010441730657487673,-0.4195423997021753,-0.8211381787132008,-0.5071622753859908,0.007255380598545967,-0.09573710658709023,-0.0632344392477234,-0.05099738098034403,-0.1138774007700516,-0.1324147211421362,0.012025590656153362,-0.06569251493557396
0.00038805403937139464,-0.0190905654431391,0.004222117845135033,-0.04148560875904726,0.013828943529798998,-0.021520254457143624,-0.5992251703453167,-0.37140725618821974,-0.3144102163489666,-0.11498683502998358,-0.029169085894730783,-0.08953393134956397,-0.04983689563568662,-0.07831581398078809,-0.07159854921503694,-0.05158601283092342,-0.023086417551546504
-0.01769680991735591,-0.0019941351283103165,0.0839905752275253,-0.18402021982839076,-0.1532769786609875,-0.013010806206227521,-0.5300893407612612,-0.849403336823973,-0.5864269620660473,-0.0096739637346997,-0.15171105299070886,-0.03724554115775228,-0.04851622867567438,-0.22258551052321707,-0.19274016363328245,0.06807811182815883,-0.09835230499920787
-0.027758936725952258,-0.0314030513358355,-0.6033247126077924,-0.48394650014956225,-0.32449713528271695,-0.3324494147704197,-0.45138412047709825,-0.5815588087570157,-0.4686460238191618,-0.3501692884408447,-0.3737562059049241,-0.38811453225579007,-0.3775139194484962,-0.34567838851309796,-0.32302611868066977,0.0027816514293665683,0.01706696051221556
-0.20173112391395123,-0.17039690837811253,-0.1494911649074509,-0.10612100903672876,-0.15012422920638238,-0.1074626183262026,0.07374005445403148,-0.6427353425058054,-0.5282139976699474,-0.2633063385823389,-0.2356307212168238,-0.2695116885001189,-0.18214782799593573,-0.2198248632370308,-0.18066140428633248,-0.9943185050278968,-0.7900159868928709
0.05557855022054262,0.015367663339288993,0.1955482409795227,-0.09144555703336886,0.2216504242030474,0.032494401217595455,-0.3858818338960738,-0.4035684861647578,-0.2674942618180207,-0.19748520574712325,-0.058498306946617847,-0.08391889057820391,-0.0437205273818234,0.24158282261557718,-0.03784479087714484,0.012314761074213339,0.03301982621586532
-0.01268117273838295,0.014047385962495745,-0.09944875837560352,-0.023686896776934165,-0.09083822555250158,-0.02452441175756689,-0.6153508904843596,-0.6791921958447548,-0.5037429804236071,-0.06052846309244553,-0.04479240316445054,-0.05193915796144603,-0.0668576455433072,-0.2297351234906548,-0.1340563161891946,-0.009530947370824678,-0.05272968562093514
-0.013667607807118173,-0.011651781267380392,0.08878222146086183,-0.1372642007679762,-0.0076685374760206825,-0.002631441701029288,-0.4454711374520813,-0.9119488347786072,-0.5134984428477392,-0.006820233761132702,-0.0902632833436367,-0.04474808189594814,-0.07209446056392187,-0.12088680351840816,-0.10481132469757369,0.0063597601003118195,-0.09396072622040125
0.05849456207634328,-0.056397683794853035,-0.3463014043683623,-0.3401808634045291,0.01477661559602207,0.047006229660878494,-0.33885988328939076,-0.24694490751230325,-0.26408807335991735,-0.012249599410901802,-0.09233443659033337,-0.05314567578934435,-0.03991722050988808,-0.11426397235003101,-0.11947026518415356,-0.09008046990471996,-0.1287750543951834
0.006826589626647423,-0.024897255486706644,0.011536384779968349,-0.07814981682923407,-0.09267201851890772,0.060216589384999776,-0.6015830435971092,-0.7719017850800642,-0.581669755074033,0.012600261856984802,-0.1209217887418078,-0.07032479338420497,-0.09235328112879926,-0.25650229818606823,-0.1702176845143079,0.021064083904751358,-0.019920544398623414
-0.02024218016692322,0.01320389273215399,-0.0816024936432428,-0.11099010382888978,0.04801812100359462,-0.03223950217141682,-0.3915208572137697,-0.802993354311,-0.5617416700170957,-0.029197734268697012,-0.135552686051471,-0.051076946707849125,-0.04250260409930447,-0.17613517278526705,-0.1881966280370184,-0.019583786192883576,-0.08531148122651445
0.027999466314430295,0.018630424040920624,-0.12679875682545882,-0.0019284943503759548,-0.14739918399260052,-0.09794387914894413,-0.4144508547754732,-0.5411224413074036,-0.39302907437717655,-0.02031446508373614,-0.03605189715466434,-0.03934521665352359,-0.06182451522307191,-0.09993881222012746,-0.07765659696248878,0.03497654716384722,-0.02389423228954686
0.011391449078725925,0.1632466212197227,0.3638308507365248,0.014573834143170166,0.4002926154523303,0.12028013457765296,-0.6062724540019432,-0.26121788666802476,-0.16355314644844776,-0.19137160049304922,-0.04018908998846728,0.024308554842695694,0.03283022221518388,0.28178370595372965,0.27622613217718445,0.15973137893600078,0.01825988180635756
-0.03589821678243882,0.0024704741706680737,0.13339363420605144,-0.12009351865833699,-0.12906030519913417,-0.02347756953015193,-0.3594093590085087,-0.8371784068748995,-0.4032191517528185,-0.02789944115428611,-0.026545146202079577,-0.037831934083709,-0.023111714366979175,-0.025976230173977755,-0.13358037333630943,0.012790746202104231,-0.07304589205093294
-0.1310785243548276,-0.08570048476370756,0.3480142416211363,0.3411951228394408,0.17193304030253379,0.16704022706670435,-0.143391807309108,-0.17517094749644974,0.07071480892841768,0.35514334041054413,0.20578469339282432,0.24810327415811803,0.20516947951587575,0.1970851416186294,0.2502246217474482,0.20602265549816237,0.18211583290748018
-0.10991418807429193,-0.15942790530587903,0.3580429640715698,0.36836624056554235,0.045977795511922895,0.1902031845571963,-0.2552610933037736,-0.2647906687493289,0.004116215963851351,0.22843726495183153,0.225953631021823,0.27221720218343837,0.23496826793736675,0.22729007994236433,0.22700157127976262,0.2190990292115388,0.21789028503933222
-0.048314797793013946,-0.0030457937915196608,-0.07944430918933011,-0.08512767011300915,-0.1597022508102208,-0.03431587203370561,-0.3402313356792314,-0.5478781202122393,-0.40746435960127975,-0.07646143229439988,-0.0626492312649497,-0.0359279327138748,-0.06726208713233445,-0.08809940342791867,-0.08231871826917893,-0.04021904715066427,-0.07506256898755803
0.011616553936446148,0.022246884393178817,0.2076956522808316,-0.1528572884889412,0.07031322738121368,-0.011127384904090475,-0.5389241559240421,-0.7438894798141423,-0.5021960710797484,-0.03069056602034002,-0.15599405456062598,-0.05073452583680013,-0.024710632579963292,0.03750705663538199,-0.13682494355360447,-0.07147076383708593,-0.16222507248041595
-0.021745226770290067,0.0023144832287709757,0.14228021221109868,-0.11220309050802951,-0.10275446981057296,-0.02144950050816841,-0.4329687640293345,-0.8088580070235714,-0.47841249167911776,-0.06631643517159454,-0.09268219173344536,-0.064924809146946,-0.044648353264088086,-0.16429485969577945,-0.1788024924133798,-0.06271681386778034,-0.08789745625005271
0.024647386762360946,-0.002648925469385992,-0.20527957022639512,0.011856635615419693,-0.3098076605620278,-0.02642152268802191,-0.5708833976470427,-0.6283763863553019,-0.5852336498052934,0.03872798594815191,-0.07817359187964396,-0.047655506381927525,-0.0811061684971006,-0.25756772497044295,-0.11999602073844774,0.0008648022364482953,-0.023709483578155676
-0.0016677595701355978,-0.030930116638930992,0.0744613725583423,-0.20428099143995715,0.0395276912910024,-0.006584947245446684,-0.47604384383408704,-0.7749309118908283,-0.618052542416905,-0.03910629661125871,-0.12926026165805213,-0.07193376137443282,-0.04500068069486099,-0.07246139099401455,-0.17935814201002429,0.009617068771036331,-0.0913952032068644
0.014878894026030145,0.043978657330350605,-0.028160786433833962,-0.03787877765567426,-0.10330963500985386,-0.0032479275045949815,-0.4235401462645393,-0.5919452355075921,-0.41728514557775864,-0.074205057613161,-0.053854930382023804,-0.05969630750568926,-0.032746130724772775,-0.05488550693241301,-0.09601018284907542,0.016876503601337564,-0.01977721208173362
-0.00850867404426791,-0.009765854301534344,0.13424120582159776,-0.14085054730650587,-0.05629148027540448,0.00024242166973086502,-0.3968541985212931,-0.8089880214899564,-0.5776961878229441,0.02048847096806473,-0.12475826391059482,-0.046680809307104755,-0.06373353196019718,-0.1261770617389265,-0.21078506675286207,0.023655068087853236,-0.10414575394540994
-0.002196446983652819,0.00900716423538635,0.11600463326077257,-0.08362580778336806,0.1473981198295218,0.05132888850602366,0.08811521686000365,-0.5867311202893242,-0.26528332697331874,-0.019367832965170452,-0.13250058216906946,-0.0400365699653663,-0.07237835993467212,0.02187326945016689,-0.21904141819284473,0.0197407819877158,-0.0474369221505545
-0.24623348955120292,-0.1046905794042218,-1.5029651758593843,-1.2743750690180708,-0.0812302021167894,0.030164828614682854,0.07188603704587487,0.11451161313175776,0.1662555542259027,-0.07908676848506584,0.08107586391767292,-0.03121023217566799,-0.05006385258711801,0.008572295346851064,0.01166586503566157,-0.4304022937982734,-0.3806241781078728
0.015844756092897504,0.01681874688849044,-0.06735330029069024,0.01728498682363633,-0.10043568744677885,-0.10305059505716324,-0.5280950803024759,-0.46654283432942695,-0.4276533311621061,-0.02946376667903198,-0.021355712710362098,-0.0980131469451729,-0.0175817781456781,-0.14149715512553543,-0.009606353868125797,0.004742213374185691,-0.03018813720446021
-0.030629344439452335,0.0016360275935638619,0.018791897194393746,-0.1641745537961603,-0.13052962637921725,-0.008972761360577484,-0.4086758881122626,-0.7812242424254432,-0.4937602229613771,0.0106172570899859,-0.09970081315000949,-0.04094607861496503,-0.03516929468069418,-0.21599644000347554,-0.10953475641215553,-0.025217137477940202,-0.0880452062968922
-0.03784395071461661,-0.0298154271995409,0.001356385706318949,-0.20511063453281564,0.035316626037914564,0.0170107384977008,-0.37013831900284644,-0.8419249112105366,-0.5694032981906063,0.01830739063202199,-0.13478838018330702,-0.03135756441540335,-0.11782210767694813,-0.27330640938710365,-0.18851662528152757,-0.023895163776719488,-0.06263313404642463
-0.04962174040116905,0.025073217537943355,0.033878072584621756,-0.11842699051514588,-0.11343513669763267,-0.03751720061610792,-0.5434250180943822,-0.8106277703106657,-0.5182489274134897,-0.11489216987630851,-0.13220430289564908,-0.06870832112786064,-0.057365442653219134,-0.2542534897268535,-0.20519771134455614,-0.05981927711670692,-0.10399653190285732
-0.02053296694798775,-0.03610234052000565,0.24570147019949512,0.31156299890483596,0.09593420857961503,0.17863841169641922,-0.1506239318863113,-0.3467521157075953,-0.06773922523441563,0.3426781374138537,0.25428606555273325,0.2295462032113926,0.20174772549753497,0.06629529567071667,0.17137431118576069,0.17651003034363655,0.1638816008886833
0.015399009596007308,-0.02697699470321609,-0.049941796618292345,-0.09174272387648504,0.013802187602722287,0.004998085749838742,-0.3828114466240369,-0.44529482689402744,-0.15397549675454816,-0.08138470796027317,-0.029100864521059058,-0.04132515663850644,-0.040798216428036965,-0.04088469692050568,-0.0604922738840412,-0.043329269237876264,-0.058422718788569826
-0.028219584221983115,-0.025024906198684402,-0.13472455152675258,-0.06384400033564011,-0.006216537312228418,0.007657766390068233,-0.444610356111147,-0.5695531557276216,-0.4112912837806741,-0.056301223733449215,-0.10836037592782757,-0.058779920120205165,-0.08787758374510692,-0.09641815323340461,-0.08801819875496042,-0.013333087957174479,-0.03770986303303808
-0.009680092069225552,-0.0051052655920057,-0.14716406334749788,-0.01697367327506676,-0.22341517820413023,-0.10988114721761129,-0.43604535353532103,-0.4702579155704971,-0.36603137323933355,-0.05246252024234531,-0.04759915171933219,-0.010963227363189101,-0.039833187083667114,-0.18769121653627005,-0.09024394536312241,0.020231010996598655,-0.003245967759467597
-0.010890039929557003,0.008081364225741527,-0.15899663352723617,0.02907600887126312,-0.2008300229855247,-0.06007251587263262,-0.5019003919161664,-0.5575030320209177,-0.5228466872686245,-0.0147512378308706,-0.007445824942275234,-0.01397684810065769,-0.05361679590613045,-0.18000043051285608,-0.16742001539425339,-0.02125351910076816,-0.07838279940388482
-0.05353362956067476,0.049131524578585675,0.005192096654936559,0.0005639960386110207,-0.04913694037203359,-0.0195171107537999,-0.34677088166623343,-0.4676344901923005,-0.36950419810176083,-0.04118089400284203,-0.07862957094491436,-0.08369443180912993,-0.044747402558871816,-0.06494647087750052,-0.017629398194718364,-0.033861966018420515,0.0022802837378941604
0.0069250118257765106,0.04740951414423721,-0.11571468990434217,0.020673320724113608,-0.17180929412541743,-0.09717734593354098,-0.4628642329218553,-0.38354601444110414,-0.295970907323286,-0.025508396609464894,-0.032770365801589256,-0.025786080959544183,-0.0069998740523836795,-0.19946894856705003,-0.0955159932086648,0.03634352097335342,-0.026392250920240466
0.017008038798197563,0.01438529335947681,-0.03472741638747693,-0.0535168115419095,-0.0970219179319563,0.02510843831843725,-0.5389295569124805,-0.6708919103579175,-0.48345498182472735,-0.05669317174139269,-0.14317673656938443,-0.0396001154919032,-0.07369586143396764,-0.06296926971378426,-0.10198523860517865,-0.00012624134813972178,-0.014715968182433668
0.1546716121719008,0.11872104123899467,0.026408530459151917,-0.05286879371305369,-0.1694977604288031,-0.2510746960853618,-0.15147796449994524,0.1384127900978049,0.2653274772995239,-0.09084883788746582,-0.05818974646365821,-0.1832638673531435,-0.0954217362888509,0.12119777001467476,0.061978497878157846,0.27434059432433233,0.3094060051565084
-0.01912590056737255,-0.04036761822122319,-0.5360463578894326,-0.624253998899143,-0.34103168177989185,-0.4196861772736236,-0.40636036077772547,-0.3972016715892272,-0.3703928933418314,-0.3118680426620496,-0.389924668785684,-0.364438647035261,-0.4142403965875651,-0.4047356879457763,-0.3266297326398706,0.0037340826296781084,0.014123311054073323
0.005373552799893437,0.021840571199156132,0.007822676219806965,-0.03703998757706345,-0.10437407558464701,-0.08695075157808711,-0.5125904422963112,-0.45116540886000517,-0.4928883005282673,-0.09676984911460979,-0.03967744805258053,-0.0731394195103243,-0.05523194055096807,-0.08790505875596355,-0.061497320181458495,-0.016088602120147146,-0.044852266402078164
0.0036879204822415166,0.00907313054445573,-0.0644918108899095,-0.07229124901720937,-0.05793218552209014,-0.0773130136976849,-0.5025746790105869,-0.42504950485630333,-0.3394994465045713,-0.14679750700048433,-0.03127961395722856,-0.05926372536640896,-0.054633573322245,-0.03270181832143257,-0.1578680666325161,-0.03309772811621276,-0.02080354483664023
-0.08357305101859418,-0.013324292580365922,0.24617062842257553,0.3504764287253308,-0.24784248046193186,0.02568434996175894,-0.10358801136050647,-0.7276862314389365,-0.45630052522206777,0.3441720758374253,0.09191923199836134,0.279432288772133,0.19979573307722334,-0.10550592922663528,0.16127380950918108,0.1920118975775935,0.09401182537104419
-0.022915384538139596,-0.001493691895944441,0.03971899861845366,-0.19379839041384414,-0.08601547053781144,-0.04073959715447183,-0.6518365145495735,-0.7642520598840881,-0.5623522355937736,0.002291447259886757,-0.10265564279700148,-0.036118890613409685,-0.07385076457336913,-0.14769148035928903,-0.13122605762489037,-0.003066499382843446,-0.07189481122856317
-0.042626256505533006,-0.03949507993060017,0.13819667782752076,-0.19917511601123897,-0.015104939962757922,0.10121163823556574,-0.43690189732125556,-0.9301093250153624,-0.3933146641332973,0.14016342595248252,-0.12737310980033717,-0.06071412907076894,-0.09162338327609239,-0.3327608681076593,-0.2537824288827707,-0.0902243081566892,-0.08934555914043926
-0.05251028347221675,-0.002848658413091698,0.05286363871191779,-0.11949677335260271,-0.13892969444476874,-0.006278302955060917,-0.4500466301291668,-0.9861875839366966,-0.619898891724255,-0.159477875229017,-0.08009274762781095,-0.019468437722032293,-0.06156311747225767,-0.12453487225972941,-0.15805910308544047,-0.01671929808852458,-0.07918191297901035
0.020063709370872315,-0.002819266001347425,0.15678607214052195,-0.13998908199153032,0.08111646326477061,0.0696591485196682,-0.40143089529936604,-0.7862753000276822,-0.5620159888931459,0.042203741910225696,-0.09944534823729269,-0.03745132899129571,-0.028254036386143485,-0.18213381705723114,-0.14059011340914485,0.03529477289490346,-0.09394715145239595
-0.01667139999125634,-0.04253212761902475,-0.007061626503046625,-0.08919103306900587,0.13331211363566592,-0.0439628875149544,-0.5219231013073335,-0.8383636562736405,-0.6427985970959714,0.04609302802738868,-0.09495379209922218,-0.05271335403411093,-0.008264794575950685,-0.1817691246654814,-0.22906981510447377,-0.030643377135675845,-0.09544610154747321
-0.012321365071100272,0.005923248734063869,-0.09670951313884883,-0.06703690423628224,-0.05001925669036384,-0.011187037270311987,-0.43018445448453374,-0.5332212335166765,-0.3267499670225691,-0.0819515196462126,-0.08654869772791245,-0.07994654309946998,-0.018115848356956617,-0.11501720432168719,-0.04639303810007403,-0.010393660652478383,-0.04334282549237153
0.10905609256729397,0.14784023530229662,0.15456901512111904,0.04764092984952199,-0.2615742375573964,-0.2635099427565785,-0.20053179850511862,0.14205970307701007,0.22288908187616766,-0.029411229985969126,0.020277755594680105,-0.12460379986230581,-0.10683658295803318,0.14680249701913065,0.09263222864740303,0.3623721857676607,0.3172898021315575
-0.018811311036009366,0.035536493766912015,-0.018929829765345244,-0.11514333475359462,0.03734940448882751,0.04786676212144328,-0.3855370564110367,-0.5733767708900439,-0.27116387184945906,-0.11741425363454898,-0.0813726058410483,-0.04773128811663965,-0.07282905405025115,-0.02763167431804384,-0.14763880724826167,-0.04784387357840633,-0.07008702307707675
-0.054957278450999396,-0.03270721548646979,0.1946882040546409,-0.17142446350536614,-0.06513293657059678,0.034264863321329574,-0.3794864892681086,-0.7290449015049136,-0.37721404570011996,0.019334753366136426,-0.06417757975211656,0.004126940977402954,-0.04480100126522881,-0.13214402063108988,-0.24078413126058856,0.04728729227913553,-0.09798722046547452
-0.031882661883247856,-0.017403203268213423,0.02817196573927737,-0.05208736777893319,-0.07860394420863258,-0.04432992820233783,-0.2596944932117488,-0.303857993715136,-0.2571560937271032,-0.11484296639120219,-0.0562869395919701,-0.10127728432823509,-0.074663143797131,0.00835767917674016,-0.11542527028677801,-0.011019439077194474,-0.014384249273030583
0.007489979426818153,0.016301996183769835,-0.13840578608981322,-0.02164179956625052,-0.06438721285685056,-0.019781727347606876,-0.5356616594317671,-0.48620186990026293,-0.3403790735442175,-0.028739935322715075,-0.009674427281838583,-0.032810086931858086,-0.07359457615236978,-0.1741894787777516,-0.11018237103889086,0.01687686855126618,-0.06901955276218051
0.1281554196374478,0.13529753887024223,0.1275526919046243,0.10683507535271186,-0.3978301537907438,-0.3853569984116614,-0.006794519488241113,0.2055822229423265,0.2577950906884238,-0.001022466749403504,-0.007110103260501255,-0.038713748967272615,-0.027449212107808867,0.10671560832600646,0.1585118546015989,0.31895581203861334,0.3196452432865605
0.021611067329528246,0.032682613510858105,-0.04110873000504985,0.004138750653590595,-0.0701462469872085,-0.005610240669806999,-0.5728830899869203,-0.442365148946164,-0.32954216955443666,-0.08982173266679783,-0.05509094440656901,-0.013973392909246853,-0.029987053600740474,-0.034385418145906906,-0.008459342472752367,0.00591543321964433,-0.008810146276252682
-0.033191116564010525,0.022260635677000564,0.0560738959785656,-0.09254802153523417,-0.0311838654881975,-0.009609047954688395,-0.5919702252242326,-0.682099569674531,-0.5121834979911715,-0.025241647524059576,-0.07308379612321632,-0.04870337966374197,-0.07320973437898906,-0.15644508136852278,-0.1689874547526914,-0.0063754136696568915,-0.04754323439641246
0.03658210118976438,0.01336098428547385,0.0821951468868491,-0.06535054797771885,0.1831879844275579,0.023936305208370368,-0.5742019087871533,-0.39106660214721867,-0.31630468232099135,-0.10750001184553126,-0.07132470483084509,-0.04277741513307698,-0.02708201792987474,0.0757712948865824,-0.02607555598357228,0.010712207797919022,-0.003922523316746826
0.0019320934946217402,0.006006207819128116,-0.08664094264844334,-0.07851865442570506,-0.06721933892056593,-0.008269891353381098,-0.5014017542814821,-0.5565989405715044,-0.25522474448584925,-0.1127149794060643,-0.0069652938328563655,-0.041070426518216165,-0.03512769603517715,-0.027124482571193247,-0.042361932562156666,0.006108278354872062,-0.007214687637567429
0.04264336564419489,0.03902677441313252,-0.2910411618481855,-0.2087202604329999,-1.382893487608945,-1.2673942632914834,-0.4831444166046823,-0.5598989900682182,-0.5211896858302377,-1.1959499704099894,-1.3620262546102018,-0.22018136357686846,-0.20455154800560252,-0.29646309605418425,-0.14545536112337135,-0.048162913928115336,0.004540155730937937
-0.008608796672890813,-0.020203284192690685,-0.2060680896836036,0.06263861166344176,-0.2521191978041844,-0.10117138876003577,-0.5343424124457097,-0.6349249024947708,-0.4195008063170226,0.08730652607889455,-0.09187211684584107,-0.018632348522324184,-0.06007861499671831,-0.23985861707233727,-0.12020840125212892,0.03022636880312081,-0.018526944029738552
-0.040419145405333826,-0.012110291578826577,-0.13794211815996466,-0.10863897139331599,-0.17299911848561486,0.03658371610855153,-0.5606752987259479,-0.7973844250545626,-0.41585105600761796,0.04098194227119392,-0.09765843156328025,-0.057325238396856014,-0.08620063702282187,-0.25996708555655845,-0.18939303654953224,-0.02042525313108491,-0.037258675943290395
-0.053569756339416484,-0.07818373179913211,-0.14041328268431208,-0.15370980202670279,-0.06750451826448174,-0.020950727427486677,-0.22054499818210294,-0.6116821060568759,-0.4516112449492155,-0.08435180827617962,-0.08825472801986167,-0.06828498895747546,-0.056425577014983005,-0.16528935632240346,-0.11865743928825163,0.04434567811434782,0.007840099204270867
-0.1018571693784062,-0.07462717552887396,0.21491079684093967,0.26889352624867663,0.037762676278849,0.09836689472541994,-0.0787110152322808,-0.06839381652121525,0.03786434800420903,0.24830273852694051,0.24283945731391623,0.18401800381166328,0.17209280157034312,0.26757413416582654,0.20335855368958186,0.19924413100676563,0.22849829090250315
0.05387319574832889,0.094815475982384,-0.046977605065917465,0.019225902528801166,-0.359292125798221,-0.10018215518053038,-0.5183980192540464,-0.7614739587885064,-0.47858697809771433,0.3167804508666883,-0.058530628120216935,0.08369767319031349,0.019075793219494624,-0.4457802260399726,-0.1984173108698206,0.0005935360972353111,-0.035709832607346316
-0.023396067382799184,-0.01929921115365907,-0.03489876899194567,-0.10469243089224887,0.0007512607675916629,0.026839244274135535,-0.48954672066144844,-0.7137774148885067,-0.4229634010093111,0.0933582877213498,-0.153793817503063,-0.0298468978144031,-0.020877159976106896,-0.20989954412541267,-0.1623421666796612,-0.004205930076780083,-0.11158470049371032
-0.02205892579003893,0.005125641191292475,0.021141999353354684,0.020289695807510225,0.0407630230870172,-0.0021496134654874766,-0.7029602591858448,-0.297357314429835,-0.32825946862522937,-0.038489572074283704,-0.11061035206086725,-0.03592340835441147,-0.03938457986207181,-0.05321465217634795,0.043805172469806246,0.016166849399598084,0.016078090706048175
-0.052318744960000406,0.01987165516427358,0.3472315775504123,0.38666387097470434,0.10048959461571574,0.015074820687437577,-0.2117203224450261,-0.031573409716722005,0.06255488916304974,0.23857428458755292,0.27858127532314114,0.20117098561201985,0.19301720410957712,0.3175234148097114,0.30043150202072844,0.2354538481361587,0.18801778310687922
0.007421561253438494,-0.028233057582644987,0.027793396262841188,-0.21149565061899622,0.10276936127463399,-0.024928035648143724,-0.38924423405570013,-0.42941948524070506,-0.2422969969663162,-0.17804654640744974,-0.10468752625108584,-0.14443322360292918,-0.1105539016323814,0.09707456227774429,-0.11665424551004912,-0.02148942475553738,-9.921234554707122e-05
0.006008529638498494,0.019170435374975783,-0.019785806060312945,-0.11106105716909107,0.08830318993033401,0.004340284589125254,-0.3955855037334627,-0.7997398402374696,-0.49285100021354616,0.029776757281863273,-0.12854808989084046,-0.02414375050128546,-0.05903139064106014,-0.14197396052984723,-0.16331949335036078,-0.04907637047291704,-0.02704058634807208
-0.059039180603786615,0.008055431432456744,0.027701283770429314,-0.11822976153525018,-0.015634088831103378,0.047231643367711816,-0.49151639829664234,-0.811068490319393,-0.5901918060618627,-0.04775010346909104,-0.14291382796843896,-0.06343040094674021,-0.05047376908301915,-0.19766366519924672,-0.22746620886746532,-0.024573039688141052,-0.1159524532312065
-0.0060990157743317525,-0.04078869890472383,-0.21338217521000183,0.05174256769922216,-0.29872923626835085,-0.12630035831435807,-0.49641706327928203,-0.6385618897049421,-0.4485728370183657,-0.03409096669099154,-0.05954897366904228,-0.0488066594354726,-0.012273656532711832,-0.27102778516970694,-0.10950486392402366,-0.03200579286548843,-0.061398336187602216
-0.15502025311876214,-0.23822472993015,-0.17050307504319673,-0.2594536532488192,-0.06363460373078991,0.010684494742273135,0.05809238537098818,0.13076942831719382,0.22795653213978792,-0.08197093941970017,0.06709414684144076,-0.008817342478731303,-0.08221172870908305,0.12996605077732404,0.09599301318026104,-0.5032556624156831,-0.33242016761311205
-0.094024215726683,-0.06012519945657402,-0.030138417831258785,-0.08856143729631383,-0.3237152756254422,-0.15255178038071515,-0.38658655372512885,-1.0179223098450711,-0.7068662233461086,0.17897546198432415,-0.10516397090035809,-0.043598618926194606,-0.051407952858559064,-0.38126459180696964,-0.2977316022011124,-0.05927159069255902,-0.11456806742229844
-0.026655423376083565,0.00160893943444481,0.01826329411605287,-0.06321351044021332,-0.038774084199029446,0.07960345007571899,-0.4793190355542612,-0.9217943879608154,-0.520437020745407,-0.02638314859827085,-0.08781113990587536,-0.02160764355975125,-0.051421233206852573,-0.2235706972888574,-0.1432984722941699,-0.025012865701914577,-0.09916406284439329
-0.01060934463119845,-0.01600805561797928,-0.030646855150023987,-0.023818703500962737,-0.061311390510572536,-0.061411151069756365,-0.49580602298322984,-0.4700880992440484,-0.49359933937302675,-0.05649539891523607,-0.028825318304220613,-0.04154912129711933,-0.014722767159873307,-0.043718374981182404,-0.12674041261101396,-0.020494160697835183,-0.0430286449353191
-0.15812405438583535,0.039386270211123064,-0.4880671650852013,-0.5481707979474854,-0.028266416691371584,-0.38273636930812793,0.03512734610498722,-0.6943657144417164,-0.6351941863530819,-0.0514025829375365,-0.09217694894229658,0.0181297899481537,0.08020327532774252,-0.040080296003781615,0.029232528617058634,0.03652994986162094,-0.09615844689591656
0.001836071255119417,-2.601164990297785e-05,-0.05222601653607268,-0.0849115185900079,0.007395806537839305,-0.04849648971522222,-0.6117600429519329,-0.5170692810115233,-0.2964959845913739,-0.10902447683528393,-0.0468760321003333,-0.04944944980187815,-0.07454107080423503,0.009802711956043935,-0.10062652648674615,0.023141596135803636,-0.004158019269725509
-0.0988895453860441,-0.1085097572458528,0.3656134775477953,0.3587822488240034,0.1786393041318776,0.17444493834698616,-0.15832077124697336,-0.24814246365094608,-0.02101217724218267,0.34194638080578715,0.23719856813307477,0.24572311081183024,0.19454073330820687,0.1704437054607261,0.25408674269237497,0.25014186022812746,0.21137606928706892
-0.019082698214645828,-0.022235021219920194,-0.084506429713669,-0.11433230703143127,-0.3045704707948145,-0.1253722983780008,-0.38105211240430464,-0.9418676824396247,-0.6475624097687649,0.16750465021723343,-0.11756713053234609,-0.052801892311604155,-0.01563428858309322,-0.475246156103986,-0.20428530605218004,0.008901496468480577,-0.10103403507655465
-0.046709497387756635,-0.019805484380797038,0.07667108023509842,-0.02939045516016525,-0.21649368556780452,-0.061599738757256994,-0.45679243579466045,-1.1330898217365104,-0.6720699540402022,-0.004883462296811203,-0.13709662964079092,-0.02254211315437336,-0.03720925392789451,-0.2954569580813173,-0.18307885466031315,0.05240146529125599,-0.10187845213430473
-0.027933952476137325,0.0002684064792899272,0.1877255584137907,-0.16524676575436267,-0.0448948479849601,-0.06830408484480083,-0.4715092470148824,-0.6862272008738998,-0.5721201423670612,-0.196877135186093,-0.18139914636941218,-0.06122967221475584,-0.05498617989217081,-0.07756018892701805,-0.19775739397597936,0.019438182089449235,-0.09627266145990335
-0.03560762250521404,-0.06213394566229984,-0.5490969604572118,-0.47783599833632956,-0.184962707159182,-0.22284486670149226,-0.3686589366216114,-0.27253122942136404,-0.3691102708807264,-0.3474125246156311,-0.30370645685670355,-0.4515973523760505,-0.4074665597500953,-0.3680584587370521,-0.32296905889725114,-0.04115546323372822,-0.039137179532656205
-0.05536392635334693,-0.016816866593113388,0.24399085107570753,0.37163576812575894,-0.13541509794742984,0.10915062458683786,-0.14983777183076608,-0.48907164468685177,-0.15572863963151273,0.39410086341786527,0.20465159563345356,0.20657173518241645,0.19593965465732213,0.07850445869211506,0.16535346761284572,0.21940022359321096,0.1463129126980978
-0.08617500461327755,-0.10171728977181123,0.24459797136738284,0.3266217295622276,0.08618608075418262,0.06984240250988336,-0.16267623337300452,0.03557003126627806,0.06980600840596383,0.32489117693046493,0.26680033175520534,0.2530208967382936,0.15108362931052804,0.15498932065753718,0.2246732214202554,0.21789260843351538,0.22359528127510706
-0.05651147503314518,-0.06482484207415103,-0.5744929635619188,-0.5120272372038189,-0.2515368843775215,-0.26152849480256746,-0.4420739251622113,-0.4331999964775264,-0.2709682611516393,-0.48150855674616927,-0.2989125678687586,-0.37213622792093926,-0.34216067730612515,-0.31536188524591363,-0.27904517617972896,0.011949621847386321,0.04077742747579148
-0.011965672296826086,-0.0004274244016916562,-0.10381790719308727,-0.013453277146222398,-0.13281854733144474,-0.04489697297846347,-0.5992220977511744,-0.4106758192073382,-0.3880784264871127,0.034526597622152745,-0.11410556377211899,-0.006844700547673734,-0.046958511471202,-0.22690724956658498,-0.025139225539848098,-0.04974409792397861,-0.012657424977537498
-0.014814716236134538,-0.007378623478166826,-0.2733745980002229,0.019432755352094083,-0.1607567612888956,-0.0361276483010111,-0.3782522945294241,-0.6419402528364485,-0.534510554236811,0.08259059951787608,-0.03618088857553798,-0.0777454396672217,-0.05881283127308941,-0.3280487740636745,-0.16580923077169768,-0.05983323540470811,-0.0009598727897818269
-0.01842781947018868,-0.010790219760544962,-0.009356829216977757,-0.0665896956346303,-0.07955221339805096,-0.02730462736257981,-0.3390723845348221,-0.654715047802039,-0.4330640984182177,-0.05719484938365475,-0.0632309580601624,-0.05064043046570065,-0.06211003980053098,-0.0883211050741653,-0.07063064307034192,-0.004562806505060557,-0.011653501138399162
-0.26931452644719256,-0.15121451731583083,-0.09436920930361738,-0.02431346706330965,-0.06788475713350678,-0.01689797095920364,0.186104181572405,0.0954851247756917,0.07285818161034896,0.04812035003901563,0.04871116034775478,0.018581310543547298,0.0014231299155642776,-0.05087535540335976,0.07083533560334598,-0.32985581107492873,-0.2998247371393659
-0.07146368701827495,-0.07332097469594392,-0.017263319452012663,-0.1859002858569843,-0.21458428771187946,-0.07766075215428338,-0.3982582912942956,-1.1196564772921587,-1.159472811309176,-0.14593850934519545,-0.1497549567066292,-0.07478143699273192,-0.06935203328024872,-0.26363075244688305,-0.1738276135307615,-0.13847600801749751,-0.19567084783884764
-0.04432948763635999,0.026847529225085116,0.17099529053931276,-0.2048498822664181,0.07282353872451157,0.06592550287857664,-0.4728276471500337,-0.8416612406526333,-0.47668352797856345,-0.1704453208122032,-0.09492971597187255,-0.04618763909726697,-0.057581783334247155,0.047297510376319095,-0.18607444605183268,-0.004511841645397447,-0.10538477184690992
-0.053390571625517275,0.026954716410843967,0.0023968269996721605,-0.05835307786715868,0.005922831661781431,-0.019894396142779793,-0.39827258941608945,-0.46008398986410376,-0.32857691214859963,-0.08693586742670291,-0.08233179276805622,-0.08361103756045782,-0.18249945967361364,-0.11404374869784173,-0.014164266249495482,-0.017443950683067096,-0.0656392254185957
0.07809796133369691,0.06890972063646757,-0.1478167456073217,-0.008790706885494234,-0.16308742119430106,-0.021559994526975223,-0.5117464088639769,-1.09319845957832,-0.6917827422245053,-0.09141802292196455,-0.08251598649243481,-0.034227081189964335,-0.04206435381724822,-0.24049152995355821,-0.08662269320878295,-0.10522917532353702,-0.08412049298982707
-0.04861918715963213,0.057000461373352046,-0.0006617284448988617,0.0076601496481599335,-0.006201216108819604,-0.11801326913988656,-0.39153249828234776,-0.36422483880760714,-0.33867949777264,-0.0832427197348258,-0.010610032377675488,-0.11543957408640743,-0.024450708124501678,-0.011730685045003676,-0.026527515768500237,0.04006766992609905,0.006131666811957194
0.04739915324818063,0.0027707964615956496,-0.07093213767973745,-0.006499537155821449,-0.09375593012355252,-0.127131413742877,-0.4831447210669648,-0.4018172932856589,-0.31199828075486824,-0.07425040235386954,0.041564599932913025,-0.029333018424763768,-0.05405549044534386,0.001744214383323011,-0.1476677127626895,0.012263570524126192,0.023284888478720945
0.014573026112291729,0.030983937119019637,0.00938903118521595,-0.04419803352944659,-0.003731428579132512,-0.10877949073844234,-0.4235438210608792,-0.39743103559590776,-0.3786971159727106,-0.1950764500448786,-0.03841554390973881,-0.12364221364885834,-0.05662125144423422,0.07295918045382181,-0.06504317950594012,0.04239790158258737,0.0008788144701833898
-0.09056285815285559,-0.025601308944182843,0.07206040670518937,0.020500881137168952,-0.2698779475405353,0.08296868452567155,-0.3397970164814209,-0.6946912050848677,-0.4966314609847436,0.05355767479627688,-0.10625260639546251,-0.00578749103757599,-0.022189329972122883,-0.2254838872029087,-0.10510857734426998,0.07274355630527865,-0.19882277872716503
-0.01763333785915987,-0.003923509333460069,-0.022091346804157728,0.008592052017345558,-0.24105420149812268,-0.03085887052518232,-0.485393656335227,-0.9673109531663673,-0.5862612311645035,0.142199894319584,-0.11500380744658915,-0.0405517120138306,-0.06402469791566562,-0.43791669215662515,-0.15692805602224463,-0.031315857958636936,-0.04449700286601066
-0.005602366641821137,-0.04226055394827732,-0.13367496320018707,-0.0914471348214302,0.015160622929698522,-0.08533941962042359,-0.4728219464266199,-0.8923585311804931,-0.6953369622466253,0.08268131317201863,-0.12113639201283612,-0.042639492100495655,-0.07546009948163863,-0.40123889560082426,-0.20805577619489315,-0.033362769895546304,-0.11110708350259466
-0.05769274923453208,-0.031175152812935928,-0.02860459306824334,-0.09707443852080892,-0.3399383328476215,-0.06397518998328657,-0.5190567205413903,-1.0311633337808919,-0.6086702168701341,0.002551915859512783,-0.23848939996363186,-0.031868965106826457,-0.07021715907622836,-0.4348393016477268,-0.19192707188491356,0.012893013971963642,-0.14918179842035234
-0.021896061976417996,0.03531998504611654,0.02322065402855841,-0.016597856341785545,-0.06409213413384204,-0.09900059824957057,-0.4249139962695297,-0.2988352096290087,-0.3938726946567899,-0.04448663651537694,-0.04643979425385203,-0.08415312605366683,-0.05300520747316955,-0.04991474030999399,-0.09658822799496522,-0.010257825546750152,-0.017760718839180914
0.006700582195330184,0.04292315823206908,0.20092621056000645,-0.11504178773859654,0.2502937000325427,-0.08607829515890822,-0.5606865685214943,-0.4109093093586237,-0.36242514818451915,-0.25364486360780986,-0.05914919350366328,-0.04035879721839745,-0.04958298322442857,0.1503882456235686,-0.11185713326546705,0.05226887143561615,0.002095358018061003
-0.011894955527261913,0.015762180411268187,0.05764109655435847,-0.044969877237740465,0.034110064206492395,0.03208301554532701,-0.23024869427758932,-0.37820281515149706,-0.3381456432540519,-0.046136197027549675,-0.07249399026215898,-0.03991746214915433,-0.04062068690439748,0.04773402012256935,-0.02942575204145366,-0.006584607969325061,-0.0405583199430763
-0.03821623653667093,0.04850622884035937,0.1891822132189943,-0.17638162665559223,-0.00962847001284344,0.03348948348450929,-0.4464861182846994,-0.7945106712040804,-0.5164717018495745,-0.05258745645161506,-0.09626080472292362,-0.08489362874044874,-0.07109433368301861,-0.12188478627044062,-0.16105500112611948,0.054767290015078476,-0.08693393789285575
-0.05540691475933734,-0.042106529534537154,-0.0536053323582939,-0.21020345233785445,0.025855561946855662,0.01914452153361894,-0.34511979855921426,-0.7652649370194476,-0.47567608312773485,-0.06229921474735782,-0.1505568233975094,-0.014176710784317554,-0.06956072946424692,-0.2233968444045989,-0.19420340744253178,0.0018269552745678653,-0.08384525534973254
0.01088453933663984,-0.03549753687824076,-0.296685505307674,-0.052295620425975464,-0.23322744566334164,-0.032781727550030504,-0.4329693515092925,-0.8678129935103658,-0.6985774129403464,0.016277898194349102,-0.058795996337967615,-0.04776158151242693,-0.07018112094735683,-0.4421305886006822,-0.18452725124792163,0.011052012148387571,-0.005825085806604362
-0.016274743549778276,-0.06885006121633191,-0.5621980112619702,-0.5996900032301734,-0.34393559120429884,-0.30582628423476765,-0.5500473216651991,-0.3091267518410134,-0.2818543653731808,-0.40467419690385953,-0.36908301124925996,-0.44141346904814815,-0.4235658830481818,-0.35047233961429614,-0.344490426017742,-0.008110969889510792,0.04125874672036401
0.07079291838199908,0.007380411652211473,-0.04030293272955911,0.02513471587674506,-0.06253213263412061,-0.011700513394094843,-0.4831480272374319,-0.2715043320797124,-0.19925745475546117,-0.06966041183058598,-0.06779908610385849,-0.05913741065208968,-0.04063466468698108,-0.051209370197428175,-0.12383372489139453,0.03230737882151768,0.014221875386523182
-0.030616421673667356,-0.00862827646496636,0.09870009094479337,-0.18935897871824864,0.09503517173931986,-0.018899690473144506,-0.40066710802837513,-0.7485330497205012,-0.6009305161919193,-0.02615631564288954,-0.15380195194822383,-0.040016976810945994,-0.0832127069125982,-0.08405366760446518,-0.12721421499629862,-0.04858636450554086,-0.099137161429611
0.020799493867838238,0.028789970520810865,-0.06462860546420934,-0.06887849426165492,-0.04632751272053218,-0.14098586624470244,-0.5136716187010523,-0.677534596106359,-0.22221086414925117,-0.12225014375025949,-0.008677911548399005,-0.09801424663043383,-0.06830067226331149,0.00037179547435459067,-0.0947897241685192,-0.011223050627246423,-0.023161084021872825
-0.03683048906782596,-0.023136487309968715,0.004248705574263235,-0.050382408295837545,-0.11015783650159415,-0.021640397960805278,-0.6367268572010212,-0.79025095426055,-0.6088402893778841,-0.006949435794798374,-0.0395444718267292,-0.030085259327315025,-0.04505075127894736,-0.2545006854751991,-0.1869458608329904,-0.04493494171095444,-0.044562527800784985
-0.06449322395890482,-0.050117013845797004,0.417741916683065,0.3591422410092564,-0.019997802097670662,0.1381735215038327,-0.19839741402146738,-0.4654324429628645,-0.22093702912619148,0.37900476059958954,0.18918161526630692,0.2289255739706053,0.20855428885299335,-0.04841214712802459,0.16837182307959475,0.1901208275225817,0.1168650712525394
-0.05701383978633761,-0.05512480762586452,0.04275735269418054,-0.06478351835547908,-0.21223535219644452,-0.0764323329583421,-0.4411621200455587,-0.9864002305019456,-0.630150212138024,-0.012417097706237966,-0.1275859948851144,-0.025262097168632584,-0.09788200359437867,-0.34884451647323383,-0.18419675394111448,-0.01543839673527937,-0.13079674355027676
-0.06471828476915693,-0.05559376147908837,0.4219097583414526,0.3350076870595888,-0.004149906027668544,0.17895147040082282,-0.2260357130376362,-0.38521629280173325,-0.10582533844374394,0.37326484198669524,0.19743426214216828,0.20833761477971577,0.19578063764951562,0.14784440891244505,0.2554307216662839,0.22706969282802658,0.19632437961631005
-0.0598870570523515,-0.08491729818731011,0.1638948778507324,0.4449880740344568,-0.41616204665488526,0.01861847432090938,-0.16175534882148396,-0.6916165404787991,-0.4158349779003832,0.6128526990327042,0.14487267322350703,0.23067536749887999,0.17468346520370567,-0.5095640038078877,0.09722389766733931,0.18328639266769958,0.12228004497414058
-0.04832858556659281,-0.015487918915060636,0.09704103150877229,-0.15995747267136828,-0.029226509499449476,0.0347991436828663,-0.5175834750083645,-0.6913909967241029,-0.5163037011980971,-0.1297690690363139,-0.16529412384690742,-0.1153922887390443,-0.03376511552019823,-0.10751480871278715,-0.1731466025362088,-0.010566943813029488,-0.10293095778535988
-0.022184521748770995,0.004708661744137174,0.038054530795566525,-0.04716911710903235,0.008680090101042762,-0.060734379229009976,-0.36615166096504076,-0.40555221974138417,-0.2924063900015708,-0.108073768790153,-0.09967877864712177,-0.06659036394085979,-0.044819728496142984,0.036024922188694346,-0.10018600079497189,-0.005872609196427016,-0.011033639411766596
-0.041863361065582846,-0.03539453466097037,0.08803808845977623,-0.07159298669368311,-0.17470928572038213,0.014287681018530257,-0.6407916497018494,-0.7537030572453324,-0.5193438323069562,-0.035470875694014026,-0.12288610685752996,-0.028773815867110628,0.0019964076615214487,-0.2476934357790949,-0.15805149613280411,-0.017416980914488126,-0.03754160921474417
-0.1057230698471911,-0.11869911257410684,-0.2470599262414188,-0.2897521237430312,-0.07768331547388431,-0.11772105459758167,0.022813336282174218,-0.7672559916249458,-1.102675028538682,-0.34095288768407905,-0.20608047845354832,-0.2599660993137786,-0.24862759642167803,-0.1867546044470851,-0.2469617599318581,-0.84944300775808,-0.7693986991019135
-0.005535438091920751,0.0100628745350396,0.17928472694363892,-0.21166117534531184,0.06274979955472586,0.05308967770460138,-0.40352650241554205,-0.6590427371361545,-0.29359007509781876,-0.07553480700130817,-0.18786478185727212,-0.04864753136283249,-0.06558220972454436,0.0075221060072704765,-0.1381833253801527,0.010583616424591874,-0.07120930312136449
0.07259022284067151,0.1295109001724666,0.06530468363082371,0.10650643641832977,-0.3617325445411042,-0.14654131407692614,-0.11274668506867919,0.12117770870425679,0.17878821620748084,0.03381626329080023,-0.05344853633771867,-0.03789434125368312,-0.12100433225507132,0.010189799680313298,0.17329480125846008,0.313755484418868,0.28597322872617364
0.009067940524369204,0.031420455737678425,-0.034369282735999235,-0.04386321568181779,-0.10338207751433266,-0.09781026229513483,-0.46751605796938817,-0.4314355732751755,-0.4538367629768143,-0.10393434177475531,-0.0023183104548437227,-0.11536245206914957,-0.004898119971318213,-0.021038071380743314,-0.10368715783891819,0.011742652905935864,-0.02273694593281557
-0.07151527234780483,-0.017351404165138782,-0.24489445647959884,0.10563636037711349,-0.42385429898725413,-0.09828610055901295,-0.23024059621058462,-0.6077966980583861,-0.6320129587887341,0.11113702491168045,-0.03419651582986147,-0.019627989571003063,-0.04858484289002434,-0.4780589035860081,-0.1707699303687391,0.0027508552839680916,0.018126724083687304
-0.04309710864911829,0.0001976016706338259,0.15288738130090448,-0.1873449254107779,-0.031301463237154895,0.03677067966843305,-0.5456508291556759,-0.8395600119655943,-0.32857018178090075,-0.013263107325806647,-0.20073037069280497,-0.014730409479609172,-0.0233994049271278,0.005406195513405722,-0.2040082089433835,0.054765607686276904,-0.09320669616694623
-0.24624077697896268,-0.22591562064819892,-0.6622088991683313,-0.8720167026767806,-0.12180967511414079,-0.1301111681483579,-0.08961878208224941,-1.010516494302218,-0.7800726830094739,-0.48377066055482426,-0.43036974242969783,-0.6119852747427575,-0.42844453844735825,-0.24269493100195427,-0.3675318244279295,-1.1435968190023516,-0.9305979085938294
0.012469255111650845,0.036241686242196904,-0.0798614458396645,-0.10324944586951647,-0.02487841754352887,-0.028290383584435627,-0.32838257533447146,-0.5610319814051057,-0.36687792359711924,-0.0572163661151663,-0.07759323666192292,-0.06795939742505556,-0.03184235314278811,-0.09728088204836197,-0.14895351891697423,0.00939187097969609,-0.037622471327547126
-0.0291049136061158,-0.02766476140041494,-0.09679145321895297,0.02955100381714702,-0.17630240081517726,-0.05580537989557338,-0.42735908204800466,-0.5424349525305578,-0.41578774415505193,0.01188949496113434,-0.07216845261733203,-0.0707577713897384,-0.024479781244333372,-0.2072017890907918,-0.1533140248035623,-0.0025390449181610947,0.02839083276133644
-0.037482509114719766,0.005138129247718399,-0.007670827230267869,-0.0934911218376693,-0.08532304943617317,-0.01637157575404378,-0.5100393434796086,-0.8964310351359177,-0.5885234946083688,0.01542288563658144,-0.171027968213607,-0.06793534770668413,-0.05422539284066569,-0.2866638937032993,-0.24894228224336337,0.02065134509062914,-0.0977184050746367
-0.09064709900919886,-0.06501512982010435,0.2921843480018777,0.2603130724688307,0.4679992303672571,0.14570343066437288,-0.12887058084721037,-0.3399863514169745,-0.08964867323431691,0.3525306199751057,0.22556417200191461,0.17236712114851344,0.1824370404965441,0.09212764398196228,0.08558130711695251,0.2262052377363716,0.1554817658860576
0.09419029093785143,0.08792902097531514,0.0537509287847348,-0.02421236239619959,-0.32304592687266087,-0.17293363925162325,-0.21004992015033125,-0.13745161223645236,0.12642489032489931,-0.012466491041324548,-0.039951376711658555,-0.07930749469595334,-0.12037524022431428,-0.04501948097707046,-0.041838705585802216,0.28905029205376737,0.2912171439207019
-0.032229305332081425,-0.05823191818055402,-0.46925059964702903,0.010116081191388357,-0.6486987635044158,-0.12172485398380269,-0.7029389182082811,-0.9705434061765186,-0.8722949853633617,0.21724038670358073,-0.13287527361989485,-0.04031840665132305,-0.06646708505815827,-0.9766482391830213,-0.2175871623881981,-0.13633012710384765,-0.13056690903738855
0.0024049626989169175,-0.019344683438022817,-0.3289319599014396,-0.5459374766923452,-0.20352937915890243,-0.3891001673398385,-0.5184204800224553,-0.4271091885947578,-0.13400177708353544,-0.4223016276524881,-0.39276309331096976,-0.42990083771237286,-0.31488949021990503,-0.1648487364733017,-0.3728166043142472,0.049606089606517995,0.02516227483006619
-0.06292619771644109,-0.01816706408438324,0.09595769229974427,-0.10062436438647511,-0.10317895974401152,0.022336345260805475,-0.3397983939239266,-0.7677162144858076,-0.5089135900919171,0.044182653536353964,-0.22743025598844333,-0.02623643857647151,-0.06257045003422827,-0.23935057383254876,-0.17455834445353943,0.0398441636781894,-0.011234647538270361
-0.051479015062421064,0.028922687061535602,-0.05850460348641217,0.011540459341056193,-0.11281784173594873,-0.13806351791024038,-0.3516230604619458,-0.6012519615881134,-0.35943151298184384,-0.12027602084699271,-0.05507802384837868,-0.05973577093285373,-0.0586044536277453,-0.06073264883343192,-0.06719490125582,0.01501973208069656,0.023980692070668014
-0.0577346097910363,-0.0569408462017324,-0.23063697475429495,-0.014190460194906355,-0.3245044484201927,-0.08862707135180875,-0.36737007148749096,-1.0518603089082394,-0.7372303282912981,0.204704984421,-0.11081081385122807,-0.015647692777431325,-0.05208542823362854,-0.6726082554060961,-0.21974552285951424,-0.012848439322721512,-0.12507922219376896
0.014420924915240033,0.033809400904905106,0.0673797283268262,-0.08147749489476573,0.18990911770068897,0.08931727363216649,-0.46481520896602935,-0.36023813838345764,-0.29896155131851787,-0.12481159262293241,-0.031398946279103154,-0.05014357969337385,-0.07473905354565295,0.10852791736352262,-0.03141645991725319,0.037185059957038975,0.0015189380808366135
0.009509571147470615,-0.05328270327847435,-0.09323132876520018,-0.07968869801483429,-0.10892877449052842,-0.0525632442953885,-0.5456504192968231,-0.8785652715300151,-0.5355714031157216,0.04191503058960644,-0.024597570744858924,-0.04838962788193055,-0.020316898391900536,-0.2164573514923191,-0.09922171698901566,-0.07981227898981988,-0.07345659474778338
-0.007783439930150481,-0.025490273117850386,-0.009817237739457392,-0.05773336664982521,-0.26891196672487305,-0.011819967984782614,-0.45930417911444377,-0.843930882577921,-0.6749424864747912,0.008438826383812019,-0.12657322186142056,-0.04351292135281063,-0.09627914117396903,-0.48197494452444645,-0.21375921268512918,-0.05004928363348183,-0.13150571461544597
-0.17011832344716663,-0.1677177923494169,-0.8915544649298569,0.2293833869823813,-1.3195033149662438,-0.3054142181259899,0.16194715616681937,-1.7384938737021631,-1.3610949724153434,0.9135089409930112,-0.20983317455646341,0.03321382281444427,-0.07053107302913865,-1.8023171921559298,-0.4889020745619131,0.000307972082206425,-0.2680255659184433
-0.03893426281980586,-0.003960811453310648,0.0783162579708263,-0.20734851439971175,-0.06916837268468376,0.024519667048852004,-0.3668695214131155,-0.8804635153360993,-0.5787442482920025,0.06446077145060214,-0.19239719060344224,-0.09169720315471985,-0.025124834727172907,-0.25177967640816995,-0.17744025416704146,-0.004106657428089428,-0.12365862990469763
-0.02334414304867665,-0.008029533656832896,0.07014059478093446,-0.11317088581726478,-0.01806101392237378,0.04305955989684581,-0.5434275427979076,-0.8794328951356651,-0.5202226345503069,-0.09689101590798706,-0.12143579051255331,-0.05863262219904563,-0.07151547611714588,-0.09248692302543533,-0.13390638955862025,0.03986719937451996,-0.0690827810851159
-0.043339356950196785,-0.0020587944281124314,0.16493392864711026,-0.2546677138304247,0.1053754172461053,0.051335887049545635,-0.3886706124636328,-0.7262418784981292,-0.5946571164929831,-0.19346130756762117,-0.23524195333271863,-0.040879375471298496,-0.13606506294874993,0.09747720230822061,-0.1575389363825399,-0.028298767768147114,-0.12562879292560422
0.0379033915030645,0.07152151491294144,0.14127362316828357,-0.09468263806260369,0.08883068604492035,-0.059032942906567874,-0.3362013610119007,-0.6848545065593015,-0.37846740553505975,-0.1383156807396574,-0.07696442733194499,-0.05295672415173277,-0.03780941380695738,0.10789282929120063,-0.06799035652162651,0.030281572131852716,0.005303553756263187
-0.006059234431836076,0.048950680205892945,0.17634405153146307,-0.05198996988790875,0.10056960509572761,-0.019930425507174627,-0.42354527137617576,-0.5645711436165796,-0.3101133441135711,-0.12517576376362494,-0.04246398025900309,-0.1015843189605967,-0.046546757727148884,0.13435969531694783,-0.05817316648413003,0.017605368337324328,-0.017608373060414552
-0.07130540372773288,-0.004169142822204603,0.20070685327324791,-0.23897526187710647,-0.027797817798946207,0.03473520699204128,-0.6144557658083375,-0.7867822694073023,-0.3261421437890515,-0.12008533063672294,-0.15213831389367924,-0.05677914470909984,-0.02918684570377349,0.10193985008363506,-0.1980125969522768,-0.03409406544717812,-0.1472810672505378
-0.015340597740556764,0.060107660817143846,0.0538176488777717,-0.0726281597416046,-0.08563981557439013,-0.1683851388286667,-0.6746911061311337,-0.4663876776494445,-0.3208085773239286,-0.09040149106759121,-0.06900655403839358,-0.11599892152966991,-0.0025401825360710007,0.01956889340221394,-0.13419422268794476,-0.012842343701367881,-0.00026554687362335527
0.04791518171953287,0.060844676368856855,0.19580354525726373,-0.15727961511662825,0.19480483880462418,0.03456228740454385,-0.7897594422819323,-0.4276904990744135,-0.3143306182578797,-0.21266885192548957,-0.035875953882702684,-0.004050982634055674,-0.002807499519097131,0.2270740603524235,-0.09136672177220197,0.06234581647619183,0.018852544859889925
-0.047879219699704746,-0.05130963037863534,-0.1142668422201578,-0.006239969289489875,-0.42716449852194355,-0.057859741103419966,-0.5320016157347917,-0.9195585557243806,-0.6123478767169951,0.15923590957219466,-0.16782460855194944,-0.03947954151599847,-0.06871686560818287,-0.5926942047221164,-0.2207344331638723,-0.023239977694281676,-0.11993867638938924
-0.03669627856032244,-0.05765948926891769,-0.7059135705608829,0.12888194871489386,-0.7942139977860222,-0.19351237141184754,-0.37367803273364947,-0.8487824873676652,-0.98227364326398,0.3487879426232113,-0.01055219419112571,-0.0376320190990762,-0.0950226923555686,-1.0783901562422529,-0.2748894104131464,-0.05944825482300527,-0.10130164840932938
-0.03766571872320293,0.007610148242566593,0.1387699944252336,-0.16478612499824016,-0.10474386224959267,0.045980003606845544,-0.5193448770053799,-0.8145398948630888,-0.528470329432913,0.05411502090714347,-0.0785466381170945,-0.08420396427710038,-0.041531578758545656,-0.1713580765931167,-0.19809637124285637,-0.030862188336123808,-0.10357616810828783
-0.03238527054913193,-0.019814602850710628,0.22744044153259937,-0.20859006052815213,0.1954666409603958,0.13355819058561041,-0.35890303397165185,-0.9146635869370986,-0.43816402932717846,-0.10613480873582891,-0.12274074392742938,-0.05450361401309482,-0.04024274506032245,-0.03770963795910599,-0.2660913087626229,-0.05222711253954542,-0.0915877026959596
-0.025237135763567294,0.05501056541021372,0.24306568186792638,-0.1418456399637597,0.09019150306682137,0.08529838646709995,-0.3597246532013031,-0.7077971527710616,-0.40735820215948126,-0.19672177975547558,-0.13873911133851624,0.0015451585576764769,-0.036713606631013626,0.03732800114137136,-0.12429960593192813,-0.010529989323343918,-0.02834244540807089
-0.03297212114619804,0.018030411765275988,-0.06267404413293397,-0.07563936977872256,-0.045830521536231114,-0.038436241936716846,-0.5361844368539139,-0.7769981359318179,-0.4871725532789814,-0.10394852312309702,-0.04253258248613889,-0.07963314544137177,-0.061756787074912556,-0.20532344175898817,-0.14525789425363536,-0.03233764980921211,-0.040170434708692276
-0.05218352305759625,0.014631407907357057,0.43842176847155373,-0.24973952869174612,0.11447208964932677,0.14390799014618127,-0.4329669540153994,-1.0338106893154084,-0.3425635088405815,-0.260898573805133,-0.18104943870898335,-0.036459249763495204,-0.07510357678657824,-0.05819242367210928,-0.16417387720226082,-0.0681892101108207,-0.15300748472079548
-0.03547930285254203,-0.008722940747211793,0.01953706438093309,-0.16049735097708323,-0.13247116848515275,-0.02524704981810417,-0.5459634541124576,-0.8140814549799661,-0.5102891252028929,-0.0037292797012289064,-0.12182970460452291,-0.028157157553950932,-0.07696169431476459,-0.18169962594513406,-0.12614287264439888,-0.05447810576173642,-0.09332309310099407
-0.0614099630066587,-0.03943127601325485,-0.5503400393849573,-0.5247753097639912,-0.40543897062733103,-0.347662025642252,-0.3463238216759686,-0.4725820723192466,-0.382373467335975,-0.3715320078777758,-0.33655787445573443,-0.3606746461660801,-0.45157001760506577,-0.44257960951643766,-0.2985760702311479,-0.03268160791327679,-0.017624198366921272
0.05823156109906452,0.049962734301047425,0.27344934513271446,-0.15367598560250528,0.2822780046594593,0.09744465458424979,-0.49426423925511703,-0.20255805710868047,-0.13238171807177343,-0.2509328457127936,-0.0270088582637494,-0.07113194410805597,-0.05993705581998882,0.4202463429180541,-0.02891213813126074,0.054818461977823675,0.03086051435936693
-0.03376228537949928,-0.06941893942818152,-0.18923710076416342,-0.023595711289530894,-0.39805865787177125,-0.089997981456222,-0.4035162947903506,-1.07489679379247,-0.7435545593146196,0.2718296621640688,-0.163890882380191,0.0060351808734220745,-0.07798500343749609,-0.6206348448425868,-0.22973635589722957,-0.026390827496893265,-0.11891157683666626
-0.05054944997100408,-0.019531126409942243,0.13159409267066732,-0.15480433253719955,0.1671695904354646,0.004966631579656828,-0.22231062473914648,-0.36829075789189225,-0.24933552812324541,-0.15734193079078745,-0.04374833725299975,-0.05511862338530276,-0.0365951496093076,0.20977335415941373,-0.10850142249284254,-0.006385263952897599,-0.05019830925299392
-0.05209737881407855,-0.05129630586701227,-0.10920004096958011,-0.09058511003079983,-0.19635607741468283,-0.08926109359462703,-0.6933288421158768,-0.9635865765775363,-0.6375671680142668,0.07239600916729967,-0.09465576807521009,-0.044304381181730496,-0.050251978941895474,-0.288722334761878,-0.20749106038967616,0.01048918361632357,-0.1095292412093251
-0.032913286939019695,-0.06451886100654759,0.3955462015495178,0.32601243280555975,0.07391537478169015,0.03620428860705164,-0.14350954936606292,-0.642899108282736,-0.3781814092067616,0.5493180226380326,0.11670738833499113,0.2638100571034898,0.18426867542899467,-0.3475881572270899,0.1123418182732394,0.221007050862883,0.1761428983297788
-0.07005562955941598,-0.031112808931078664,0.1365979677327843,-0.14007032774600262,-0.07964301140247522,-0.02265209083450644,-0.38738286991612,-0.8862307579039439,-0.4150768699801263,0.1314038271922473,-0.17592818870523713,-0.012245058700420294,-0.06411970705904453,-0.36872438040296834,-0.2664902512038172,-0.011609954954304464,-0.0968527112058729
0.030463584945557936,0.17867359843321426,1.0961465010674678,-0.4619217653225388,1.2691381867099292,0.28253198210159497,-0.6729394799144476,-0.10372512142168153,0.411145922216049,-0.7013519241654492,-0.10400222404590094,-0.06406113622651971,-0.02682363512896854,1.4881090745647159,0.054937635792723885,0.10839031387677311,0.04431889816216855
-0.20523182309111912,-0.26037199780663717,-0.16645055364360015,-0.046040269399204956,-0.6742806349575355,-0.34079889076939257,-0.5606654048085349,-1.1143124555836914,-0.7394907292902851,0.18107323936650144,-0.23799815626550094,-0.14412775460979024,-0.20152887835661865,-0.8954546573285309,-0.43466631309061204,0.1919400185290382,0.09276129745616843
-0.054696545436591304,-0.01099894990609714,0.014099608773631164,-0.12783169328707636,-0.24961736733146261,-0.047276451340792926,-0.31940076689464447,-0.8533865699558661,-0.6212477925540473,0.1295363916594065,-0.21595092763332221,-0.0030151078380621144,-0.08167808506410312,-0.31419003690927894,-0.1864374447670313,-0.0565500651727631,-0.11638204221313708
-0.026358788699437242,-0.004937746390156545,0.461963637314506,-0.3002716830004592,0.11229495932210543,0.1271314099878365,-0.4675054728925,-0.8448743573313682,-0.3128731526202297,-0.08545587690390763,-0.127784230711565,-0.01630041316544498,-0.03281708914941687,-0.12014911310248501,-0.17113770303818357,0.029277209341946633,-0.11132538681825163
-0.09131381387854964,-0.021378911384056565,0.047838372372610294,-0.1083504036337465,-0.1424213558716479,-0.05002647518869066,-0.34713115391732213,-0.91191951640248,-0.5209705296166685,0.03854564515161992,-0.18873070671930017,-0.052576560790132856,-0.04687188540159198,-0.25094166942115026,-0.1937443919286555,-0.0059099789222848646,-0.11949395389435595
-0.13017586148117632,-0.11675864575145023,-0.581894207335983,0.07326596862316523,-0.8401505134773833,-0.1645416388820642,-0.549294452631774,-1.273957311403488,-1.0815049214575283,0.48219180145360585,-0.21441801397755836,-0.044517482709779774,-0.0772476786398052,-1.0257819033546394,-0.3160636294483879,-0.13942079127565066,-0.11382936257974341
0.011584353767860848,0.07119014639988329,0.28657406693087284,-0.19139025768504622,0.27606802304547284,0.051892593969397056,-0.42078281232954684,-0.47299402164326215,-0.2325501950829434,-0.21125295380687192,-0.07423427499496513,-0.0753474584623161,-0.01940508200075445,0.3196046650108952,-0.06932256025741333,0.01760480381293628,-0.009613088850064852
-0.11391424853227371,-0.07360942582975415,0.8701959246605343,0.10808095931677814,0.7637337033339691,0.31610985661702007,-0.01316099719869629,0.03051994901814559,0.3911244337463622,-0.07033490529592826,0.19887378046928958,0.2057817052088533,0.2029795458068404,0.8162134403442641,0.2661436188990109,0.2996660588010264,0.20061170166307515
-0.019231682792612732,0.029100789126418874,0.3639127178121126,-0.20038643467894782,0.17794518414932667,0.09355182595295773,-0.3977812286325341,-0.8356681863382988,-0.29696534504024563,-0.4398691604268878,-0.0826483202163245,-0.05424160738419129,-0.11254489802319416,0.2908990835450161,-0.12974799908197626,0.020877751063625282,-0.052764010263083985
-0.048287297240601566,-0.05138986656523456,-0.011795006351727822,-0.042738694152610994,-0.4405414375854413,-0.04497470191910526,-0.5434217607315882,-0.9544909604212838,-0.7092905649608771,0.18762783586490633,-0.14882377657167933,-0.0071626328585615035,-0.07904972178393695,-0.5054759051790644,-0.19203834352558477,-0.050137002846320555,-0.08232253257967143
-0.032421988548660505,-0.024013554894289378,0.02025515221980625,-0.11953855150045202,-0.2618551477603822,-0.05295612829278866,-0.6130989433705236,-0.9989592317683292,-0.7027302222273283,0.06325895256199457,-0.24362229607911182,-0.04445356093093178,-0.05742124658386871,-0.532233441738096,-0.22666983356176626,0.041004348134743906,-0.07560072720086881
0.05726676517699919,0.07147166503686919,0.25545607818598953,-0.15839165204457814,0.27124374366517795,0.03870702423711132,-0.6326072774263123,-0.3724379213757444,-0.14697217691298284,-0.24334462865298698,-0.06151637088334516,-0.045974111417433024,-0.06272400918697146,0.35408666563087393,-0.021452646394292278,0.014118534139799343,-0.032722575433654505
-0.026651346971008065,-0.09042328279925306,-0.40467982919007695,-0.48744360625856376,-0.2554083046826446,-0.35514169715811583,-0.454734564495057,-0.2865782309189583,-0.23594809296168456,-0.419315043308158,-0.35941708351921786,-0.4457323511144514,-0.3482791657957381,-0.23724252031403517,-0.2924165070840845,0.06293122577988079,0.06749853213876196
-0.04635767796671533,-0.024408723159844492,0.0972769110875198,-0.25461658125384645,0.02374037382273487,0.002885386943741836,-0.4006632237992528,-0.8634342724343929,-0.4391116371185023,0.023651656062816884,-0.17402151335407187,-0.03973517889318409,-0.026551055832719987,-0.4015380279505843,-0.26235837665201384,0.017262747168535243,-0.04731950858524357
-0.05386468315276293,-0.02981927323895126,-0.15209470266580974,-0.07550441968115601,-0.2733733998474589,-0.0019405306656899008,-0.41703612278415114,-1.0383397209788459,-0.6313066228537401,0.09424263478675948,-0.09887353481040331,-0.0647072340629119,-0.020392328371924267,-0.38758027217955354,-0.21706332362977063,-0.05136687958854382,-0.07308416375732481
-0.03478452511518102,0.03790588176408422,0.27667621280308463,-0.16592989092407306,0.3036971373052942,0.08381077851630242,-0.4642711391104085,-0.4111062479614046,-0.24275908352971579,-0.2695743362982705,-0.07502402343632988,-0.08399282435378776,-0.05285221757679004,0.2744139418038138,-0.05974691432719411,0.04526851678844278,0.024664405178016477
0.05202722722336909,0.17918032872614784,0.06406050074662156,0.13205171148273842,-0.22062798294512184,-0.3166229391485379,-0.01907417717747345,0.12867233927285104,0.11280302394683431,-0.027245119318710032,-0.008601261791569798,0.035137199212836076,-0.05464177777075849,0.005215798276620021,0.33010139769628505,0.3439616023399917,0.2705224902561934
-0.0590889856183348,-0.052138546315899946,-0.25601543142243405,0.023956225541714764,-0.32827461347924336,-0.09399454159894804,-0.5150876807638171,-1.162894265649337,-0.7718390813774062,0.18381807988609192,-0.13768424455745581,-0.07637813977686858,-0.07298057922837464,-0.5730434486634317,-0.18289947857453173,-0.10335329848708667,-0.12686188788428052
-0.18881510060674148,-0.2568687362225823,-0.9548744530572327,-0.9406654041150292,-0.40805025917762383,-0.36384282731707124,-0.5312410003992694,-0.5919742925664564,-0.6931366079299167,-0.38787217720514644,-0.3895141759349634,-0.7286465229521476,-0.4739971816681548,-0.4424029448298606,-0.43679489302767316,-0.38190352769393154,-0.3411121733165851
0.12012464103600252,0.10141771157993121,-0.12851691843818064,0.055463387387889695,-0.5525019341664937,-0.2285203256013514,-0.2828792315853157,-0.13499480360365482,0.02864536476622956,0.07888891503687111,0.0013832739352552994,-0.04697217680227508,-0.03905478758996639,-0.2839312365153425,-0.054046489405672075,0.30445376750244457,0.2896048809200376
-0.07143312349164337,-0.031066822181043008,-0.19805987141752576,-0.2785805998011967,-0.2544626042703504,-0.008270791242993627,-0.44383757023571896,-0.7860214222575684,-0.6253971424048734,0.03395520843126896,-0.2113509444884529,-0.27101815184654754,-0.2800121701092683,-0.36093801764192224,-0.22741364658528512,-0.20962996820673152,-0.2522678526979812
-0.047305607920668825,-0.03873557697116575,0.17650633093698986,-0.2174996312854779,0.15558213191155543,-0.014410487383921275,-0.5343344454258173,-1.037230433684208,-0.4251879563232028,-0.08323656918354827,-0.1545165592857329,-0.0524711162377417,-0.007277435835979317,-0.17548698883987807,-0.16078547965010492,0.09055220247516346,-0.08881449891193259
-0.015423745662189209,0.11477977934290366,0.5661097122931591,-0.3254859456317422,0.6560724512148157,0.16549894677354174,-0.40353342265662273,-0.4916961743441146,-0.07983357349093113,-0.40039148088246246,-0.07657849347907117,-0.05601071015149354,-0.043943072814066245,0.583864490328405,-0.08482508892810252,0.04575102914665824,-0.0865323499284463
0.02982706552554628,0.019478141496866653,0.40233188347710475,-0.20537614184732522,0.48881662009662047,0.13810600685624505,-0.3477487066292351,-0.4641092822754365,-0.11258138572898331,-0.2467632698754726,-0.0726530874537677,-0.05184633859497894,-0.06810510070468688,0.3693917468958235,-0.14171630274351132,0.0967782268380099,-0.044897351620524564
-0.04427309409852239,-0.044238558516281404,0.5552436703231619,0.2783698021864429,0.33822073244964834,0.17841854496782075,-0.18273689859585845,0.009226112051393606,0.18869940108424224,0.18149843038240415,0.25457646874348316,0.24916764521269386,0.16466081722562595,0.45310800630897236,0.31625076055033224,0.2268125705567791,0.25044691579627426
-0.1342250041643473,-0.098199958231325,-0.7862761786537833,0.07818599936745814,-1.0393720323579838,-0.215186988420321,-0.5955984202815127,-1.1578521668785342,-1.116733346908981,0.44047142250155336,-0.198377551360903,0.01954281325605158,-0.05292144424926992,-1.2180979465745485,-0.314565169005098,-0.07611168396633244,-0.1550482005916877
-0.024247246839531566,-0.017568567187232275,0.1757811195495266,-0.135501578244182,0.07844385378384183,-0.013521515448573598,-0.5184057680622893,-0.7638502489928254,-0.4765469456978717,0.057989761796172296,-0.12430440009784487,-0.03694721543662592,-0.0383229696879102,-0.19076558261379814,-0.07530298086533857,-0.002332803355800804,-0.02639132557453657
-0.029752911168192384,-0.024249630481546765,-0.03232381951952037,-0.05142662357056957,-0.19168663028222083,-0.030628305253962627,-0.42592197027579887,-0.8892050275174955,-0.5626198484836606,-0.03384714269551422,-0.06602406403432191,-0.036320245155647475,-0.05928664484519599,-0.31993077606599984,-0.17242995087672344,0.051203418299804425,-0.14073866966651621
-0.06540710838701858,-0.07937703769138042,-0.2833003355050066,0.026778368967848923,-0.5191655954426968,-0.0886892758754515,-0.2782003501314318,-1.1534915149926661,-0.8437320901541462,0.29901448750673315,-0.10172440053503189,-0.05222942082109253,-0.08354773306281522,-0.670293809597272,-0.21908824469320407,-0.0629849357567534,-0.11674596333070116
-0.6182098778832971,-0.42275124141010695,-1.5662543474342974,-1.5096418724526655,-0.6631525814049756,-0.5262794786147964,-0.5049008714848322,-0.3911265451731937,-0.4568712009660986,-0.651278248675059,-0.6428192728737323,-0.5453915901267521,-0.5248590501891076,-0.550853787051981,-0.5262330612805091,-0.7358381866207635,-0.7519743499454027
0.009850259228840764,0.11556530224508112,0.84540414453656,-0.40911408489125684,0.9995492916885321,0.2012438166281803,-0.4170553339110965,-0.3737440465171268,0.13145517689004993,-0.5292067091907193,-0.10686433533118334,-0.029236105590302028,-0.017195744789379967,0.8311947387850434,-0.02559670421164257,0.1026505316816748,0.007915402592883427
-0.05962856120392935,-0.015575524118936647,-0.5650026109273328,-0.5496926183715092,-0.3516748946084831,-0.2567769259960655,-0.5273012734989098,-0.49656036562127664,-0.5390351087529632,-0.3580991436153656,-0.3718589323524858,-0.38847688189455126,-0.307638190277119,-0.33758580770022184,-0.3993995121583638,0.0036469752333570227,-0.015044393925988407
-0.10712695028901005,-0.0431843848931723,0.617349487355947,0.2371152650299403,0.4872813993742314,0.2123646622195701,-0.08640676309193462,-0.019246907026885224,0.18343329805821718,0.07831082669447334,0.33041852478856754,0.22652639071603664,0.21581931601320514,0.5995683582394101,0.2691084218953162,0.2659966873788276,0.2294817305757101
-0.06900836731532957,0.0038709426859355744,-0.5871267067030155,-0.5039274155227998,-0.26157951497954823,-0.4281611824997229,-0.34774869505956224,-0.40479351218311554,-0.4774561186769884,-0.34031176173896033,-0.46930760291860246,-0.2803920356944875,-0.33132141854733965,-0.38936629862168093,-0.20573309065083703,0.036379349578815945,-0.007925942908415135
0.026990019786870028,0.009182880047615046,0.23013909173609592,-0.23182402227772486,0.22442086672989262,0.032333453986742255,-0.3995975052157758,-0.5616803067149762,-0.2828543845740962,-0.26735680792647276,-0.08758110050291959,-0.10530618314870815,-0.015727860999217823,0.39238558010706814,-0.02132478761780828,-0.043192664402564494,-0.04783730080251219
-0.02336046055643146,0.007104911201026149,0.3280799074143638,-0.1341432765939555,0.1117798115997115,0.06879782579155148,-0.40795220777758334,-0.5498380993498205,-0.3778949684215023,-0.12459778324099813,-0.07316865466407053,-0.029735954626352385,-0.05666053483209831,0.10260692627254718,-0.10544297189660397,-0.0015443300874927956,-0.06535827899393537
-0.07710965033797723,-0.03884686757850462,-0.10847163678057822,-0.09042520520274669,-0.23310408576185396,-0.060696128568461585,-0.6164538841990346,-1.034632028777917,-0.7069764385884233,0.023682740130152573,-0.2437115561374063,-0.08208435431727905,-0.10376442215131973,-0.5450938557828331,-0.2370362377820637,-0.12384938522609029,-0.09283502421631096
-0.059302253249353065,-0.04604871588310572,-0.014445637940539133,-0.12973860523170413,-0.3118695640888566,-0.02343122778283642,-0.2517775710050957,-0.8315959339412845,-0.6321026495121832,0.03251243531277258,-0.11976150879064133,-0.015377507401121981,-0.05036767206713418,-0.32850749251348127,-0.18365489419963538,0.07050766463658462,-0.03425127437531249
-0.039110803579178795,-0.055244241136184896,-0.7523890731790269,-0.45369080286291064,-0.48510952181002187,-0.28265750718951804,-0.45369839696478,-0.8535191417427004,-0.5815431743881176,-0.28123108324176754,-0.33899097341530515,-0.32508925112131404,-0.3295272590076088,-0.5230275168551431,-0.3783687254006537,0.013509833880030797,-0.011783892725410361
-0.09708331262225828,-0.03002593417605655,0.8086938164263923,0.22713080211905817,0.6623298329440028,0.28687279581989983,-0.5049008714848184,-0.005477787433673903,0.3412400521831186,0.06805713653802076,0.16702945223458615,0.17827578059500396,0.2228853665150007,0.6334661521866124,0.2463248397888106,0.303596634784717,0.2553639655154528
-0.043720407070933276,0.034470709827731025,0.2580973700897733,-0.11435430238177077,0.03854946095168064,0.09142841586369896,-0.2982235045341636,-0.6601848755462516,-0.32118952576317356,-0.11195664627281608,-0.13847248850664828,-0.07567764210927039,-0.037462861698207436,0.21980850043954864,-0.09384539364127793,0.1347376511529812,-0.01229338693576774
-0.005550340836936193,0.14921295093171716,1.1935534879953345,-0.5851022687912195,1.2263072784856786,0.2815723916359734,-0.3602305608713688,-0.03610098079155404,0.23482058391719954,-0.7794303846342827,-0.1339191305714922,-0.13212360219058863,-0.029016763817232442,1.4674249151145229,0.027451243326478292,0.13831540683321103,-0.01176044808721962
-0.0364555051020449,0.029706199960377537,0.15204577087784657,-0.1910449844194735,0.0021983289502283503,0.013166433059419193,-0.4906012223264572,-0.8491387150901846,-0.4996520825364881,-0.16772948778532185,-0.03301278841840866,-0.06746360618271709,-0.05505448790373106,-0.037151662930497355,-0.100124150189648,0.006885362527721891,-0.04819355215983026
-0.059499957339419575,0.04840553279091583,1.4169771091168417,-0.3517417949049297,1.2695022936269449,0.3518305549110495,0.08514127539998634,0.546140775168254,0.9184931870794251,-0.9441904972230081,0.0188790004919342,0.018765913404510774,0.03740345075941605,1.6923050647043891,0.23601051726604924,-0.1370019127486135,-0.3666995536153393
-0.10906065003101548,-0.12857543488179038,-0.8760352984599207,-0.8795454031465878,-0.3886857582553799,-0.3403534255390399,-0.34676954627188283,-0.8393756943180293,-0.5239608838761031,-0.4485476170758747,-0.5063329862018213,-0.5472383593479423,-0.4520193365996996,-0.7186012875024892,-0.5296986200792547,-0.23102401010139423,-0.14668345806074423
-0.01264173587573215,0.09568527585968371,0.5879646697281615,-0.3141986866255397,0.5484586379189192,0.10670988950169687,-0.5434385414416616,-0.5568949289525195,0.022159791603637506,-0.26360274175556925,-0.11631383348090145,-0.031968016963074546,-0.06467138083556923,0.6228966913371098,-0.13018240711906692,-0.06517784189767073,-0.004681158439624359
-0.1413228819566108,-0.19568162327589564,-0.9725089346788073,-1.1419588659719564,-0.4964303952170081,-0.3807253868987631,-0.7897594422819076,-0.9779812582601437,-0.9404830150205234,-0.5161927296305583,-0.5148828447745176,-0.6996128378328722,-0.52496643895088,-0.41372176534145993,-0.4168780064609098,-0.40020273395343386,-0.4943168049024255
-0.05186444195289808,-0.08969695018251764,-0.38644801191564054,-0.03272849290375167,-0.7687931779810067,-0.11602413024199461,-0.3641004863210935,-1.26960051719542,-0.9524202287613237,0.32160107568626994,-0.25523996122036474,0.01013064064541054,-0.1340966137096644,-0.9670041856619646,-0.26970667400333914,-0.0014006302996034288,-0.1289244765636975
0.0291619814927168,0.00825458922828555,-0.09469334816494077,-0.0793471898063806,-0.06175974594315193,0.023832897116213735,-0.524911548403208,-0.4077803752793903,-0.22213878339312357,-0.03331788130970644,0.038114277582612995,-0.0574600543032976,-0.08427941546624003,-0.1896304765713378,-0.10367264948962386,0.02508380391482071,-0.03173805266293017
-0.05914441362478584,-0.0490829317897082,-0.4386672158499249,0.040045976243897184,-0.6247020430830282,-0.04606174879419626,-0.5343229477524224,-1.282686479556924,-0.8656630019877466,0.28327507850485945,-0.1429184946493339,-0.016831592762006093,-0.09991724657131085,-0.909520060422604,-0.296740954710498,0.010473594979277934,-0.09272447594680952
0.019472937923716495,0.07943364465514421,0.2486777102222278,-0.0981566480919084,0.27118458886255375,-0.04712039898519966,-0.4289802680352965,-0.4177874657997391,-0.269235174034661,-0.22494313109905772,-0.0076873524754991806,-0.028954964134272083,-0.06253506517262208,0.22773510388544074,-0.0730837067248068,0.0024907842233741462,-0.02183705789772511
-0.010656531725472108,0.07884675215716824,0.5695298030824544,-0.30775853886820026,0.337600936947267,0.1308582523286975,-0.44649414049767144,-0.4670417667237019,-0.28228807271151235,-0.4368929498799589,-0.14275092313089735,-0.034622640938921735,-0.08900195240295423,0.47439364278997137,-0.09308853417773517,0.010065630425713224,-0.07273827300296042
-0.9125852644810396,-0.7813225021327916,-0.6149889220934153,-0.5708769431907973,-0.6065509743503351,-0.5839738732856958,-0.4642711391104085,-0.992601551875635,-0.8992872509966412,-0.43275518829028875,-0.433210660557545,-0.37279125251731465,-0.33481945033274263,-0.6056860929382203,-0.5532931161871395,-0.807565709082578,-0.9713598379056981
-0.03906615077460024,-0.03285723897626924,-0.17598173677860035,-0.1292613498273109,-0.2816779568238005,-0.03059001319826251,-0.4149654984942633,-1.1330586295844036,-0.6977511387336606,0.1949667571664321,-0.22306983475231484,-0.033358797035980964,-0.12300268397712932,-0.6856725166989561,-0.29939139687568034,-0.13369324004452718,-0.18107026099770826
0.029189113260760662,-0.021759557457045314,-0.5322200376043414,-0.5159059814956474,-0.2105150422399997,-0.26157169896363747,-0.8058940725662995,-0.47087947006647757,-0.3775092053339142,-0.4368785246896101,-0.3929691673044841,-0.46268167723624115,-0.3084051914519575,-0.20842179031972274,-0.3706516035988501,0.017414284050417145,0.03708349797867351
-0.05420396275904762,0.05531009124004279,0.24463471512551932,-0.19270100320325503,0.07188282507774278,0.05132672648093758,-0.5170893230098708,-0.6838266327966781,-0.4403031367497323,-0.09537138542477556,-0.15755724659051215,-0.1312736320668416,-0.06760579125427052,0.13371517780421296,-0.05383208838339311,-0.03538161411891083,-0.0818631398706012
0.01827430425444975,0.012470524568314977,0.1268637772857626,-0.06619343991775431,0.17622157559524515,-0.00934146561322142,-0.4508450943674434,-0.2524912776821238,-0.35442437565612217,-0.15518413736633774,-0.052880060814551884,-0.08964763012983663,-0.023274194096825313,0.19171464478912398,-0.03661296292393241,-0.015295141224098708,-0.016012918661299606
-0.00825070566012148,0.03811899651916777,0.5851016995982701,-0.28674856205788635,0.5062653381358064,0.1706466576935619,-0.9194578906356983,-0.38036608643693814,-0.19322342923363225,-0.23493372332266743,-0.08806445189210856,-0.05813693144267501,-0.04644665303468017,0.436390571710847,0.0030583917605989694,-0.03577235255041329,-0.0733861450959769
-0.11635627504602396,-0.15300351220461386,-0.6745767014990588,0.06838265375597316,-1.0353800647259894,-0.21873768883380323,-0.5083142743526327,-1.5422383706323977,-1.3048475385243645,0.46404653916589017,-0.13491136763795702,-0.043576158671784916,-0.0751867028637147,-1.6869142885976065,-0.3376256059193607,-0.17559600906584144,-0.1553530820109389
0.02761832098266508,0.06708457494453036,0.6546466533832302,-0.29192041297296517,0.7612193727807641,0.1468641598545361,-0.7013830999875471,-0.5384792742151412,-0.1833136524730989,-0.49305997751119873,-0.06183880930372381,-0.047022871792930444,-0.07335522858365376,0.6209846019797616,-0.09853566525093536,0.09330980458816762,-0.07352832817758187
-0.15522215476258602,-0.16595583084678273,-0.8689753543202589,0.14282037471012055,-1.3328014337257645,-0.24381788999287382,-0.43294482344242163,-1.5236810137157044,-1.4590557486813216,0.5058789660890414,-0.29887329012683467,-0.01926607176384815,-0.07481513828876624,-1.7101253222807289,-0.4113120047252865,-0.07082346223682348,-0.17256166175638693
-0.04508006331968909,-0.023103990362500708,-0.1108441441438523,0.011547419432891459,-0.5077851996789087,0.12275039045861771,0.010890014995068698,-1.154174790641199,-0.7981589115460995,-0.09355125474125202,-0.22191955234969793,-0.07504480581346643,-0.0790703251408066,-0.3357886771206216,-0.28885703682118863,-0.3894229989471655,-0.4311481718937614
-0.1839701154515746,-0.1892311680747454,-1.4644135382174097,-1.3158129150252698,-0.3439642640176065,-0.32193124622042973,-0.8462111094653306,-0.9851497514909202,-0.537565148476939,-0.48528469515056705,-0.36146707533904965,-0.5443980954867718,-0.5760774294101406,-0.33371540240266934,-0.3371618436180954,-0.4028504965708587,-0.3491145434866295
-0.16412438063309692,0.010375276545476706,0.7384663723586817,0.21702325188015295,0.38110137744490274,0.27692796151135624,-0.028628832851067987,0.00813066976391517,0.18008440299490489,0.06429471174512622,0.1301369097014328,0.17958371468534415,0.19461694823539227,0.7058557178144848,0.2751032300679534,0.1921952123505547,0.21671760095579368
-0.06744073082096098,0.026524663047368703,0.9489793056755084,-0.2885270188332072,0.9705827789620395,0.1737211725878771,-0.2645480796961622,-0.3168405677457016,0.036999580439877985,-0.3602498034733746,-0.13900556179228452,-0.017083499713706804,0.01706313068193645,0.7114511133496957,-0.11936076192325658,0.014561845935476672,-0.11141470330443237
0.048707395589215406,0.09358299793847052,0.8706107441940338,-0.4061782573747056,0.8391997873218422,0.14762121628396782,-0.3665545619386557,-0.955663218025947,-0.01434738149452934,-0.3422937222471204,-0.21043248966095746,-0.027259344637888955,-0.06701177452482955,0.6848414995933241,-0.11338251967567535,0.026463793091155756,-0.04272365177381549
0.03739994761030763,0.04802153912369547,0.776700982625857,-0.32423887967454723,0.6083019863005005,0.1136742675088242,-0.4112275091244613,-0.5181680020465284,-0.007583531969368248,-0.41285898630413076,-0.22461886686347257,-0.0598081746263329,-0.0022603356007216747,0.6567824014349335,-0.05193255756162241,0.048661704917025816,-0.055306264113614945
0.03485051686891229,0.12118346890580524,1.3156233444845336,-0.3132660986688813,0.7956881813614508,0.25730245998118306,-0.2814464024792969,-0.2152335351686122,0.39314901245563766,-0.3642954431717499,-0.07542229462349935,0.05241719214211873,0.03133596136968369,1.1127496478080978,-0.033427213134055375,-0.04751911584118166,-0.11887870732696361
-0.02400319769044924,0.060842082849081436,0.706845097767872,-0.27694857630417463,0.6049018405190463,0.16595530879764925,-0.4869074965785794,-0.33501045597385654,-0.15947849813075946,-0.3876847501339131,-0.15085375106728563,-0.05874640521240222,-0.009933199580837026,0.6781574703357628,-0.14902950234825982,0.04457032532143274,-0.0330194641513338
-0.018061805474270543,0.0702785990945563,0.6987510083899039,-0.3071985469745085,0.48964370710324434,0.1551375761093102,-0.2973137959664626,-0.3901392132397953,-0.029146062492354678,-0.4003682065427069,-0.12967425968002666,-0.06584285345868128,-0.04181733368274051,0.7062546891454861,-0.0838142937761336,0.02172474736499131,-0.1724677278545024
-0.0547567039607221,0.06703440159240977,0.887169902585853,-0.4167229337115928,0.5542076206248601,0.12295605305248071,-0.374576640576499,-0.34770211131054,0.032095206009518054,-0.35381246752186146,-0.10582685050635493,-0.12655333937589847,-0.06361693813658467,0.5598599298507356,-0.1187358168149996,0.0911156422272132,-0.10831259093012126
-0.06235909099812337,-0.08309457038310883,-0.22560621126526176,-0.12709492525590288,-0.4010448500152912,-0.04068564850177181,-0.5844885229504024,-1.2063878275348496,-0.8651114231291345,0.1321022882275976,-0.25802697895886434,-0.005759058843417859,-0.06672867816573458,-0.986069360798129,-0.4137005157749329,-0.06348878401780875,-0.11263323083034388
-0.1268496610868651,-0.19117588895476886,-0.7536723528400464,0.1644830734042809,-1.4073758112021801,-0.18960052483850773,-0.40693874148095266,-1.8347747123714886,-1.4591500374906647,0.8056405755389321,-0.2570543569714456,0.024853010130503263,-0.07504692868015993,-1.959741515599317,-0.5128339433920525,-0.04336632658115883,-0.2844902408739393
-0.04746978090916982,0.07263132024568127,0.6543065177964831,-0.44784988203921505,0.4778862743480958,0.08511095427799865,-0.32180889805651114,-0.30844445980299584,-0.08733180634772637,-0.3502038400338416,-0.10764832447976609,-0.04957693637149997,-0.11664849702627318,0.6209487650534651,-0.11186852297786806,0.03832409282643984,-0.04603525996444535
0.032624271740464894,0.06337339400136911,0.8557226900790548,-0.43984419641569444,0.6688221272947384,0.1700613292117388,-0.3964918752161151,-0.5176645296150184,-0.06245380004588458,-0.44260670410841085,-0.1932232319166633,-0.0799348027033837,-0.06496611400090944,0.7936221318069027,-0.05316564493738077,0.08299946093098534,-0.05552690871651362
-0.0319937259945026,0.08179321176818803,0.5361374943638942,-0.3053339016358028,0.6062708672459056,0.08045961988914489,-0.4074106410918017,-0.5823829466974734,-0.1233744968022855,-0.32086443952199956,-0.11358112857455427,-0.06236905284587796,-0.058097381901627186,0.6461396574718066,-0.1778300355769635,0.04513833684068307,-0.06460686847463598
0.018397952849779794,0.0679044025994597,0.9324100584352977,-0.3057840837588713,0.8282586508886651,0.24111354646917615,0.1768157467405697,-0.6474200920484025,-0.0036087931934087945,-0.38972859114480257,-0.1748276788515603,-0.004937233430217246,0.02050623644289278,0.8201772818223876,-0.10604836511109644,0.0702030851081829,-0.058212807289890756
-0.01463628364380717,0.08376346507386329,0.9259484775703027,-0.466508192947096,0.6564278032332881,0.3245828060006994,-0.01842333422100695,-0.5645954802054788,0.060604162595637535,-0.39460181453390336,-0.1865864712130384,-0.03947185450570512,-0.04332308850118571,0.8035905537644125,-0.15606098253229014,0.039310207585646496,-0.11741084953523202
-0.23386183954144016,-0.09936396289940126,-0.037397806185152,-0.0898900966553437,0.02293335634322382,0.06416511145895584,0.16521748684817675,0.0541586074730487,0.2057084792051842,0.08085525885808596,0.17612545765703547,0.0005820539816597707,0.023721220729969593,0.07244173686405093,0.10441218062080715,-0.44169854062100267,-0.38676471085911884
0.029863617149335997,0.09871939343444493,0.7356183852178116,-0.44797440655649307,0.8553856799210213,0.20876343398288702,-0.4223404497672073,-0.3676907976682523,0.02494465060207557,-0.5411813870120117,-0.20856314870473774,-0.07333046811354042,-0.03994385074277863,0.7987975023190359,-0.08496518486034757,0.006416074586156181,-0.058534788485595055
-0.22170280600512637,-0.22807357512228787,-0.7061682612067125,0.030478307942885863,-1.5371464843618838,-0.3744372459994299,0.07722380456398531,-1.7365673065989546,-1.3629879785583783,0.39292665713541697,-0.37576533567162834,-0.07567378309460113,-0.1453540609288635,-1.6707316311258535,-0.6679742112172771,-0.5605520197913371,-0.5046427427517785
-0.0004130789235849213,0.03812587771120098,-0.3557647587500911,-0.5399204678869785,-0.2629685820326746,-0.2389441265607139,-0.6062671485118591,-0.39062710399670153,-0.38970289060239166,-0.3816795008636658,-0.3258878990263237,-0.3888028056502374,-0.2802338002725568,-0.1998983752748609,-0.4212633177768987,0.054208393614795874,0.023123328384885383
0.010006658518970823,0.09159742303519436,1.2700226609672454,-0.4195953569245137,0.6683730471253014,0.2758773309454068,0.1418735261862849,-0.41281277540753225,-0.3262700958524887,-0.3123115242211735,-0.4271737204736357,-0.059227922984637846,-0.047043919268834195,1.0125452229844731,-0.159464863962732,-0.10949333885878383,-0.18117664066685327
0.015424411425602776,0.08548987605386338,0.9383232605468119,-0.33903807504920536,0.9848599836427905,0.15443910093893157,-0.3347988327891969,-0.31979692110583596,-0.062201146413959255,-0.34069128435601126,-0.14423662254430245,-0.05265728032406776,-0.06504342548696161,0.6810618149072409,-0.06487224410052994,0.10939036589249018,0.010948056423792402
-0.03315148021637062,0.10867996975892945,0.6549800159966372,-0.21632326787994255,0.6261115693267999,0.06525533412386762,-0.41374009308787113,-0.3566985991619715,-0.17356319182587987,-0.38898036245189155,-0.19288030193521685,-0.07177550778905646,-0.03838557749514891,0.5688014209354725,-0.03345101612985916,0.12053711699263227,-0.040280960398995244
-0.02010636189552952,-0.024570434934167856,-0.41150692237208814,-0.6320441803151845,-0.21516537604790678,-0.3480057771447566,-0.5117506150318809,-0.6480707785193973,-0.24973655210354986,-0.44331219097148317,-0.3330952763913886,-0.23955921815429967,-0.4699013367553895,-0.1971951388475733,-0.30108702605878274,0.07116399117390473,0.03277761088595482
-0.005939219555143792,0.0821831941532918,1.1698842602796782,-0.4506829916769463,0.7889692006153217,0.1884544777235697,-0.34774870662922763,-0.48245021238249675,0.17651335886552702,-0.5830350820653186,-0.2011012677294411,-0.04653373843640599,-0.04212241628192045,0.6591278282011976,-0.004694068564327937,0.010349092948214178,-0.11432303655020704
-0.15304920882323797,0.03345732621317131,0.028546313331905385,-0.7355660568047468,0.1895033687667819,-0.18276644864124847,0.10669887895827744,-0.91997232396438,-0.36560492404648776,-0.13374668535091275,0.07356813792140124,0.0009738825584269354,0.028078966517971465,0.2044762972427741,-0.09399834635930843,-0.13510333285385415,-0.20838184414316535
-0.12096818943048565,-0.0982446104508379,0.13738857143009328,0.017490691479055468,0.26599690767885525,0.08612940408726664,0.07837428774514879,0.1425670992213994,0.26505187703323774,-0.06578126160488186,0.1005918161586392,-0.036216121911713625,0.024515180961921526,0.16645830048298574,0.1110416218589051,-0.41507348858841403,-0.36161876432646695
-0.08056081730377798,-0.027842984001528442,-0.1891422839167548,0.015094947476560046,-0.3314582849820281,-0.16052593489829878,-0.4785338995687285,-1.3683486696082297,-0.9535368534875963,0.20605095147280592,-0.2955234328334849,-0.012920757643436115,-0.053870835734126314,-1.1113514660206565,-0.22045421145330987,-0.009225280690898735,-0.09826157889962803
-0.014600667615365204,0.10458584567821065,0.8435873563622511,-0.40045255371689853,0.9787267982758432,0.2312923277876373,-0.3316140763448471,-0.5068639504620951,-0.08474061632337597,-0.40333905591282304,-0.2761904565646918,-0.03894288121634327,-0.03629116682154953,1.0949080486718428,-0.10736425589270629,0.04918480769384611,-0.0296975938807966
0.01642475934826254,0.059564835840586285,0.9997995403513552,-0.29098293764016175,0.9570825069146033,0.12523008080775466,-0.49207754788793573,-0.3555267950530401,0.01729536942291493,-0.546494995049115,-0.12358797544676037,-0.05082420820120882,-0.025770776553528486,0.867785407180622,-0.05443711986751225,0.07988258396451511,-0.06988830198992892
0.029177504555733792,0.11764147211970763,0.6334208258808549,-0.36654340882551384,0.7736339436524793,0.13255994028631995,-0.5522113713944723,-0.3754754089410331,-0.08215185702791084,-0.5921082363750111,-0.12030878349001277,-0.0222852368234179,-0.006771883457572945,0.74892329455144,-0.025264918578330457,0.04193445795519684,-0.02066871289685519
-0.07518654483718985,0.06755684684319309,0.7664966639827069,-0.33628223603963586,0.9051858127820256,0.10325147512407813,-0.3955974198791658,-0.4908533051047741,-0.3631097197771812,-0.30099618308021825,-0.2391596967957479,-0.0814993305845037,-0.03462452978770954,0.8094597637719388,-0.04572254963800577,0.05137199369915929,-0.05295176895546932
-0.23656352201078198,0.04507028460187915,0.8224993060112654,0.24978546864070106,0.442850108430249,0.2479397323121175,-0.030620875263381475,0.05152642135177555,0.21044190726653283,0.06545984915659357,0.25091884080220017,0.20142789793239005,0.22285753045844484,0.6194075508800191,0.3607068378702927,0.32063546401287585,0.22960512599471022
0.010602306756957778,0.0745441031140579,1.3267577284917753,-0.4597267887207451,0.6263680699529179,0.19471748853449705,-0.6197839538294618,-0.5426745464702379,0.014493095930145828,-0.5168915485987098,-0.15548619588899706,-0.06762532070088843,-0.09499375060541194,0.9033649643240693,0.022781065962654373,0.16498906357905047,0.012015352446088683
0.034581640745938634,0.055820629407323276,0.570089323319185,-0.2343727312392472,0.5706005308047064,0.1399679453695414,-0.38739996417339845,-0.624669161995203,-0.16913085448308013,-0.31346112962567424,-0.1251960734817573,-0.07052002080272704,0.0035069292690851636,0.4591528807476333,-0.06291825664646729,0.060706214970817636,-0.03861664570570095
-0.007395837065388504,0.05649130947776896,0.987269978973088,-0.4148762016782504,0.9617632056440428,0.11340940027768988,-0.48314802723742356,-0.45701852764454926,-0.018328925470287822,-0.4016031286791129,-0.10550760507157579,-0.08881625309743492,-0.07697760246485985,0.7853688257939136,-0.191225937061847,0.16548803325886555,-0.04714514315703226
0.022717077362736482,0.12740231421029238,0.8731000678310031,-0.3251177105765094,0.9655241429935403,0.15789841574431093,-0.4920775478879537,-0.5029679726072365,0.01051068853763353,-0.5567120174392259,-0.25932520696129957,-0.04754098390018828,-0.03789050642471065,0.6349743185973814,-0.07330863601326396,0.15152682222071345,-0.020104286485674954
0.012729742145091422,0.11187338929071022,0.9667578756138803,-0.45195623205219615,0.6838148372409734,0.23047492481413753,-0.5919775450518987,-0.45967503361303036,0.013079322879478638,-0.6769325255260991,-0.22032738950544564,-0.03465546833658057,-0.027827475252468453,0.6650545671541686,-0.0794902165342962,0.09335113475347728,-0.004982612883110755
-0.033694620448604974,0.08374903413385079,0.907971945017248,-0.44832378831818265,1.0836925943903122,0.12208757234400423,-0.5768213895977652,-0.3344689791750519,-0.0008094056814826953,-0.3994110557526582,-0.16605413990146595,-0.05077550324551774,-0.04589118658393195,0.9962120331301276,-0.10115294981475681,0.13029296681100264,-0.16825313481516313
-0.7915766083628784,-0.8546423875408108,-0.9568580021819538,-0.820866818800964,-0.6882011520607578,-0.9027937805845184,-0.8220287028506965,-0.6787293859625256,-0.4189413529841749,-1.0625091566165488,-0.8121208660256599,-1.20141389413839,-1.207686706487018,-0.7084614583930678,-0.8171632455431269,-0.41919845692927377,-0.47278999259818694
-0.05547272601235694,0.11655460178195691,0.9973115803759478,-0.3668114914749372,0.661007829640163,0.23531500450256856,-0.5100556932855355,-0.3407034733914937,0.08703192118447345,-0.3396576021181563,-0.24461239612346816,0.00269302828652686,-0.09408808249691457,1.0448490216635802,-0.05901944694953037,0.22325634640514502,0.004801077501854069
-0.09856421338612945,-0.008261667264429994,-0.3686689242665473,-0.3854592500799679,-0.4106363255790951,-0.2735386592495861,-0.3221789943491292,-0.8375792273644428,-0.5881013841564945,-0.5311621214158925,-0.3481248126135013,-0.31347090161781943,-0.329895687043336,-0.34054373270694,-0.1537592537500434,0.0724761043445551,0.04087532157110285
0.020494249970107146,0.10457921390269184,0.9669207279673709,-0.567418862960694,0.8318045854356427,0.3405100531786149,-0.3641273584068815,-0.4823450781189646,0.011795147737042148,-0.42408340373847025,-0.3382488179538053,-0.02487825153938366,-0.1016603614535454,0.9987157526968778,-0.1464015406832558,0.24767391699457686,-0.020573840408045944
0.03479178461702497,0.1417916932298747,1.024098060843849,-0.4439540700981509,0.8190157455260533,0.29837970759090177,-0.7795539436518601,-0.40018043014980553,0.18559306940821876,-0.12511725345875077,-0.0795291670105645,-0.03838058849251892,-0.09796275292584242,0.7644254162685771,-0.11569268755376164,0.08587604153988997,-0.04290698267588807
0.11273477177646955,0.175672227221012,1.2745655927879764,-0.3432808812615359,1.1768364797459725,0.45590379241570317,0.22424266108769705,-0.5215313399312771,0.08903213402850199,-0.258094005974174,-0.14842470535309985,-0.059960312216783634,0.01001022929432574,0.9792237623371692,-0.08085437265021918,0.05927879812842757,-0.11272704798909383
0.025870250794154486,0.08496253165129902,0.9699627023280416,-0.5026770166555752,1.064068654265456,0.2760945254900874,-0.6131168920589023,-0.49404049696116953,0.1601850512864597,-0.41420884599150704,-0.28919190977181225,-0.042938614168825086,-0.04106177315924098,0.8901251753069408,-0.12742307765097266,0.09356544733162322,-0.08921697286106176
0.02140969165922052,0.07520462724206638,0.7253064305239533,-0.32341376381634923,0.572030935047692,0.12509874366627632,-0.30659321170558923,-0.44246744751048556,-0.1443673331359765,-0.40285941440347556,-0.0034276871697014196,-0.06804559096608584,-0.07048536579844009,0.6184991604336564,-0.08156903412545315,0.13934955982900799,-0.08817296541509942
0.003228539517432719,0.08642693916448586,0.48859113984872726,-0.12915976186654773,0.586187878342851,0.1455839119259751,-0.5374141535469019,-0.5011020674364435,-0.03994556644055076,-0.32846176517023934,-0.13668192584169978,-0.06682931251456475,0.02587209285504122,0.2834217102988472,0.047789962543649395,0.09500928243142275,0.03332868715930084
-0.29238855604159125,-0.17657859420286154,0.06286214264979346,-0.38161634646262743,0.3576665187161735,0.15134521552400435,-0.0569610041778289,-0.24281796372831566,-0.030146104294209105,-0.17157297175616654,-0.054889577792435876,-0.09656887872343162,-0.08802001611017474,0.3870303949502878,0.012987436205894959,0.256241286905626,0.13702440057641901
-0.005383026065529073,0.12383253013574014,1.2747093684308877,-0.6805489765659519,0.8152185497933934,0.29055867430230403,-0.4831480272374127,-0.34347879987369034,0.34852565067629443,-0.12772731844031598,-0.2760663882113935,-0.0648445234832925,-0.037296002106900185,0.7540238425275393,-0.07762697161276252,0.3130022878899098,-0.04703531517482108
-0.01227830126074598,0.1045956418240376,1.220015674147226,-0.46029027195147154,0.8950021495279354,0.39594727256110474,0.10116963550803962,-0.465205374303032,0.14549644635700051,-0.25681428082399105,0.042812259671907126,-0.015563191018391416,-0.09492156214493698,0.7345644469093264,-0.21996110373699448,0.09211348762347517,-0.19746155735233722
-0.2517344347763636,-0.2178078474816282,-0.22969651318541548,-0.5148276494992824,0.07698059225397895,0.10061209591286452,0.044980950356670824,-0.5458817927285043,-0.09695656971247664,0.09250357504565032,-0.10448215738360019,-0.09456374416900919,-0.035828507444405716,0.1481634485602273,-0.24456324625414716,-0.3133578107092585,-0.5848650379593201
-0.0015630243859998418,0.10190854572978257,0.7917252098289658,-0.4175725846503375,0.5099799880630055,0.009237982642327478,-0.39720514246170885,-0.7606877103861919,-0.26014085731989695,-0.8075560613203047,-0.2255489871907951,-0.07971280252856654,-0.10070923713754283,0.6546745645573998,0.05978108040509197,-0.07893932268228078,-0.15704787674400356
-0.04080918444987174,0.1094012772873915,1.3302650219408998,-0.8890321730959574,0.9167934681930747,0.4318074918063318,-0.5184176768023856,-0.4716163340961693,0.30595231397207173,-0.2845003168229778,-0.055175400003817134,-0.09540924980242976,-0.055514743476549,0.906665134689993,-0.19894624612061448,0.024819040113282904,-0.07655454980967714
0.022971443505190793,0.13503237338355892,1.0492636940113382,-0.5334920153451489,0.6393158082754306,0.02378367786734528,-0.51175061503186,-0.5252395947273601,0.04484414051891211,-0.3290913382913631,-0.1403423389983552,-0.03985014125354408,-0.06209882829809908,0.8821049373774539,-0.14476892839765004,0.17874638140613613,-0.022425718974114262
0.0284949407194108,0.09593653606248628,0.9448378968258234,-0.503892880334948,0.8482842163220785,0.4003924319989194,-0.5688842150191165,-0.37093758112017927,0.13415435970752465,-0.3965777477027407,-0.3479398078405475,0.015274254925736131,-0.10801022338817588,0.6794924982979458,-0.21669318424955708,0.09421735041114511,-0.14014925654602647
-0.34528424294512283,-0.3406307934067442,-0.8685123645484067,-0.9074614920840939,-0.13025809196426671,-0.27421494603131336,-0.5539295912164017,-0.9871513406922605,-0.8539480438363999,-0.632684173255387,-0.428787688481066,-0.5259663962178472,-0.6964142536354265,-0.246614586463826,-0.4605513356418802,-0.3483529898570784,-0.3238378997748502
-0.3397528063503623,-0.44589773006160444,-1.118968403664217,-0.2988387238492036,-1.1873720891215205,-0.8905853418965707,-0.030599679436290272,-0.2431210580751384,0.37799849387877194,0.7286808470091245,-0.1765328624639891,0.25331088058077905,0.1743332035028238,-0.5901822955276884,-0.3369017603438769,-0.6581497720090422,-0.6099035333247108
-0.007952605668032119,0.10539552152921652,1.258504285885695,-0.42710118758638,1.0302595677593078,0.2833655190922426,-0.36105983525894986,-0.40900095830840805,0.2112999125931499,-0.25988729394714233,-0.22687777973139062,0.021444599014418485,-0.07973005226244538,0.8576002786853845,-0.19634375710349222,0.1689812899059366,-0.03122634370668627
-0.1116738549937618,-0.06266186600667559,-0.2768684453887874,-0.6569375756017238,-0.23029297190933495,-0.2668623575823493,-0.3077865313937841,-0.37845708823284446,-0.35758559787680466,-0.4394599545060748,-0.3888435387976153,-0.4194122098632527,-0.4801240271556907,-0.12005448156269201,-0.37070352075520574,0.04645614958720807,0.035721062885452376
-0.017023385485292763,0.09843804192987157,1.03844004426633,-0.48705039963307734,0.8898201472251878,0.21107365458136382,-0.497858152243152,-0.6874263438327021,0.00558509631665761,-0.15950341351494193,-0.36691706915847827,-0.1308899229708764,-0.03909550591713819,0.7044089997841038,-0.054502628131238955,0.16040687290039587,-0.09238399952577352
-0.14397664092852833,-0.20921889627741289,-0.8079091568682538,-0.8289010449714085,-0.3911875946392789,-0.4576591909345395,-0.8987849616744433,-0.6788933844270366,-0.5312171300560428,-0.48701507676654615,-0.33001256303717075,-0.6755166661674638,-0.5502386246283107,-0.30827536911244086,-0.5224249247896519,-0.36267895856831234,-0.301799995908234
-0.0028440751522752906,0.11519589699943614,1.257775684893276,-0.332009276093663,0.877768901789691,0.322441115874715,-0.5374141535468648,-0.38217441427320564,-0.047158475184472644,-0.33412802711629325,-0.04153153580392446,-0.0775804146318185,-0.010385165609709266,1.045780008167321,0.006702832218625129,0.17914310444656664,0.008473611763478368
-0.01612116668126181,0.09391515522567379,1.2258726681388366,-0.4891578268393343,0.7590415060553042,0.2724651213530103,-0.34513088166243494,-0.48039830030289243,0.10111166641295237,-0.567559407198816,-0.5508834610597944,-0.09788053877885224,-0.06451250788983555,0.6815374831792664,-0.2065259190248766,0.17834507979882755,-0.053010864835536554
-0.09062087499767493,0.09377222470696281,-0.3275758527703727,-0.5148920048868202,-0.3956189131028768,-0.41828316030341106,-0.5200570269389331,-0.5138416538871211,-0.4827050860448959,-0.36127452128704685,-0.36906675097500435,-0.47697493610731284,-0.41530646597593335,-0.43680240315824764,-0.053188420800723384,0.06995938798262001,0.0370937106580066
-0.6617336947243584,-1.01671764795382,-0.015658785058104308,-0.32979242694919286,-0.5997154967107539,-0.711566743072775,-0.5049008714848435,0.10431304235634131,0.36479391575061104,-0.709307976854715,-0.684644302920138,-0.8259299803845667,-0.5638091271439533,-0.06623640422740372,-0.3053553739195374,-0.1332145943872245,-0.07009310737756161
-0.13749899833384763,-0.028006914440939314,1.1303471173671835,-0.11347780493688882,0.9186455893173853,0.09686184357071882,-0.13330641656563358,-0.0861471423289798,0.49057726815772795,-0.4234674098791714,0.06813560119824094,0.2378954283174779,0.17250860001897653,1.2466112319851341,0.17528847023198102,0.2491400614863352,0.18272816758877355
0.02008290558309676,0.18421857374598333,1.3469433983450037,-0.6638303230941567,1.0245604351580233,0.2348733317767229,-0.3873999641733857,-0.49768223561339703,0.41970720128791744,-0.31120659543360896,-0.2512796667743029,-0.09841672472915075,-0.12328459160194503,0.9856435818004489,-0.22699846012452574,-0.04629481802738117,-0.314194827883328
0.024822433298631603,0.08578841978363427,0.6662940848203107,-0.3056502796353716,0.6749150988766334,0.238532988688844,-0.4112275091244873,-0.5537190390823294,-0.1551908073619309,-0.2735380512214354,-0.04923155375655886,-0.07212796819572077,-0.045330976461426455,0.7392130629040918,-0.09392581176498897,0.07909313814773107,0.015609165891282778
-0.0010065611116079002,0.07563153534316981,1.07720079162072,-0.5878253521598084,0.9820639094856703,0.2717350599874712,-0.3418195749749074,-0.5910295488255481,0.16457521715330897,-0.3241087274981258,-0.44618493628839084,-0.06545042763927601,-0.07001133624938617,0.8226600785105255,-0.18060654371461646,0.13606919022226224,0.010015049220926591
-0.02240544397346473,0.09575859854726179,1.3039564705523943,-0.5475761275703109,0.7280152925944098,0.2307396025258813,-0.5151063701149154,-0.4394076524676571,0.2554702462424869,-0.3724954128182043,-0.20809722605880251,-0.046541738606182194,-0.10376730489981104,0.5781290275272886,-0.16406579784445147,0.12686763974703186,-0.18644588655721564
0.026929568305191942,0.1874525261910444,1.2764979482686976,-0.5897755169520628,0.9672967628323063,0.28181357996798967,-0.29823122818872994,-0.5556733798861822,0.297507697828104,-0.4937225733779701,-0.4619247954163178,-0.02159433961064572,-0.1045346721453845,0.9524107032991306,-0.3032077042703589,0.028269890167229965,-0.22021533222842038
-0.40530303970255804,-0.5548983926550963,-0.15558768503133744,-0.46822896213748005,-0.5439995353217132,-0.8718780267711858,-0.8714851386831779,-0.8618178277571397,-0.6615343361105672,-0.9072431556870947,-0.5310442855069796,-0.4960130471071344,-0.542317429663378,-0.1874105595142368,-0.43545389122900896,-0.5991039362602535,-0.41988133159685814
0.013882322951515822,0.2080723202631075,0.9885570255208245,-0.9746608690006501,0.8223539268353436,0.25228573177564206,0.2232923021615167,-0.5051271506919208,0.3737213534961462,-0.06197141605787339,-0.24413117802191947,-0.021010667291907658,0.058396649083270066,0.9148005128713245,-0.14252747478661293,-0.06648619558599793,-0.16464419728725
-0.7170442271987085,-0.6919837802600006,0.20555832628967816,-0.39729160176451805,-0.04817581095424635,-0.35167718493326716,-0.3316140763448301,-0.028984493213252492,0.22616447863864866,-0.9561319410973401,-0.6831858770511404,-0.7187373396498212,-0.6146989955637985,0.06171475210463489,-0.39693158148745267,-0.05585997896744817,-0.04155499833467839
-0.4190077973950825,0.037154583674464524,0.544084887746998,-0.9301701577263924,0.603975428805395,-0.7417191857833642,-0.03971278630606839,-1.1029417364142324,-0.35564929978140125,-0.44012751516651816,-0.15171158329762144,0.006422962618874654,0.02254688602218022,0.8290096068539937,-0.016338782640629393,0.1734276397079452,-0.1299750420696338
-0.030172575278782126,0.09918375693480708,0.7999960266198142,-0.30925668258254885,0.5905749314986835,0.045899308611842875,-0.38178175021039934,-0.650354640882755,-0.11989564998198483,-0.6069466867820444,-0.06575047130773817,-0.06769714254161077,0.007255879916189681,0.732803753837393,-0.11599282543873594,-0.01567025280795963,-0.04434458595992459
-0.08810171940892515,0.11364272050722263,1.1726668421807578,-0.27470628139463404,0.5886223334523716,0.2556104475886217,-0.28603368714637656,-0.5946221818188934,0.06965030128935693,-0.638809367039741,-0.0702127541369101,-0.14480788476581516,0.02371303051333649,1.0112516131310547,-0.00632399576312491,0.07733190768819098,-0.09096553865037091
-0.04136103396655521,0.0684112906692948,1.1145959129562946,-0.4778770415175907,0.7823778022332493,0.21707482266371514,-0.46751793799211094,-0.4932481620198891,-0.13187186459607625,-0.14024302564074712,-0.08296265377701338,-0.06406580138477089,-0.07985173457752176,0.7812802316651376,-0.2552109790798323,0.08468908050512905,-0.10087336116157626
-0.016521565032993683,0.12632965892355255,1.4006775165507463,-0.5419203628602284,0.9597601651125935,0.3893899862354565,-0.20390767040336738,-0.5167777053786011,0.26335361959995446,-0.522150779736788,-0.3041059261451417,-0.017202555550463218,0.05383400461515619,0.7839826586164299,-0.44464587333174016,-0.02581299765218818,-0.05313286285217314
-0.017651286067226987,0.1006328961430926,0.9369347210007679,-0.3464259343592317,0.9479612372246085,0.16373445339918305,-0.6197839538294557,-0.5889369691675259,-0.02278660724295106,-0.3014429909202398,-0.21028597974101118,0.004792623021799791,-0.03827280631908394,0.9528269795968665,-0.03680274394046766,0.11904701207999493,-0.07087877122399619
-0.10127004320227963,0.025580575253569167,0.8664707524415262,-0.5547404871856022,0.8807505995415965,0.3918521825391907,-0.3597335722015379,-0.5482083970560876,0.2933174546383453,-0.6855670317357442,-0.09209701770708299,0.001678891450689944,-0.05152469099789069,0.7318585420073062,-0.33001332753235163,0.18387832546266897,-0.1417073109181891
-0.03500718191042184,0.06493154669118394,0.8267503595372698,-0.9926643106202105,0.8097315195060173,0.36083439932306294,-0.23024779931780426,-0.5655725192453227,0.12323440727123572,-0.31942608356387314,-0.15815813117099536,-0.06970892963697803,-0.11190130396496133,0.7256718980268865,-0.33184898147369707,0.37124856072737955,0.027149120047258737
0.030973603900257628,-1.3342653848706134,0.6517764582199513,-0.05299496814272098,-0.8129601219702289,0.13366433915734452,-0.3316140763448636,0.23761057724124915,1.8471615815715987,0.2286002124998722,-0.4974996722432449,-0.3190325637530717,0.4855541452408817,-0.6697458252252639,-0.7279800674565144,0.5629473256106668,-0.10699404966766062
-0.07305668238548674,0.14973275947126488,1.3011987981906308,-0.73888001898543,0.8562079579478418,0.4755854988549038,-0.38739996417340916,-0.5792105929912135,0.23323542527478816,-0.5092486477135052,-0.19762737205165196,-0.04051773093082599,-0.009176493257543937,0.8553878992171023,-0.3590212391507078,0.3596941793401919,-0.22730824157162854
0.06445219630620304,0.25584724121333013,0.8775537809896524,-0.032196922281446966,0.3056228078324503,-0.18774641811550632,-0.18107022575629467,0.09553782069937686,0.5138889919312076,-0.2743115120078923,-0.3069918105372573,-0.04435000829969787,-0.045838032197641966,0.5766087011503295,0.1590003331107242,0.6849395010931278,0.351125562847107
-0.1451384069162768,0.09379029840625316,1.0918284444440673,-0.714879709764288,0.8751006416560366,0.22644457386136452,0.0817882063419545,-0.7312197724731392,-0.36288749208894666,-0.5111248486295376,0.06099363771368758,-0.08086481056563848,-0.08979870828639613,0.6348703606548387,-0.4558708504570966,0.09871014823679819,-0.05220187397302212
-0.06473173105842232,0.18120093095051837,1.3696253408466084,-0.5666803138124329,0.8503475779302417,0.5032020331417661,-0.6326072774263503,-0.4829569909425095,0.1864169001692791,0.06507330166283001,-0.05169070148838496,-0.17038804059835608,-0.13883132478029933,0.679750538169343,-0.6354514614916026,0.3673395147088253,0.0353382719803064
-0.20148285042640787,-0.09429683434670001,1.1275470315857745,-0.7324140883339879,0.9237547730739737,0.4137413508660021,-0.24244534036014792,-0.3237768088795646,0.377323844223973,-0.09336033862124284,-0.11460624045839012,-0.015381776514485728,-0.08359029196965072,0.37741569199954017,-0.4798245955783226,0.010596224644201463,0.00013416667664236975
-0.03912807436211655,0.14388726862093182,1.2537050374126701,-0.32975901351664194,0.7822728642778576,0.36762279956527966,0.046917856812608294,-0.5501220425107546,0.22616447883673763,-0.19238136454817173,-0.2058468598392018,-0.1067246423201025,-0.06442302643660293,-0.23651466761754655,-0.7606002016627376,-0.16534117959928157,-0.2327708705305091
-0.7701513714334368,-0.7343186755872554,-0.7253249283572862,-0.7784884294227,-0.2264136554796455,-0.19329863212478884,0.11632579096214724,0.3238389536800228,0.2584035643270336,-0.9499614613839358,-0.6735767393137978,-0.7094743747864801,-0.9274561559999417,-0.35362320599717545,-0.439564791262748,-0.640557656986332,-0.5096222347468686
-0.03986312748421759,0.08553169590941066,1.2540375292705277,-0.55509709947235,0.8384879249727951,0.3627952234728892,-0.3873999641734069,-0.7124544878592262,-0.061356123244126134,-0.4152479217636691,-0.33117488798002953,-0.10749456417585884,-0.09203885896211728,0.8975664582256434,-0.33596836669063146,-0.1902530167264612,-0.12190712938250248
-0.13555437408903498,0.026920883627886534,0.061274335242938245,-0.957535960323137,0.14439563208308565,-0.24077951665961464,-0.13657443695745786,-0.3116268997174004,-0.09523437545714047,-0.6720602274003591,-0.6703401520712061,-0.5617389763947424,-0.27136594904054784,0.3041482541998768,-0.31090964280853906,0.2078503032642626,0.03816202500145803
-0.060249843737547035,0.06457976516437221,1.2071548437921165,-0.384969297328566,0.8016768063306727,0.33034549177843703,-0.6326072774263503,-0.537560536596581,0.5159983160107765,-0.2531113952971479,0.04404637906234561,-0.14028830501982398,-0.18319341972495004,0.5265279915513069,-0.1682325795750391,-0.14865420092601014,-0.12749701327440657
-0.04943284449831644,0.08549361029684889,1.1205656739136491,-0.5537522612469904,0.7554091961291926,0.2971238528381315,0.11632579096214823,-1.024607088222176,-0.24130412848817295,-0.14118823771006278,-0.12879015149084522,0.0004075687966347021,-0.2105819172101397,0.442069740339492,-0.32767419324805613,0.32976394952974264,-0.6296920990388705
-0.04334413745895601,0.12180395904835736,1.236307322509042,-0.22103308114877293,0.466753105841012,0.3629217215237166,-0.33161407634485385,-0.4783130843473502,-0.1501154185228793,-0.29140239086068526,-0.038535671164990404,-0.05124685622436905,-0.06306853818703995,0.659946332232022,-0.16622638610837237,0.30174025652456027,0.020216710787754773
-0.10305221500909297,0.12144720715358943,1.045177409381289,-0.3100544006922237,0.7862538308273775,0.14100316866183848,-0.33161407634483164,-0.563629338003487,-0.270947195575113,-0.1527729541362445,-0.09358604631594279,0.1628796642539989,-0.038401324294194086,0.5212865587770015,-0.3092781337507775,0.4881975906255639,-0.16006337845601612
0.01138434236557713,0.21675231188098684,1.1026718412004919,-0.28754524009050675,0.5639085806936722,0.37847569389984226,0.11632579096218287,-0.6824898188482729,0.728945278889565,0.04526909749047385,-0.07899102849425321,-0.07439339485757032,0.0872466519413062,0.4170241023178815,-0.4492789478819615,-0.16534117962371286,-0.37288933526308776
-0.08915079261776637,0.17571992273716838,-0.07295885115230218,-0.22732476939714488,-0.06879735655998068,-0.0590607769335648,-0.5434385414416665,-0.3468941138796982,-0.4541819226060188,-0.14162646188072883,0.08791426874785004,-0.14214761514329588,0.05571545384520736,-0.1049471119419974,-0.0997815890143908,-0.007643843918360612,0.09567959415007188
-0.07661315787602188,-0.02044930810889315,-0.03508985094346987,0.08291709941954965,0.11207125243517864,0.1397428131850223,-0.035208159930428806,-0.24324094071775998,-0.4113224871995509,-0.0010505924201649767,-0.16936986066670343,0.08018490794067067,0.07893297076937122,-0.21669363233271263,-0.0401054805804806,0.16755536489028927,0.1337516129670596
-0.1017426110180267,0.11829676533290398,1.152345220789715,-0.425648947447174,0.6508198976215284,0.39354786292728366,-0.4035345944577775,-0.5203616206527868,0.6469070452461408,-0.053751928341197845,-0.03417343083938015,-0.04339692170704674,0.06681913532704346,0.5754577436753918,-0.35832584632349207,-0.026711743504822954,-0.29866594225240045
-0.8989190254929676,-0.9659536860143185,-0.9095219608468879,-1.095326604050966,-0.5582308849860362,-0.3435127856112967,0.46289938124212027,-0.5267741007021501,-0.40944628614732526,-0.9454350063720801,-0.9110351745112755,-0.9121226816222265,-0.8801539866726125,-0.3897068763324428,-1.139511217294118,-0.6623769338758633,-0.9553424764579704
-0.14901218726850893,0.08144598187728995,0.900339450596041,-0.5209175714803994,0.5016103750225414,0.37806850674512693,-0.11274689200637267,-0.5458896012683194,0.45896068294598685,0.04526909704561766,0.07306708274133414,-0.0893596348951665,0.014588918483704104,0.199177846601493,-0.6572651245661417,-0.006907538270766622,-0.45061712723869335
0.07038926494634054,0.015564254035335016,-0.10258405237314513,-0.07782019026499937,-0.022909044409210568,0.07463889571437972,-0.2302477993177925,-0.44702237882157136,-0.5263953172775262,0.3052290043856202,-0.13162346683352405,-0.004368812079945121,-0.15645200897074824,-0.012954198665121451,0.13476912779177672,-0.03642607256260107,0.10517116628301103
0.02512951249857502,0.07716568410566954,-0.16703122189686215,-0.1792852830851407,0.004354309360879276,-0.6109543082063309,-0.3316140763448415,-0.07378928131699049,-0.2567040293416358,-0.06414343099348493,0.018818532647001923,0.13421135100157427,-0.14450894409060372,-0.1677162211947022,-0.09008147934881532,0.06363984150315412,-0.20928951882846678
0.05365984677802678,-0.09766816544443958,0.04546446637334824,0.22885261707079713,-0.0027356859155842884,-0.23302172396883494,-0.23024779931781192,-0.22111155086486384,-0.09656022846559711,-0.004180912853990242,0.010180404163810509,-0.3264855283921461,-0.24887175003473833,0.04973856564679343,0.027491952035147853,0.13694380942814025,-0.5102630471428047
0.006191648078489109,0.021175292390048284,0.08331449526558907,-0.1414116131111168,0.09780661067424451,0.04703181982411445,-0.33161407634483386,-0.26691559403537357,0.020074553566173846,0.04145391477726678,-0.08034625858632773,-0.05510551058632751,-0.11050044569311111,0.21920318151539098,-0.2316673294018696,0.017225196237749835,0.11134582273569948
-0.003221130908083682,-0.1608035477235792,-0.022114504395431618,-0.19746437020671673,-0.09346743039658756,-0.038364019108511574,-0.2302477993178117,-0.28970288624349005,-0.20885041899576343,-0.3422954288199977,0.007166640108534494,-0.732395806569746,-0.012151530164702657,-0.17060065769040672,-0.07373468751154029,0.1399582212864714,-0.2461933527325179
-0.023826028683359163,0.11375895072621423,0.05423866559667242,0.192420986339669,-0.0007028400907135079,0.11151764709437707,-0.05696100417783778,0.0997829258404432,-0.36012935944130625,0.07097836429028927,0.09963545799268242,-0.0022752460584609226,-0.17706300361361135,0.012185979862902232,0.11290902952503333,-0.016074145340295484,-0.03339085043011311
-0.12961171988342382,0.09834433967741382,-0.019041424049939033,-0.17574250351714568,0.23758025517909198,-0.5927157219972935,-0.05696100417780814,-0.08230350691192444,0.2706271473756099,-0.6075920578591787,0.15898115438362567,-0.18052806247901618,-0.04538441046050354,0.28030311078758224,-0.1351939578687939,-0.044639747656016485,-0.10470994049311903
-0.0666084124980649,-0.32400578527175217,-0.059388566163071185,-0.14514134416706673,-0.0044422685836532794,0.04881222940169561,-0.4593204822863355,-0.30010967920086745,-0.3883556366034251,-0.02763688127314623,0.21608892170742433,-0.20657399916500238,0.07618257552580912,-0.15353334111537942,-0.40238210631517496,-0.15489246899372244,-0.1639046478737029
0.13278068453607916,-0.14558486728741693,-0.14614872173859897,0.025091625499852707,-0.0032956335640202537,0.00877352693500352,-0.45932048228633804,-0.19569963063421136,-0.29884054387621806,-0.4451478153179117,0.013654467263919048,0.06667427165669813,-0.09377109512620478,-0.2659949440717623,-0.10735724496234827,-0.17301538844519493,-0.030503422751460767
0.25571294465516,-0.037622895098800055,0.38498016302212523,-0.06452210702917875,0.23085042919087323,-0.010435350245808956,-0.23024779931779737,-0.2860849440225502,-0.014478482852249133,-0.264018496852348,-0.22295691909495252,-0.027616695342030744,0.042793252605482175,0.18574917094372875,-0.016108007113941575,0.10443839906452754,0.047370070065594155
0.0456373831605153,0.0573506622068543,0.22590205790268897,-0.05397530516605943,-0.1401436897691467,0.0335414571695319,-0.15832728120487904,0.05001363572391719,0.15733379071550693,0.07985720688115897,-0.14532299053796477,0.11722531771742263,-0.1746106751805414,0.5033067581223256,0.03305703355897904,-0.005552308079234182,-0.05433607283562724
0.09007221430556628,0.16845724808977153,-0.0130254475122259,-0.334460237017933,0.09048396106140036,-0.1507121650214268,-0.45932048228632794,-0.37808373867834016,-0.2758102789618105,0.1745430390751824,-0.023756963481647072,-0.1075029295589232,-0.12460123110225681,0.37405046233106937,0.14093618575953082,-0.1310045358122629,-0.01962698572665502
0.04033201138201049,0.16539704677803507,0.11648459506756471,-0.24823829656910154,0.1332880960211407,0.06077008915314883,-0.543438541441639,-0.4334072139154785,-0.12060269756903454,-0.43384700915224883,-0.24290145412422878,0.07126746419136828,-0.16480067121996572,0.0576784393073059,-0.044638515480627,0.14462455694137552,-0.0014136516148070654
0.05489478598464572,0.15025606303788033,-0.05002379182824583,0.06713940630508992,-0.07179519804275987,0.12140546068314495,-0.23024779931780226,0.10431304191881396,-0.24615838748280336,0.3156408660250071,0.0681039910350353,0.11176343339095811,-0.3868427716681522,-0.018377967686351377,0.08907197450100557,-0.02124265087953014,-0.04802485595854437
0.12202934808225925,0.002782503392526081,-0.061608508148516906,0.04990880392074806,0.18624322177769334,-0.1607628189489823,0.1163257909621489,-0.37653847538494056,0.25046801413245756,-0.16853431560704593,0.17236644740895182,-0.009209562663932656,-0.2266087527446007,0.1958126182666496,0.19625606556284855,0.02780456918027302,-0.09730280647637346
-0.35397262043349875,0.013184967718815496,0.3786656610954498,-0.043088543797126885,0.1327333190319558,0.015768189835369484,-0.2302477993178238,-0.02698003054433882,-0.3595705728733822,-0.006901486496994888,0.010706745983200351,-0.17388164524975883,-0.24557576479204818,0.14355616552246317,-0.13508512409874518,-0.2522187012934837,-0.5744561267102488
-0.4717330640517327,0.038585532397984984,0.41628456001319325,0.3706588331852784,0.26549228414082165,0.33625669831764854,0.11632579096217688,-0.4727014926656779,0.20994663396586405,0.2952993572525178,0.2637883922216851,0.09048907821738347,-0.19176494765839738,0.00657917509571949,0.31785104540410214,0.1894266793129877,0.10014667986133807
0.31160061867017647,0.6600846374512317,0.2943352696219713,-0.11338254946199525,-0.265123321062366,-0.15692165309254316,-0.05696100417782002,0.10431304205865317,-0.17813911167447408,0.18191540593376407,-0.17669443835674872,0.04584081250931758,-0.16732224400274417,-0.10174455885278084,-0.44185671802494664,0.18631249837076871,0.08732784313428052
-0.002996557663030736,0.03693046205484966,0.0029635754461307126,0.14219054582510446,-0.4366802252367285,-0.23811623009152802,-0.23024779931779804,-0.17853474212302997,-0.07277479940524663,0.0036775597583483333,-0.03947764208876257,0.020335402161057205,-0.2691497128278614,0.3421499671198922,-0.30002809415263026,0.0122568674767912,-0.1284975972459708
0.21669365680682193,-0.4252967158309555,-0.43741158240642913,0.12217058106694825,0.4148464476347298,-0.25100108876452243,-0.5434385414416324,-0.1602775663032957,-0.31356936053562867,-0.25866360853168846,-0.05585383698451756,0.021367946360708295,-0.08438526464994181,-0.11041516120129355,-0.23840162181792032,-0.06253530710223265,0.09574901766419107
-0.4186959785191667,0.04702110593330277,0.32510262575012033,-0.2120981628183346,0.11348389237580676,0.023058596018650845,-0.3316140763448663,-0.3118322760347073,-0.14040690170768397,-0.11614260197481506,-0.12804975577064112,0.04614670051946703,-0.29064680399035137,0.4764367200808103,-0.012475247933767772,-0.00910642506040641,-0.07094166363867578
-0.04717222608162146,-0.07389641155812693,0.10638890764065405,-0.2288747943236679,0.23012213872177187,0.028629243857150957,-0.3316140763448646,-0.3118322760347073,-0.11886566499789199,-0.0503866997001223,-0.5817891019163965,0.0005311969637991711,-0.28388390005957576,-0.08377240799977252,-0.34636696341676937,-0.12483402344646553,-0.31815936367115105
0.20025468131646532,0.17549711760759112,-0.20798060716099037,0.14108868936342622,-0.04469828288998648,0.14389382634888984,0.11632579096215778,0.23761057700579688,-0.11238320913508569,0.17068561749379277,0.15891089997044056,0.46987409905945593,-0.026848850136940224,-0.1700489057534802,-0.06706584854605617,-0.16534117949546284,0.14039180091514578
-0.2260842448988422,-0.03692840251169908,0.13524972602231733,0.2626762176657002,0.020977566054351877,-0.11147795165583757,0.11632579096214724,-0.05816965424496714,-0.07089859746056949,-0.27347438702392585,0.0700890255361825,-0.05260744374735,0.04585864195921699,-0.5072091204325808,0.1297776171929505,-0.12247446572960519,-0.0935826477433754
-0.09800698209180914,-0.02245528117291796,0.40428910874820334,-0.35277541357110676,0.0989211158629055,0.008312506055400348,0.28961258610217055,-0.31183227713626577,0.02812242703247461,0.041903867937637986,0.29719384561039297,0.07890436085417218,-0.13153554770784054,0.6715007120885066,0.1507804079742098,-0.32565102188766054,-0.2858079559908334
-0.18104551672352887,0.140260964527927,0.09039988354115189,-0.045616647456990886,-0.08778422115538323,0.13366433879511155,0.11632579096218087,-0.5414961939698472,0.24596868387608362,0.04526909745212941,-0.08536655853160562,-0.40543283522803514,-0.5072770001126082,0.02093999922964035,-0.8054500425860106,-0.026711743504647348,-0.13187364376182456
-0.14463629424780394,0.27811219524823727,0.275013259968516,-0.020958184091618953,0.3581377795766125,-0.0068412983129477875,-0.23024779931779016,0.05099402766147013,0.22616447868694262,-0.07355613347717502,0.21169651885110596,0.0999071519503891,0.13346099209716047,0.1991778456041127,-0.26886030231809205,0.01289666680866688,0.0579489200394026
